801,801,801,801,801,801,801,801,801,801,801,801,801,801,801,801,801,801,801,801,801,801,801,801,801,801,801,801,801,801,801,801,801,801,801,801,801,801,801,801,801,801,801,801,801,801,801,801,801,801,801,801,801,801,801,801,801,801,801,801,801,801,801,801,801,801,801,801,801,801,801,801,801,801,801,801,801,801,801,801,801,801,801,801,801,801,801,801,801,801,801,801,801,801,801,801,801,801,801,801,801,801,801,801,801,801,801,801,801,801,801,801,801,801,801,801,801,801,801,801,801,801,801,801,801,801,801,801,801,801,801,801,801,801,801,801,801,801,801,801,801,801,801,801,801,801,801,801,801,801,801,801,801,801,801,801,801,801,801,801,801,801,801,801,801,801,801,801,801,801,801,801,801,801,801,801,801,801,801,801,801,801,801,801,801,801,801,801,801,801,801,801,801,801,801,801,801,801,801,801,801,801,801,801,801,801,801,801,801,801,801,801,801,801,801,801,801,801,801,801,801,801,801,801,801,801,801,801,801,801,801,801,801,801,801,801,801,801,801,801,801,801,801,801,801,801,801,801,801,801,801,801,801,801,801,801,801,801,801,801,801,801,801,801,801,801,801,801,801,801,801,801,801,801,801,801,801,801,801,801,801,801,801,801,801,801,801,801,801,801,801,801,801,801,801,801,801,801,801,801,801,801,801,801,801,801,801,801,801,801,801,801,801,801,801,801,801,801,801,801,801,801,801,801,801,801,801,801,801,801,801,801,801,801,801,801,801,801,801,801,801,801,801,801,801,801,801,801,801,801,801,801,801,801,801,801,801,801,801,801
801,801,801,801,801,801,801,801,801,801,801,801,801,801,801,801,801,801,801,801,801,801,801,801,801,801,801,801,801,801,801,801,801,801,801,801,801,801,801,801,801,801,801,801,801,801,801,801,801,801,801,801,801,801,801,801,801,801,801,801,801,801,801,801,801,801,801,801,801,801,801,801,801,801,801,801,801,801,801,801,801,801,801,801,801,801,801,801,801,801,801,801,801,801,801,801,801,801,801,801,801,801,801,801,801,801,801,801,801,801,801,801,801,801,801,801,801,801,801,801,801,801,801,801,801,801,801,801,801,801,801,801,801,801,801,801,801,801,801,801,801,801,801,801,801,801,801,801,801,801,801,801,801,801,801,801,801,801,801,801,801,801,801,801,801,801,801,801,801,801,801,801,801,801,801,801,801,801,801,801,801,801,801,801,801,801,801,801,801,801,801,801,801,801,801,801,801,801,801,801,801,801,801,801,801,801,801,801,801,801,801,801,801,801,801,801,801,801,801,801,801,801,801,801,801,801,801,801,801,801,801,801,801,801,801,801,801,801,801,801,801,801,801,801,801,801,801,801,801,801,801,801,801,801,801,801,801,801,801,801,801,801,801,801,801,801,801,801,801,801,801,801,801,801,801,801,801,801,801,801,801,801,801,801,801,801,801,801,801,801,801,801,801,801,801,801,801,801,801,801,801,801,801,801,801,801,801,801,801,801,801,801,801,801,801,801,801,801,801,801,801,801,801,801,801,801,801,801,801,801,801,801,801,801,801,801,801,801,801,801,801,801,801,801,801,801,801,801,801,801,801,801,801,801,801,801,801,801,801,801
801,801,801,801,801,801,801,801,801,801,801,801,801,801,801,801,801,801,801,801,801,801,801,801,801,801,801,801,801,801,801,801,801,801,801,801,801,801,801,801,801,801,801,801,801,801,801,801,801,801,801,801,801,801,801,801,801,801,801,801,801,801,801,801,801,801,801,801,801,801,801,801,801,801,801,801,801,801,801,801,801,801,801,801,801,801,801,801,801,801,801,801,801,801,801,801,801,801,801,801,801,801,801,801,801,801,801,801,801,801,801,801,801,801,801,801,801,801,801,801,801,801,801,801,801,801,801,801,801,801,801,801,801,801,801,801,801,801,801,801,801,801,801,801,801,801,801,801,801,801,801,801,801,801,801,801,801,801,801,801,801,801,801,801,801,801,801,801,801,801,801,801,801,801,801,801,801,801,801,801,801,801,801,801,801,801,801,801,801,801,801,801,801,801,801,801,801,801,801,801,801,801,801,801,801,801,801,801,801,801,801,801,801,801,801,801,801,801,801,801,801,801,801,801,801,801,801,801,801,801,801,801,801,801,801,801,801,801,801,801,801,801,801,801,801,801,801,801,801,801,801,801,801,801,801,801,801,801,801,801,801,801,801,801,801,801,801,801,801,801,801,801,801,801,801,801,801,801,801,801,801,801,801,801,801,801,801,801,801,801,801,801,801,801,801,801,801,801,801,801,801,801,801,801,801,801,801,801,801,801,801,801,801,801,801,801,801,801,801,801,801,801,801,801,801,801,801,801,801,801,801,801,801,801,801,801,801,801,801,801,801,801,801,801,801,801,801,801,801,801,801,801,801,801,801,801,801,801,801,801
919,919,919,919,919,919,919,919,919,919,919,919,919,919,919,919,919,919,919,919,919,919,919,919,919,919,919,919,919,919,919,919,919,919,919,919,919,919,919,919,919,919,919,919,919,919,919,919,919,801,801,801,801,801,801,801,801,801,801,801,801,801,801,801,801,801,801,801,801,801,801,801,801,801,801,801,801,801,801,801,801,801,801,801,801,801,801,801,801,801,801,801,801,801,801,801,801,801,801,801,801,801,801,801,801,801,801,801,801,801,801,801,801,801,801,801,801,801,801,801,801,801,801,801,801,801,801,801,801,801,801,801,801,801,801,801,801,801,801,801,801,801,801,801,801,801,801,801,801,801,801,801,801,801,801,801,801,801,801,801,801,801,801,801,801,801,801,801,801,801,801,801,801,801,801,801,801,801,801,801,801,801,801,801,801,801,801,801,801,801,801,801,801,801,801,801,801,801,801,801,801,801,801,801,801,801,801,801,801,801,801,801,801,801,801,801,801,801,801,801,801,801,801,801,801,801,801,801,801,801,801,801,801,801,801,801,801,801,801,801,801,801,801,801,801,801,801,801,801,801,801,801,801,801,801,801,801,801,801,801,801,801,801,801,801,801,801,801,801,801,801,801,801,801,801,801,801,801,801,801,801,801,801,801,801,801,801,801,801,801,801,801,801,801,801,801,801,801,801,801,801,801,801,801,801,801,801,801,801,801,801,801,801,801,801,801,801,801,801,801,801,801,801,801,801,801,801,801,801,801,801,801,801,801,801,801,801,801,801,801,801,801,801,801,801,801,801,801,801,801,801,801,801,801,801,801,919,919,919,919
919,919,919,919,919,919,919,919,919,919,919,919,919,919,919,919,919,919,919,919,919,919,919,919,919,919,919,919,919,919,919,919,919,919,919,919,919,919,919,919,919,919,919,919,919,919,919,919,919,919,919,919,919,919,919,919,919,919,919,919,919,919,919,919,919,919,919,919,801,801,801,801,801,801,801,801,801,801,801,801,801,801,801,801,801,801,801,801,801,801,801,801,801,801,801,801,801,801,801,801,801,801,801,801,801,801,801,801,801,801,801,801,801,801,801,801,801,801,801,801,801,801,801,801,801,801,801,801,801,801,801,801,801,801,801,801,801,801,801,801,801,801,801,801,801,801,801,801,801,801,801,801,801,801,801,801,801,801,801,801,801,801,801,801,801,801,801,801,801,801,801,801,801,801,801,801,801,801,801,801,801,801,801,801,801,801,801,801,801,801,801,801,801,801,801,801,801,801,801,801,801,801,801,801,801,801,801,801,801,801,801,801,801,801,801,801,801,801,801,801,801,801,801,801,801,801,801,801,801,801,801,801,801,801,801,801,801,801,801,801,801,801,801,801,801,801,801,801,801,801,801,801,801,801,801,801,801,801,801,801,801,801,801,801,801,801,801,801,801,801,801,801,801,801,801,801,801,801,801,801,801,801,801,801,801,801,801,801,801,801,801,801,801,801,801,801,801,801,801,801,801,801,801,801,801,801,801,801,801,801,801,801,801,801,801,801,801,801,801,801,801,801,801,801,801,801,801,801,801,801,801,801,801,801,801,801,801,919,919,919,919,919,919,919,919,919,919,919,919,919,919,919,919,919,919,919,919,919,919,919
919,919,919,919,919,919,919,919,919,919,919,919,919,919,919,919,919,919,919,919,919,919,919,919,919,919,919,919,919,919,919,919,919,919,919,919,919,919,919,919,919,919,919,919,919,919,919,919,919,919,919,919,919,919,919,919,919,919,919,919,919,919,919,919,919,919,919,919,919,919,919,919,919,919,919,919,919,919,919,919,919,919,919,919,919,919,919,919,919,919,801,801,801,801,801,801,801,801,801,801,801,801,801,801,801,801,801,801,801,801,801,801,801,801,801,801,801,801,801,801,801,801,801,801,801,801,801,801,801,801,801,801,801,801,801,801,801,801,801,801,801,801,801,801,801,801,801,801,801,801,801,801,801,802,802,802,802,802,802,802,802,802,802,802,802,802,802,802,802,802,802,802,802,802,802,802,802,802,802,802,802,802,802,802,802,802,802,802,802,802,802,802,801,801,801,801,801,801,801,801,801,801,801,801,801,801,801,801,801,801,801,801,801,801,801,801,801,801,801,801,801,801,801,801,801,801,801,801,801,801,801,801,801,801,801,801,801,801,801,801,801,801,801,801,801,801,801,801,801,801,801,801,801,801,801,801,801,801,801,801,801,801,801,801,801,801,801,801,801,801,801,801,801,801,801,801,801,801,801,801,801,801,801,801,801,801,801,801,801,801,801,801,801,801,801,801,801,801,801,801,801,801,801,801,801,801,801,801,801,801,801,801,801,801,801,801,801,801,801,801,801,801,801,801,801,801,801,919,919,919,919,919,919,919,919,919,919,919,919,919,919,919,919,919,919,919,919,919,919,919,919,919,919,919,919,919,919,919,919,919
919,919,919,919,919,919,919,919,919,919,919,919,919,919,919,919,919,919,919,919,919,919,919,919,919,919,919,919,919,919,919,919,919,919,919,919,919,919,919,919,919,919,919,919,919,919,919,919,919,919,919,919,919,919,919,919,919,919,919,919,919,919,919,919,919,919,919,919,919,919,919,919,919,919,919,919,919,919,919,919,919,919,919,919,919,919,919,919,919,919,919,919,919,919,919,919,919,919,919,919,919,801,801,801,801,801,801,801,801,801,801,801,801,801,801,801,801,801,801,801,801,801,801,801,801,801,801,801,801,801,801,801,801,801,801,801,801,801,801,801,801,801,801,802,802,802,802,802,802,802,802,802,802,802,802,802,802,802,802,802,802,802,802,802,802,802,802,802,802,802,802,802,802,802,802,802,802,802,802,802,802,802,802,802,802,802,802,802,802,802,802,802,802,802,802,802,802,802,802,802,802,802,802,802,802,802,802,802,801,801,801,801,801,801,801,801,801,801,801,801,801,801,801,801,801,801,801,801,801,801,801,801,801,801,801,801,801,801,801,801,801,801,801,801,801,801,801,801,801,801,801,801,801,801,801,801,801,801,801,801,801,801,801,801,801,801,801,801,801,801,801,801,801,801,801,801,801,801,801,801,801,801,801,801,801,801,801,801,801,801,801,801,801,801,801,801,801,801,801,801,801,801,801,801,801,801,801,801,801,801,801,801,801,801,801,801,801,801,801,801,801,919,919,919,919,919,919,919,919,919,919,919,919,919,919,919,919,919,919,919,919,919,919,919,919,919,919,919,919,919,919,919,919,919,919,919,919,919,919,919
919,919,919,919,919,919,919,919,919,919,919,919,919,919,919,919,919,919,919,919,919,919,919,919,919,919,919,919,919,919,919,919,919,919,919,919,919,919,919,919,919,919,919,919,919,919,919,919,919,919,919,919,919,919,919,919,919,919,919,919,919,919,919,919,919,919,919,919,919,919,919,919,919,919,919,919,919,919,919,919,919,919,919,919,919,919,919,919,919,919,919,919,919,919,919,919,919,919,919,919,919,919,919,919,919,919,919,919,801,801,801,801,801,801,801,801,801,801,801,801,801,801,801,801,801,801,801,801,801,801,801,801,801,801,801,801,801,801,801,802,802,802,802,802,802,802,802,802,802,802,802,802,802,802,802,802,802,802,802,802,802,802,802,802,802,802,802,802,802,802,802,802,802,802,802,802,802,802,802,802,802,802,802,802,802,802,802,802,802,802,802,802,802,802,802,802,802,802,802,802,802,802,802,802,802,802,802,802,802,802,802,802,802,802,802,802,802,802,801,801,801,801,801,801,801,801,801,801,801,801,801,801,801,801,801,801,801,801,801,801,801,801,801,801,801,801,801,801,801,801,801,801,801,801,801,801,801,801,801,801,801,801,801,801,801,801,801,801,801,801,801,801,801,801,801,801,801,801,801,801,801,801,801,801,801,801,801,801,801,801,801,801,801,801,801,801,801,801,801,801,801,801,801,801,801,801,801,801,801,801,801,801,801,801,801,801,919,919,919,919,919,919,919,919,919,919,919,919,919,919,919,919,919,919,919,919,919,919,919,919,919,919,919,919,919,919,919,919,919,919,919,919,919,919,919,919,919,919,919,919
919,919,919,919,919,919,919,919,919,919,919,919,919,919,919,919,919,919,919,919,919,919,919,919,919,919,919,919,919,919,919,919,919,919,919,919,919,919,919,919,919,919,919,919,919,919,919,919,919,919,919,919,919,919,919,919,919,919,919,919,919,919,919,919,919,919,919,919,919,919,919,919,919,919,919,919,919,919,919,919,919,919,919,919,919,919,919,919,919,919,919,919,919,919,919,919,919,919,919,919,919,919,919,919,919,919,919,919,919,919,919,919,919,919,919,801,801,801,801,801,801,801,801,801,801,801,801,801,801,801,801,801,801,801,801,802,802,802,802,802,802,802,802,802,802,802,802,802,802,802,802,802,802,802,802,802,802,802,802,802,802,802,802,802,802,802,802,802,802,802,802,802,802,802,802,802,802,802,802,802,802,802,802,802,802,802,802,802,802,802,802,802,802,802,802,802,802,802,802,802,802,802,802,802,802,802,802,802,802,802,802,802,802,802,802,802,802,802,802,802,802,802,802,802,802,802,802,802,802,802,802,802,802,802,802,802,802,802,802,802,802,802,801,801,801,801,801,801,801,801,801,801,801,801,801,801,801,801,801,801,801,801,801,801,801,801,801,801,801,801,801,801,801,801,801,801,801,801,801,801,801,801,801,801,801,801,801,801,801,801,801,801,801,801,801,801,801,801,801,801,801,801,801,801,801,801,801,801,801,801,801,919,919,919,919,919,919,919,919,919,919,919,919,919,919,919,919,919,919,919,919,919,919,919,919,919,919,919,919,919,919,919,919,919,919,919,919,919,919,919,919,919,919,919,919,919,919,919,919,919
919,919,919,919,919,919,919,919,919,919,919,919,919,919,919,919,919,919,919,919,919,919,919,919,919,919,919,919,919,919,919,919,919,919,919,919,919,919,919,919,919,919,919,919,919,919,919,919,919,919,919,919,919,919,919,919,919,919,919,919,919,919,919,919,919,919,919,919,919,919,919,919,919,919,919,919,919,919,919,919,919,919,919,919,919,919,919,919,919,919,919,919,919,919,919,919,919,919,919,919,919,919,919,919,919,919,919,919,919,919,919,919,919,919,919,919,919,919,919,801,801,801,801,801,801,801,801,801,801,801,801,801,801,801,802,802,802,802,802,802,802,802,802,802,802,802,802,802,802,802,802,802,802,802,802,802,802,802,802,802,802,802,802,802,802,802,802,802,802,802,802,802,802,802,802,802,802,802,802,802,802,802,802,802,802,802,802,802,802,802,802,802,802,802,802,802,802,802,802,802,802,802,802,802,802,802,802,802,802,802,802,802,802,802,802,802,802,802,802,802,802,802,802,802,802,802,802,802,802,802,802,802,802,802,802,802,802,802,802,802,802,802,802,802,802,802,802,802,802,802,802,802,801,801,801,801,801,801,801,801,801,801,801,801,801,801,801,801,801,801,801,801,801,801,801,801,801,801,801,801,801,801,801,801,801,801,801,801,801,801,801,801,801,801,801,801,801,801,801,801,801,801,801,801,801,801,801,801,919,919,919,919,919,919,919,919,919,919,919,919,919,919,919,919,919,919,919,919,919,919,919,919,919,919,919,919,919,919,919,919,919,919,919,919,919,919,919,919,919,919,919,919,919,919,919,919,919,919,919,919
919,919,919,919,919,919,919,919,919,919,919,919,919,919,919,919,919,919,919,919,919,919,919,919,919,919,919,919,919,919,919,919,919,919,919,919,919,919,919,919,919,919,919,919,919,919,919,919,919,919,919,919,919,919,919,919,919,919,919,919,919,919,919,919,919,919,919,919,919,919,919,919,919,919,919,919,919,919,919,919,919,919,919,919,919,919,919,919,919,919,919,919,919,919,919,919,919,919,919,919,919,919,919,919,919,919,919,919,919,919,919,919,919,919,919,919,919,919,919,919,919,919,919,801,801,801,801,801,801,801,801,801,801,802,802,802,802,802,802,802,802,802,802,802,802,802,802,802,802,802,802,802,802,802,802,802,802,802,802,802,802,802,802,802,802,802,802,802,802,802,802,802,802,802,802,802,802,802,802,802,802,802,802,802,802,802,802,802,802,802,802,802,802,802,802,802,802,802,802,802,802,802,802,802,802,802,802,802,802,802,802,802,802,802,802,802,802,802,802,802,802,802,802,802,802,802,802,802,802,802,802,802,802,802,802,802,802,802,802,802,802,802,802,802,802,802,802,802,802,802,802,802,802,802,802,802,802,802,802,801,801,801,801,801,801,801,801,801,801,801,801,801,801,801,801,801,801,801,801,801,801,801,801,801,801,801,801,801,801,801,801,801,801,801,801,801,801,801,801,801,801,801,801,801,801,801,801,919,919,919,919,919,919,919,919,919,919,919,919,919,919,919,919,919,919,919,919,919,919,919,919,919,919,919,919,919,919,919,919,919,919,919,919,919,919,919,919,919,919,919,919,919,919,919,919,919,919,919,919,919
919,919,919,919,919,919,919,919,919,919,919,919,919,919,919,919,919,919,919,919,919,919,919,919,919,919,919,919,919,919,919,919,919,919,919,919,919,919,919,919,919,919,919,919,919,919,919,919,919,919,919,919,919,919,919,919,919,919,919,919,919,919,919,919,919,919,919,919,919,919,919,919,919,919,919,919,919,919,919,919,919,919,919,919,919,919,919,919,919,919,919,919,919,919,919,919,919,919,919,919,919,919,919,919,919,919,919,919,919,919,919,919,919,919,919,919,919,919,919,919,919,919,919,919,919,919,801,801,801,801,801,801,802,802,802,802,802,802,802,802,802,802,802,802,802,802,802,802,802,802,802,802,802,802,802,802,802,802,802,802,802,802,802,802,802,802,802,802,802,802,802,802,802,802,802,802,802,802,802,802,802,802,802,802,802,802,802,802,802,802,802,802,802,802,802,802,802,802,802,802,802,802,802,802,802,802,802,802,802,802,802,802,802,802,802,802,802,802,802,802,802,802,802,802,802,802,802,802,802,802,802,802,802,802,802,802,802,802,802,802,802,802,802,802,802,802,802,802,802,802,802,802,802,802,802,802,802,802,802,802,802,802,802,801,801,801,801,801,801,801,801,801,801,801,801,801,801,801,801,801,801,801,801,801,801,801,801,801,801,801,801,801,801,801,801,801,801,801,801,801,801,801,801,801,801,801,801,801,801,801,919,919,919,919,919,919,919,919,919,919,919,919,919,919,919,919,919,919,919,919,919,919,919,919,919,919,919,919,919,919,919,919,919,919,919,919,919,919,919,919,919,919,919,919,919,919,919,919,919,919
919,919,919,919,919,919,919,919,919,919,919,919,919,919,919,919,919,919,919,919,919,919,919,919,919,919,919,919,919,919,919,919,919,919,919,919,919,919,919,919,919,919,919,919,919,919,919,919,919,919,919,919,919,919,919,919,919,919,919,919,919,919,919,919,919,919,919,919,919,919,919,919,919,919,919,919,919,919,919,919,919,919,919,919,919,919,919,919,919,919,919,919,919,919,919,919,919,919,919,919,919,919,919,919,919,919,919,919,919,919,919,919,919,919,919,919,919,919,919,919,919,919,919,919,919,919,919,919,801,801,801,802,802,802,802,802,802,802,802,802,802,802,802,802,802,802,802,802,802,802,802,802,802,802,802,802,802,802,802,802,802,802,802,802,802,802,802,802,802,802,802,802,802,802,802,802,802,802,802,802,802,802,802,802,802,802,802,802,802,802,802,802,802,802,802,802,802,802,802,802,802,802,802,802,802,802,802,802,802,802,802,802,802,802,802,802,802,802,802,802,802,802,802,802,802,802,802,802,802,802,802,802,802,802,802,802,802,802,802,802,802,802,802,802,802,802,802,802,802,802,802,802,802,802,802,802,802,802,802,802,802,802,802,802,802,802,801,801,801,801,801,801,801,801,801,801,801,801,801,801,801,801,801,801,801,801,801,801,801,801,801,801,801,801,801,801,801,801,801,801,801,801,801,801,801,801,801,801,801,801,801,801,919,919,919,919,919,919,919,919,919,919,919,919,919,919,919,919,919,919,919,919,919,919,919,919,919,919,919,919,919,919,919,919,919,919,919,919,919,919,919,919,919,919,919,919,919,919,919,919
919,919,919,919,919,919,919,919,919,919,919,919,919,919,919,919,919,919,919,919,919,919,919,919,919,919,919,919,919,919,919,919,919,919,919,919,919,919,919,919,919,919,919,919,919,919,919,919,919,919,919,919,919,919,919,919,919,919,919,919,919,919,919,919,919,919,919,919,919,919,919,919,919,919,919,919,919,919,919,919,919,919,919,919,919,919,919,919,919,919,919,919,919,919,919,919,919,919,919,919,919,919,919,919,919,919,919,919,919,919,919,919,919,919,919,919,919,919,919,919,919,919,919,919,919,919,919,919,919,919,919,802,802,802,802,802,802,802,802,802,802,802,802,802,802,802,802,802,802,802,802,802,802,802,802,802,802,802,802,802,802,802,802,802,802,802,802,802,802,802,802,802,802,802,802,802,802,802,802,802,802,802,802,802,802,802,802,802,802,802,802,802,802,802,802,802,802,802,802,802,802,802,802,802,802,802,802,802,802,802,802,802,802,802,802,802,802,802,802,802,802,802,802,802,802,802,802,802,802,802,802,802,802,802,802,802,802,802,802,802,802,802,802,802,802,802,802,802,802,802,802,802,802,802,802,802,802,802,802,802,802,802,802,802,802,802,802,802,801,801,801,801,801,801,801,801,801,801,801,801,801,801,801,801,801,801,801,801,801,801,801,801,801,801,801,801,801,801,801,801,801,801,801,801,801,801,801,801,801,801,801,801,801,919,919,919,919,919,919,919,919,919,919,919,919,919,919,919,919,919,919,919,919,919,919,919,919,919,919,919,919,919,919,919,919,919,919,919,919,919,919,919,919,919,919,919,919,919,919,919
919,919,919,919,919,919,919,919,919,919,919,919,919,919,919,919,919,919,919,919,919,919,919,919,919,919,919,919,919,919,919,919,919,919,919,919,919,919,919,919,919,919,919,919,919,919,919,919,919,919,919,919,919,919,919,919,919,919,919,919,919,919,919,919,919,919,919,919,919,919,919,919,919,919,919,919,919,919,919,919,919,919,919,919,919,919,919,919,919,919,919,919,919,919,919,919,919,919,919,919,919,919,919,919,919,919,919,919,919,919,919,919,919,919,919,919,919,919,919,919,919,919,919,919,919,919,919,919,919,919,919,919,802,802,802,802,802,802,802,802,802,802,802,802,802,802,802,802,802,802,802,802,802,802,802,802,802,802,802,802,802,802,802,802,802,802,802,802,802,802,802,802,802,802,802,802,802,802,802,802,802,802,802,802,802,802,802,802,802,802,802,802,802,802,802,802,802,802,802,802,802,802,802,802,802,802,802,802,802,802,802,802,802,802,802,802,802,802,802,802,802,802,802,802,802,802,802,802,802,802,802,802,802,802,802,802,802,802,802,802,802,802,802,802,802,802,802,802,802,802,802,802,802,802,802,802,802,802,802,802,802,802,802,802,802,802,802,802,802,802,801,801,801,801,801,801,801,801,801,801,801,801,801,801,801,801,801,801,801,801,801,801,801,801,801,801,801,801,801,801,801,801,801,801,801,801,801,801,801,801,801,801,801,801,801,801,801,801,801,801,919,919,919,919,919,919,919,919,919,919,919,919,919,919,919,919,919,919,919,919,919,919,919,919,919,919,919,919,919,919,919,919,919,919,919,919,919,919,919,919
919,919,919,919,919,919,919,919,919,919,919,919,919,919,919,919,919,919,919,919,919,919,919,919,919,919,919,919,919,919,919,919,919,919,919,919,919,919,919,919,919,919,919,919,919,919,919,919,919,919,919,919,919,919,919,919,919,919,919,919,919,919,919,919,919,919,919,919,919,919,919,919,919,919,919,919,919,919,919,919,919,919,919,919,919,919,919,919,919,919,919,919,919,919,919,919,919,919,919,919,919,919,919,919,919,919,919,919,919,919,919,919,919,919,919,919,919,919,919,919,919,919,919,919,919,919,919,919,919,919,919,919,919,919,802,802,802,802,802,802,802,802,802,802,802,802,802,802,802,802,802,802,802,802,802,802,802,802,802,802,802,802,802,802,802,802,802,802,802,802,802,802,802,802,802,802,802,802,802,802,802,802,802,802,802,802,802,802,802,802,802,802,802,802,802,802,802,802,802,802,802,802,802,802,802,802,802,802,802,802,802,802,802,802,802,802,802,802,802,802,802,802,802,802,802,802,802,802,802,802,802,802,802,802,802,802,802,802,802,802,802,802,802,802,802,802,802,802,802,802,802,802,802,802,802,802,802,802,802,802,802,802,802,802,802,802,802,802,802,802,801,801,801,801,801,801,801,801,801,801,801,801,801,801,801,801,801,801,801,801,801,801,801,801,801,801,801,801,801,801,801,801,801,801,801,801,801,801,801,801,801,801,801,801,801,801,801,801,801,801,801,801,801,801,801,919,919,919,919,919,919,919,919,919,919,919,919,919,919,919,919,919,919,919,919,919,919,919,919,919,919,919,919,919,919,919,919,919,919,919
919,919,919,919,919,919,919,919,919,919,919,919,919,919,919,919,919,919,919,919,919,919,919,919,919,919,919,919,919,919,919,919,919,919,919,919,919,919,919,919,919,919,919,919,919,919,919,919,919,919,919,919,919,919,919,919,919,919,919,919,919,919,919,919,919,919,919,919,919,919,919,919,919,919,919,919,919,919,919,919,919,919,919,919,919,919,919,919,919,919,919,919,919,919,919,919,919,919,919,919,919,919,919,919,919,919,919,919,919,919,919,919,919,919,919,919,919,919,919,919,919,919,919,919,919,919,919,919,919,919,919,919,919,919,919,802,802,802,802,802,802,802,802,802,802,802,802,802,802,802,802,802,802,802,802,802,802,802,802,802,802,802,802,802,802,802,802,802,802,802,802,802,802,802,802,802,802,802,802,802,802,802,802,802,802,802,802,802,802,802,802,802,802,802,802,802,802,802,802,802,802,802,802,802,802,802,802,802,802,802,802,802,802,802,802,802,802,802,802,802,802,802,802,802,802,802,802,802,802,802,802,802,802,802,802,802,802,802,802,802,802,802,802,802,802,802,802,802,802,802,802,802,802,802,802,802,802,802,802,802,802,802,802,802,802,802,802,802,802,802,802,801,801,801,801,801,801,801,801,801,801,801,801,801,801,801,801,801,801,801,801,801,801,801,801,801,801,801,801,801,801,801,801,801,801,801,801,801,801,801,801,801,801,801,801,801,801,801,801,801,801,801,801,801,801,801,801,801,919,919,919,919,919,919,919,919,919,919,919,919,919,919,919,919,919,919,919,919,919,919,919,919,919,919,919,919,919,919,919,919
919,919,919,919,919,919,919,919,919,919,919,919,919,919,919,919,919,919,919,919,919,919,919,919,919,919,919,919,919,919,919,919,919,919,919,919,919,919,919,919,919,919,919,919,919,919,919,919,919,919,919,919,919,919,919,919,919,919,919,919,919,919,919,919,919,919,919,919,919,919,919,919,919,919,919,919,919,919,919,919,919,919,919,919,919,919,919,919,919,919,919,919,919,919,919,919,919,919,919,919,919,919,919,919,919,919,919,919,919,919,919,919,919,919,919,919,919,919,919,919,919,919,919,919,919,919,919,919,919,919,919,919,919,919,919,919,802,802,802,802,802,802,802,802,802,802,802,802,802,802,802,802,802,802,802,802,802,802,802,802,802,802,802,802,802,802,802,802,802,802,802,802,802,802,802,802,802,802,802,802,802,802,802,802,802,802,802,802,802,802,802,802,802,802,802,802,802,802,802,802,802,802,802,802,802,802,802,802,802,802,802,802,802,802,802,802,802,802,802,802,802,802,802,802,802,802,802,802,802,802,802,802,802,802,802,802,802,802,802,802,802,802,802,802,802,802,802,802,802,802,802,802,802,802,802,802,802,802,802,802,802,802,802,802,802,802,802,802,802,802,802,801,801,801,801,801,801,801,801,801,801,801,801,801,801,801,801,801,801,801,801,801,801,801,801,801,801,801,801,801,801,801,801,801,801,801,801,801,801,801,801,801,801,801,801,801,801,801,801,801,801,801,801,801,801,801,801,801,801,801,919,919,919,919,919,919,919,919,919,919,919,919,919,919,919,919,919,919,919,919,919,919,919,919,919,919,919,919,919,919
919,919,919,919,919,919,919,919,919,919,919,919,919,919,919,919,919,919,919,919,919,919,919,919,919,919,919,919,919,919,919,919,919,919,919,919,919,919,919,919,919,919,919,919,919,919,919,919,919,919,919,919,919,919,919,919,919,919,919,919,919,919,919,919,919,919,919,919,919,919,919,919,919,919,919,919,919,919,919,919,919,919,919,919,919,919,919,919,919,919,919,919,919,919,919,919,919,919,919,919,919,919,919,919,919,919,919,919,919,919,919,919,919,919,919,919,919,919,919,919,919,919,919,919,919,919,919,919,919,919,919,919,919,919,919,919,919,802,802,802,802,802,802,802,802,802,802,802,802,802,802,802,802,802,802,802,802,802,802,802,802,802,802,802,802,802,802,802,802,802,802,802,802,802,802,802,802,802,802,802,802,802,802,802,802,802,802,802,802,802,802,802,802,802,802,802,802,802,802,802,802,802,802,802,802,802,802,802,802,802,802,802,802,802,802,802,802,802,802,802,802,802,802,802,802,802,802,802,802,802,802,802,802,802,802,802,802,802,802,802,802,802,802,802,802,802,802,802,802,802,802,802,802,802,802,802,802,802,802,802,802,802,802,802,802,802,802,802,802,802,802,801,801,801,801,801,801,801,801,801,801,801,801,801,801,801,801,801,801,801,801,801,801,801,801,801,801,801,801,801,801,801,801,801,801,801,801,801,801,801,801,801,801,801,801,801,801,801,801,801,801,801,801,801,801,801,801,801,801,801,801,919,919,919,919,919,919,919,919,919,919,919,919,919,919,919,919,919,919,919,919,919,919,919,919,919,919,919,919,919
919,919,919,919,919,919,919,919,919,919,919,919,919,919,919,919,919,919,919,919,919,919,919,919,919,919,919,919,919,919,919,919,919,919,919,919,919,919,919,919,919,919,919,919,919,919,919,919,919,919,919,919,919,919,919,919,919,919,919,919,919,919,919,919,919,919,919,919,919,919,919,919,919,919,919,919,919,919,919,919,919,919,919,919,919,919,919,919,919,919,919,919,919,919,919,919,919,919,919,919,919,919,919,919,919,919,919,919,919,919,919,919,919,919,919,919,919,919,919,919,919,919,919,919,919,919,919,919,919,919,919,919,919,919,919,919,919,919,802,802,802,802,802,802,802,802,802,802,802,802,802,802,802,802,802,802,802,802,802,802,802,802,802,802,802,802,802,802,802,802,802,802,802,802,802,802,802,802,802,802,802,802,802,802,802,802,802,802,802,802,802,802,802,802,802,802,802,802,802,802,802,802,802,802,802,802,802,802,802,802,802,802,802,802,802,802,802,802,802,802,802,802,802,802,802,802,802,802,802,802,802,802,802,802,802,802,802,802,802,802,802,802,802,802,802,802,802,802,802,802,802,802,802,802,802,802,802,802,802,802,802,802,802,802,802,802,802,802,802,802,802,801,801,801,801,801,801,801,801,801,801,801,801,801,801,801,801,801,801,801,801,801,801,801,801,801,801,801,801,801,801,801,801,801,801,801,801,801,801,801,801,801,801,801,801,801,801,801,801,801,801,801,801,801,801,801,801,801,801,801,801,919,919,919,919,919,919,919,919,919,919,919,919,919,919,919,919,919,919,919,919,919,919,919,919,919,919,919,919,919
919,919,919,919,919,919,919,919,919,919,919,919,919,919,919,919,919,919,919,919,919,919,919,919,919,919,919,919,919,919,919,919,919,919,919,919,919,919,919,919,919,919,919,919,919,919,919,919,919,919,919,919,919,919,919,919,919,919,919,919,919,919,919,919,919,919,919,919,919,919,919,919,919,919,919,919,919,919,919,919,919,919,919,919,919,919,919,919,919,919,919,919,919,919,919,919,919,919,919,919,919,919,919,919,919,919,919,919,919,919,919,919,919,919,919,919,919,919,919,919,919,919,919,919,919,919,919,919,919,919,919,919,919,919,919,919,919,919,919,919,802,802,802,802,802,802,802,802,802,802,802,802,802,802,802,802,802,802,802,802,802,802,802,802,802,802,802,802,802,802,802,802,802,802,802,802,802,802,802,802,802,802,802,802,802,802,802,802,802,802,802,802,802,802,802,802,802,802,802,802,802,802,802,802,802,802,802,802,802,802,802,802,802,802,802,802,802,802,802,802,802,802,802,802,802,802,802,802,802,802,802,802,802,802,802,802,802,802,802,802,802,802,802,802,802,802,802,802,802,802,802,802,802,802,802,802,802,802,802,802,802,802,802,802,802,802,802,802,802,802,802,801,801,801,801,801,801,801,801,801,801,801,801,801,801,801,801,801,801,801,801,801,801,801,801,801,801,801,801,801,801,801,801,801,801,801,801,801,801,801,801,801,801,801,801,801,801,801,801,801,801,801,801,801,801,801,801,801,801,801,801,919,919,919,919,919,919,919,919,919,919,919,919,919,919,919,919,919,919,919,919,919,919,919,919,919,919,919,919,919
919,919,919,919,919,919,919,919,919,919,919,919,919,919,919,919,919,919,919,919,919,919,919,919,919,919,919,919,919,919,919,919,919,919,919,919,919,919,919,919,919,919,919,919,919,919,919,919,919,919,919,919,919,919,919,919,919,919,919,919,919,919,919,919,919,919,919,919,919,919,919,919,919,919,919,919,919,919,919,919,919,919,919,919,919,919,919,919,919,919,919,919,919,919,919,919,919,919,919,919,919,919,919,919,919,919,919,919,919,919,919,919,919,919,919,919,919,919,919,919,919,919,919,919,919,919,919,919,919,919,919,919,919,919,919,919,919,919,919,919,919,802,802,802,802,802,802,802,802,802,802,802,802,802,802,802,802,802,802,802,802,802,802,802,802,802,802,802,802,802,802,802,802,802,802,802,802,802,802,802,802,802,802,802,802,802,802,802,802,802,802,802,802,802,802,802,802,802,802,802,802,802,802,802,802,802,802,802,802,802,802,802,802,802,802,802,802,802,802,802,802,802,802,802,802,802,802,802,802,802,802,802,802,802,802,802,802,802,802,802,802,802,802,802,802,802,802,802,802,802,802,802,802,802,802,802,802,802,802,802,802,802,802,802,802,802,802,802,802,802,802,801,801,801,801,801,801,801,801,801,801,801,801,801,801,801,801,801,801,801,801,801,801,801,801,801,801,801,801,801,801,801,801,801,801,801,801,801,801,801,801,801,801,801,801,801,801,801,801,801,801,801,801,801,801,801,801,801,801,801,801,919,919,919,919,919,919,919,919,919,919,919,919,919,919,919,919,919,919,919,919,919,919,919,919,919,919,919,919,919
919,919,919,919,919,919,919,919,919,919,919,919,919,919,919,919,919,919,919,919,919,919,919,919,919,919,919,919,919,919,919,919,919,919,919,919,919,919,919,919,919,919,919,919,919,919,919,919,919,919,919,919,919,919,919,919,919,919,919,919,919,919,919,919,919,919,919,919,919,919,919,919,919,919,919,919,919,919,919,919,919,919,919,919,919,919,919,919,919,919,919,919,919,919,919,919,919,919,919,919,919,919,919,919,919,919,919,919,919,919,919,919,919,919,919,919,919,919,919,919,919,919,919,919,919,919,919,919,919,919,919,919,919,919,919,919,919,919,919,919,919,919,919,802,802,802,802,802,802,802,802,802,802,802,802,802,802,802,802,802,802,802,802,802,802,802,802,802,802,802,802,802,802,802,802,802,802,802,802,802,802,802,802,802,802,802,802,802,802,802,802,802,802,802,802,802,802,802,802,802,802,802,802,802,802,802,802,802,802,802,802,802,802,802,802,802,802,802,802,802,802,802,802,802,802,802,802,802,802,802,802,802,802,802,802,802,802,802,802,802,802,802,802,802,802,802,802,802,802,802,802,802,802,802,802,802,802,802,802,802,802,802,802,802,802,802,802,802,802,802,802,801,801,801,801,801,801,801,801,801,801,801,801,801,801,801,801,801,801,801,801,801,801,801,801,801,801,801,801,801,801,801,801,801,801,801,801,801,801,801,801,801,801,801,801,801,801,801,801,801,801,801,801,801,801,801,801,801,801,801,801,919,919,919,919,919,919,919,919,919,919,919,919,919,919,919,919,919,919,919,919,919,919,919,919,919,919,919,919,919
919,919,919,919,919,919,919,919,919,919,919,919,919,919,919,919,919,919,919,919,919,919,919,919,919,919,919,919,919,919,919,919,919,919,919,919,919,919,919,919,919,919,919,919,919,919,919,919,919,919,919,919,919,919,919,919,919,919,919,919,919,919,919,919,919,919,919,919,919,919,919,919,919,919,919,919,919,919,919,919,919,919,919,919,919,919,919,919,919,919,919,919,919,919,919,919,919,919,919,919,919,919,919,919,919,919,919,919,919,919,919,919,919,919,919,919,919,919,919,919,919,919,919,919,919,919,919,919,919,919,919,919,919,919,919,919,919,919,919,919,919,919,919,919,802,802,802,802,802,802,802,802,802,802,802,802,802,802,802,802,802,802,802,802,802,802,802,802,802,802,802,802,802,802,802,802,802,802,802,802,802,802,802,802,802,802,802,802,802,802,802,802,802,802,802,802,802,802,802,802,802,802,802,802,802,802,802,802,802,802,802,802,802,802,802,802,802,802,802,802,802,802,802,802,802,802,802,802,802,802,802,802,802,802,802,802,802,802,802,802,802,802,802,802,802,802,802,802,802,802,802,802,802,802,802,802,802,802,802,802,802,802,802,802,802,802,802,802,802,802,801,801,801,801,801,801,801,801,801,801,801,801,801,801,801,801,801,801,801,801,801,801,801,801,801,801,801,801,801,801,801,801,801,801,801,801,801,801,801,801,801,801,801,801,801,801,801,801,801,801,801,801,801,801,801,801,801,801,801,801,801,919,919,919,919,919,919,919,919,919,919,919,919,919,919,919,919,919,919,919,919,919,919,919,919,919,919,919,919,919
919,919,919,919,919,919,919,919,919,919,919,919,919,919,919,919,919,919,919,919,919,919,919,919,919,919,919,919,919,919,919,919,919,919,919,919,919,919,919,919,919,919,919,919,919,919,919,919,919,919,919,919,919,919,919,919,919,919,919,919,919,919,919,919,919,919,919,919,919,919,919,919,919,919,919,919,919,919,919,919,919,919,919,919,919,919,919,919,919,919,919,919,919,919,919,919,919,919,919,919,919,919,919,919,919,919,919,919,919,919,919,919,919,919,919,919,919,919,919,919,919,919,919,919,919,919,919,919,919,919,919,919,919,919,919,919,919,919,919,919,919,919,919,919,919,802,802,802,802,802,802,802,802,802,802,802,802,802,802,802,802,802,802,802,802,802,802,802,802,802,802,802,802,802,802,802,802,802,802,802,802,802,802,802,802,802,802,802,802,802,802,802,802,802,802,802,802,802,802,802,802,802,802,802,802,802,802,802,802,802,802,802,802,802,802,802,802,802,802,802,802,802,802,802,802,802,802,802,802,802,802,802,802,802,802,802,802,802,802,802,802,802,802,802,802,802,802,802,802,802,802,802,802,802,802,802,802,802,802,802,802,802,802,802,802,802,802,802,801,801,801,801,801,801,801,801,801,801,801,801,801,801,801,801,801,801,801,801,801,801,801,801,801,801,801,801,801,801,801,801,801,801,801,801,801,801,801,801,801,801,801,801,801,801,801,801,801,801,801,801,801,801,801,801,801,801,801,801,801,801,801,919,919,919,919,919,919,919,919,919,919,919,919,919,919,919,919,919,919,919,919,919,919,919,919,919,919,919,919,919
919,919,919,919,919,919,919,919,919,919,919,919,919,919,919,919,919,919,919,919,919,919,919,919,919,919,919,919,919,919,919,919,919,919,919,919,919,919,919,919,919,919,919,919,919,919,919,919,919,919,919,919,919,919,919,919,919,919,919,919,919,919,919,919,919,919,919,919,919,919,919,919,919,919,919,919,919,919,919,919,919,919,919,919,919,919,919,919,919,919,919,919,919,919,919,919,919,919,919,919,919,919,919,919,919,919,919,919,919,919,919,919,919,919,919,919,919,919,919,919,919,919,919,919,919,919,919,919,919,919,919,919,919,919,919,919,919,919,919,919,919,919,919,919,919,919,919,802,802,802,802,802,802,802,802,802,802,802,802,802,802,802,802,802,802,802,802,802,802,802,802,802,802,802,802,802,802,802,802,802,802,802,802,802,802,802,802,802,802,802,802,802,802,802,802,802,802,802,802,802,802,802,802,802,802,802,802,802,802,802,802,802,802,802,802,802,802,802,802,802,802,802,802,802,802,802,802,802,802,802,802,802,802,802,802,802,802,802,802,802,802,802,802,802,802,802,802,802,802,802,802,802,802,802,802,802,802,802,802,802,802,802,802,802,802,802,802,801,801,801,801,801,801,801,801,801,801,801,801,801,801,801,801,801,801,801,801,801,801,801,801,801,801,801,801,801,801,801,801,801,801,801,801,801,801,801,801,801,801,801,801,801,801,801,801,801,801,801,801,801,801,801,801,801,801,801,801,801,801,801,801,919,919,919,919,919,919,919,919,919,919,919,919,919,919,919,919,919,919,919,919,919,919,919,919,919,919,919,919,919
919,919,919,919,919,919,919,919,919,919,919,919,919,919,919,919,919,919,919,919,919,919,919,919,919,919,919,919,919,919,919,919,919,919,919,919,919,919,919,919,919,919,919,919,919,919,919,919,919,919,919,919,919,919,919,919,919,919,919,919,919,919,919,919,919,919,919,919,919,919,919,919,919,919,919,919,919,919,919,919,919,919,919,919,919,919,919,919,919,919,919,919,919,919,919,919,919,919,919,919,919,919,919,919,919,919,919,919,919,919,919,919,919,919,919,919,919,919,919,919,919,919,919,919,919,919,919,919,919,919,919,919,919,919,919,919,919,919,919,919,919,919,919,919,919,919,919,919,802,802,802,802,802,802,802,802,802,802,802,802,802,802,802,802,802,802,802,802,802,802,802,802,802,802,802,802,802,802,802,802,802,802,802,802,802,802,802,802,802,802,802,802,802,802,802,802,802,802,802,802,802,802,802,802,802,802,802,802,802,802,802,802,802,802,802,802,802,802,802,802,802,802,802,802,802,802,802,802,802,802,802,802,802,802,802,802,802,802,802,802,802,802,802,802,802,802,802,802,802,802,802,802,802,802,802,802,802,802,802,802,802,802,802,802,802,802,801,801,801,801,801,801,801,801,801,801,801,801,801,801,801,801,801,801,801,801,801,801,801,801,801,801,801,801,801,801,801,801,801,801,801,801,801,801,801,801,801,801,801,801,801,801,801,801,801,801,801,801,801,801,801,801,801,801,801,801,801,801,801,801,801,919,919,919,919,919,919,919,919,919,919,919,919,919,919,919,919,919,919,919,919,919,919,919,919,919,919,919,919,919
919,919,919,919,919,919,919,919,919,919,919,919,919,919,919,919,919,919,919,919,919,919,919,919,919,919,919,919,919,919,919,919,919,919,919,919,919,919,919,919,919,919,919,919,919,919,919,919,919,919,919,919,919,919,919,919,919,919,919,919,919,919,919,919,919,919,919,919,919,919,919,919,919,919,919,919,919,919,919,919,919,919,919,919,919,919,919,919,919,919,919,919,919,919,919,919,919,919,919,919,919,919,919,919,919,919,919,919,919,919,919,919,919,919,919,919,919,919,919,919,919,919,919,919,919,919,919,919,919,919,919,919,919,919,919,919,919,919,919,919,919,919,919,919,919,919,919,919,802,802,802,802,802,802,802,802,802,802,802,802,802,802,802,802,802,802,802,802,802,802,802,802,802,802,802,802,802,802,802,802,802,802,802,802,802,802,802,802,802,802,802,802,802,802,802,802,802,802,802,802,802,802,802,802,802,802,802,802,802,802,802,802,802,802,802,802,802,802,802,802,802,802,802,802,802,802,802,802,802,802,802,802,802,802,802,802,802,802,802,802,802,802,802,802,802,802,802,802,802,802,802,802,802,802,802,802,802,802,802,802,802,802,802,802,802,802,801,801,801,801,801,801,801,801,801,801,801,801,801,801,801,801,801,801,801,801,801,801,801,801,801,801,801,801,801,801,801,801,801,801,801,801,801,801,801,801,801,801,801,801,801,801,801,801,801,801,801,801,801,801,801,801,801,801,801,801,801,801,801,801,801,919,919,919,919,919,919,919,919,919,919,919,919,919,919,919,919,919,919,919,919,919,919,919,919,919,919,919,919,919
919,919,919,919,919,919,919,919,919,919,919,919,919,919,919,919,919,919,919,919,919,919,919,919,919,919,919,919,919,919,919,919,919,919,919,919,919,919,919,919,919,919,919,919,919,919,919,919,919,919,919,919,919,919,919,919,919,919,919,919,919,919,919,919,919,919,919,919,919,919,919,919,919,919,919,919,919,919,919,919,919,919,919,919,919,919,919,919,919,919,919,919,919,919,919,919,919,919,919,919,919,919,919,919,919,919,919,919,919,919,919,919,919,919,919,919,919,919,919,919,919,919,919,919,919,919,919,919,919,919,919,919,919,919,919,919,919,919,919,919,919,919,919,919,919,919,919,919,919,802,802,802,802,802,802,802,802,802,802,802,802,802,802,802,802,802,802,802,802,802,802,802,802,802,802,802,802,802,802,802,802,802,802,802,802,802,802,802,802,802,802,802,802,802,802,802,802,802,802,802,802,802,802,802,802,802,802,802,802,802,802,802,802,802,802,802,802,802,802,802,802,802,802,802,802,802,802,802,802,802,802,802,802,802,802,802,802,802,802,802,802,802,802,802,802,802,802,802,802,802,802,802,802,802,802,802,802,802,802,802,802,802,802,802,801,801,801,801,801,801,801,801,801,801,801,801,801,801,801,801,801,801,801,801,801,801,801,801,801,801,801,801,801,801,801,801,801,801,801,801,801,801,801,801,801,801,801,801,801,801,801,801,801,801,801,801,801,801,801,801,801,801,801,801,801,801,801,801,801,801,801,919,919,919,919,919,919,919,919,919,919,919,919,919,919,919,919,919,919,919,919,919,919,919,919,919,919,919,919,919
919,919,919,919,919,919,919,919,919,919,919,919,919,919,919,919,919,919,919,919,919,919,919,919,919,919,919,919,919,919,919,919,919,919,919,919,919,919,919,919,919,919,919,919,919,919,919,919,919,919,919,919,919,919,919,919,919,919,919,919,919,919,919,919,919,919,919,919,919,919,919,919,919,919,919,919,919,919,919,919,919,919,919,919,919,919,919,919,919,919,919,919,919,919,919,919,919,919,919,919,919,919,919,919,919,919,919,919,919,919,919,919,919,919,919,919,919,919,919,919,919,919,919,919,919,919,919,919,919,919,919,919,919,919,919,919,919,919,919,919,919,919,919,919,919,919,919,919,919,802,802,802,802,802,802,802,802,802,802,802,802,802,802,802,802,802,802,802,802,802,802,802,802,802,802,802,802,802,802,802,802,802,802,802,802,802,802,802,802,802,802,802,802,802,802,802,802,802,802,802,802,802,802,802,802,802,802,802,802,802,802,802,802,802,802,802,802,802,802,802,802,802,802,802,802,802,802,802,802,802,802,802,802,802,802,802,802,802,802,802,802,802,802,802,802,802,802,802,802,802,802,802,802,802,802,802,802,802,802,802,802,802,802,801,801,801,801,801,801,801,801,801,801,801,801,801,801,801,801,801,801,801,801,801,801,801,801,801,801,801,801,801,801,801,801,801,801,801,801,801,801,801,801,801,801,801,801,801,801,801,801,801,801,801,801,801,801,801,801,801,801,801,801,801,801,801,801,801,801,801,801,801,919,919,919,919,919,919,919,919,919,919,919,919,919,919,919,919,919,919,919,919,919,919,919,919,919,919,919,919
919,919,919,919,919,919,919,919,919,919,919,919,919,919,919,919,919,919,919,919,919,919,919,919,919,919,919,919,919,919,919,919,919,919,919,919,919,919,919,919,919,919,919,919,919,919,919,919,919,919,919,919,919,919,919,919,919,919,919,919,919,919,919,919,919,919,919,919,919,919,919,919,919,919,919,919,919,919,919,919,919,919,919,919,919,919,919,919,919,919,919,919,919,919,919,919,919,919,919,919,919,919,919,919,919,919,919,919,919,919,919,919,919,919,919,919,919,919,919,919,919,919,919,919,919,919,919,919,919,919,919,919,919,919,919,919,919,919,919,919,919,919,919,919,919,919,919,919,919,919,802,802,802,802,802,802,802,802,802,802,802,802,802,802,802,802,802,802,802,802,802,802,802,802,802,802,802,802,802,802,802,802,802,802,802,802,802,802,802,802,802,802,802,802,802,802,802,802,802,802,802,802,802,802,802,802,802,802,802,802,802,802,802,802,802,802,802,802,802,802,802,802,802,802,802,802,802,802,802,802,802,802,802,802,802,802,802,802,802,802,802,802,802,802,802,802,802,802,802,802,802,802,802,802,802,802,802,802,802,802,802,801,801,801,801,801,801,801,801,801,801,801,801,801,801,801,801,801,801,801,801,801,801,801,801,801,801,801,801,801,801,801,801,801,801,801,801,801,801,801,801,801,801,801,801,801,801,801,801,801,801,801,801,801,801,801,801,801,801,801,801,801,801,801,801,801,801,801,801,801,801,801,919,919,919,919,919,919,919,919,919,919,919,919,919,919,919,919,919,919,919,919,919,919,919,919,919,919,919,919
919,919,919,919,919,919,919,919,919,919,919,919,919,919,919,919,919,919,919,919,919,919,919,919,919,919,919,919,919,919,919,919,919,919,919,919,919,919,919,919,919,919,919,919,919,919,919,919,919,919,919,919,919,919,919,919,919,919,919,919,919,919,919,919,919,919,919,919,919,919,919,919,919,919,919,919,919,919,919,919,919,919,919,919,919,919,919,919,919,919,919,919,919,919,919,919,919,919,919,919,919,919,919,919,919,919,919,919,919,919,919,919,919,919,919,919,919,919,919,919,919,919,919,919,919,919,919,919,919,919,919,919,919,919,919,919,919,919,919,919,919,919,919,919,919,919,919,919,919,919,802,802,802,701,701,701,701,701,701,701,701,701,701,701,701,701,802,802,802,802,802,802,802,802,802,802,802,802,802,802,802,802,802,802,802,802,802,802,802,802,802,802,802,802,802,802,802,802,802,802,802,802,802,802,802,802,802,802,802,802,802,802,802,802,802,802,802,802,802,802,802,802,802,802,802,802,802,802,802,802,802,802,802,802,802,802,802,802,802,802,802,802,802,802,802,802,802,802,802,802,802,802,802,802,802,802,802,802,801,801,801,801,801,801,801,801,801,801,801,801,801,801,801,801,801,801,801,801,801,801,801,801,801,801,801,801,801,801,801,801,801,801,801,801,801,801,801,801,801,801,801,801,801,801,801,801,801,801,801,801,801,801,801,801,801,801,801,801,801,801,801,801,801,801,801,801,801,801,801,801,801,801,801,919,919,919,919,919,919,919,919,919,919,919,919,919,919,919,919,919,919,919,919,919,919,919,919,919,919,919
919,919,919,919,919,919,919,919,919,919,919,919,919,919,919,919,919,919,919,919,919,919,919,919,919,919,919,919,919,919,919,919,919,919,919,919,919,919,919,919,919,919,919,919,919,919,919,919,919,919,919,919,919,919,919,919,919,919,919,919,919,919,919,919,919,919,919,919,919,919,919,919,919,919,919,919,919,919,919,919,919,919,919,919,919,919,919,919,919,919,919,919,919,919,919,919,919,919,919,919,919,919,919,919,919,919,919,919,919,919,919,919,919,919,919,919,919,919,919,919,919,919,919,919,919,919,919,919,919,919,919,919,919,919,919,919,919,919,919,919,919,919,919,919,919,919,919,919,919,919,802,802,701,701,701,701,701,701,701,701,701,701,701,701,701,701,701,701,701,701,701,701,802,802,802,802,802,802,802,802,802,802,802,802,802,802,802,802,802,802,802,802,802,802,802,802,802,802,802,802,802,802,802,802,802,802,802,802,802,802,802,802,802,802,802,802,802,802,802,802,802,802,802,802,802,802,802,802,802,802,802,802,802,802,802,802,802,802,802,802,802,802,802,802,802,802,802,802,802,802,802,802,802,802,802,802,801,801,801,801,801,801,801,801,801,801,801,801,801,801,801,801,801,801,801,801,801,801,801,801,801,801,801,801,801,801,801,801,801,801,801,801,801,801,801,801,801,801,801,801,801,801,801,801,801,801,801,801,801,801,801,801,801,801,801,801,801,801,801,801,801,801,801,801,801,801,801,801,801,801,801,801,801,919,919,919,919,919,919,919,919,919,919,919,919,919,919,919,919,919,919,919,919,919,919,919,919,919,919,919
919,919,919,919,919,919,919,919,919,919,919,919,919,919,919,919,919,919,919,919,919,919,919,919,919,919,919,919,919,919,919,919,919,919,919,919,919,919,919,919,919,919,919,919,919,919,919,919,919,919,919,919,919,919,919,919,919,919,919,919,919,919,919,919,919,919,919,919,919,919,919,919,919,919,919,919,919,919,919,919,919,919,919,919,919,919,919,919,919,919,919,919,919,919,919,919,919,919,919,919,919,919,919,919,919,919,919,919,919,919,919,919,919,919,919,919,919,919,919,919,919,919,919,919,919,919,919,919,919,919,919,919,919,919,919,919,919,919,919,919,919,919,919,919,919,919,919,919,919,919,919,701,701,701,701,701,701,701,701,701,701,701,701,701,701,701,701,701,701,701,701,701,701,701,701,701,802,802,802,802,802,802,802,802,802,802,802,802,802,802,802,802,802,802,802,802,802,802,802,802,802,802,802,802,802,802,802,802,802,802,802,802,802,802,802,802,802,802,802,802,802,802,802,802,802,802,802,802,802,802,802,802,802,802,802,802,802,802,802,802,802,802,802,802,802,802,802,802,802,802,802,802,802,802,801,801,801,801,801,801,801,801,801,801,801,801,801,801,801,801,801,801,801,801,801,801,801,801,801,801,801,801,801,801,801,801,801,801,801,801,801,801,801,801,801,801,801,801,801,801,801,801,801,801,801,801,801,801,801,801,801,801,801,801,801,801,801,801,801,801,801,801,801,801,801,801,801,801,801,801,801,801,801,919,919,919,919,919,919,919,919,919,919,919,919,919,919,919,919,919,919,919,919,919,919,919,919,919,919,919
919,919,919,919,919,919,919,919,919,919,919,919,919,919,919,919,919,919,919,919,919,919,919,919,919,919,919,919,919,919,919,919,919,919,919,919,919,919,919,919,919,919,919,919,919,919,919,919,919,919,919,919,919,919,919,919,919,919,919,919,919,919,919,919,919,919,919,919,919,919,919,919,919,919,919,919,919,919,919,919,919,919,919,919,919,919,919,919,919,919,919,919,919,919,919,919,919,919,919,919,919,919,919,919,919,919,919,919,919,919,919,919,919,919,919,919,919,919,919,919,919,919,919,919,919,919,919,919,919,919,919,919,919,919,919,919,919,919,919,919,919,919,919,919,919,919,919,919,919,919,701,701,701,701,701,701,701,701,701,701,701,701,701,701,701,701,701,701,701,701,701,701,701,701,701,701,701,701,701,802,802,802,802,802,802,802,802,802,802,802,802,802,802,802,802,802,802,802,802,802,802,802,802,802,802,802,802,802,802,802,802,802,802,802,802,802,802,802,802,802,802,802,802,802,802,802,802,802,802,802,802,802,802,802,802,802,802,802,802,802,802,802,802,802,802,802,802,802,802,802,802,802,801,801,801,801,801,801,801,801,801,801,801,801,801,801,801,801,801,801,801,801,801,801,801,801,801,801,801,801,801,801,801,801,801,801,801,801,801,801,801,801,801,801,801,801,801,801,801,801,801,801,801,801,801,801,801,801,801,801,801,801,801,801,801,801,801,801,801,801,801,801,801,801,801,801,801,801,801,801,801,801,801,919,919,919,919,919,919,919,919,919,919,919,919,919,919,919,919,919,919,919,919,919,919,919,919,919,919,919
919,919,919,919,919,919,919,919,919,919,919,919,919,919,919,919,919,919,919,919,919,919,919,919,919,919,919,919,919,919,919,919,919,919,919,919,919,919,919,919,919,919,919,919,919,919,919,919,919,919,919,919,919,919,919,919,919,919,919,919,919,919,919,919,919,919,919,919,919,919,919,919,919,919,919,919,919,919,919,919,919,919,919,919,919,919,919,919,919,919,919,919,919,919,919,919,919,919,919,919,919,919,919,919,919,919,919,919,919,919,919,919,919,919,919,919,919,919,919,919,919,919,919,919,919,919,919,919,919,919,919,919,919,919,919,919,919,919,919,919,919,919,919,919,919,919,919,919,919,919,701,701,701,701,701,701,701,701,701,701,701,701,701,701,701,701,701,701,701,701,701,701,701,701,701,701,701,701,701,701,701,802,802,802,802,802,802,802,802,802,802,802,802,802,802,802,802,802,802,802,802,802,802,802,802,802,802,802,802,802,802,802,802,802,802,802,802,802,802,802,802,802,802,802,802,802,802,802,802,802,802,802,802,802,802,802,802,802,802,802,802,802,802,802,802,802,802,802,802,802,802,801,801,801,801,801,801,801,801,801,801,801,801,801,801,801,801,801,801,801,801,801,801,801,801,801,801,801,801,801,801,801,801,801,801,801,801,801,801,801,801,801,801,801,801,801,801,801,801,801,801,801,801,801,801,801,801,801,801,801,801,801,801,801,801,801,801,801,801,801,801,801,801,801,801,801,801,801,801,801,801,801,801,919,919,919,919,919,919,919,919,919,919,919,919,919,919,919,919,919,919,919,919,919,919,919,919,919,919,919
919,919,919,919,919,919,919,919,919,919,919,919,919,919,919,919,919,919,919,919,919,919,919,919,919,919,919,919,919,919,919,919,919,919,919,919,919,919,919,919,919,919,919,919,919,919,919,919,919,919,919,919,919,919,919,919,919,919,919,919,919,919,919,919,919,919,919,919,919,919,919,919,919,919,919,919,919,919,919,919,919,919,919,919,919,919,919,919,919,919,919,919,919,919,919,919,919,919,919,919,919,919,919,919,919,919,919,919,919,919,919,919,919,919,919,919,919,919,919,919,919,919,919,919,919,919,919,919,919,919,919,919,919,919,919,919,919,919,919,919,919,919,919,919,919,919,919,919,919,919,701,701,701,701,701,701,701,701,701,701,701,701,701,701,701,701,701,701,701,701,701,701,701,701,701,701,701,701,701,701,701,701,701,802,802,802,802,802,802,802,802,802,802,802,802,802,802,802,802,802,802,802,802,802,802,802,802,802,802,802,802,802,802,802,802,802,802,802,802,802,802,802,802,802,802,802,802,802,802,802,802,802,802,802,802,802,802,802,802,802,802,802,802,802,802,802,802,802,802,802,801,801,801,801,801,801,801,801,801,801,801,801,801,801,801,801,801,801,801,801,801,801,801,801,801,801,801,801,801,801,801,801,801,801,801,801,801,801,801,801,801,801,801,801,801,801,801,801,801,801,801,801,801,801,801,801,801,801,801,801,801,801,801,801,801,801,801,801,801,801,801,801,801,801,801,801,801,801,801,801,801,801,801,801,919,919,919,919,919,919,919,919,919,919,919,919,919,919,919,919,919,919,919,919,919,919,919,919,919,919
919,919,919,919,919,919,919,919,919,919,919,919,919,919,919,919,919,919,919,919,919,919,919,919,919,919,919,919,919,919,919,919,919,919,919,919,919,919,919,919,919,919,919,919,919,919,919,919,919,919,919,919,919,919,919,919,919,919,919,919,919,919,919,919,919,919,919,919,919,919,919,919,919,919,919,919,919,919,919,919,919,919,919,919,919,919,919,919,919,919,919,919,919,919,919,919,919,919,919,919,919,919,919,919,919,919,919,919,919,919,919,919,919,919,919,919,919,919,919,919,919,919,919,919,919,919,919,919,919,919,919,919,919,919,919,919,919,919,919,919,919,919,919,919,919,919,919,919,919,919,701,701,701,701,701,701,701,701,701,701,701,701,701,701,701,701,701,701,701,701,701,701,701,701,701,701,701,701,701,701,701,701,701,701,701,802,802,802,802,802,802,802,802,802,802,802,802,802,802,802,802,802,802,802,802,802,802,802,802,802,802,802,802,802,802,802,802,802,802,802,802,802,802,802,802,802,802,802,802,802,802,802,802,802,802,802,802,802,802,802,802,802,802,802,802,802,802,802,802,801,801,801,801,801,801,801,801,801,801,801,801,801,801,801,801,801,801,801,801,801,801,801,801,801,801,801,801,801,801,801,801,801,801,801,801,801,801,801,801,801,801,801,801,801,801,801,801,801,801,801,801,801,801,801,801,801,801,801,801,801,801,801,801,801,801,801,801,801,801,801,801,801,801,801,801,801,801,801,801,801,801,801,801,919,919,919,919,919,919,919,919,919,919,919,919,919,919,919,919,919,919,919,919,919,919,919,919,919,919,919
919,919,919,919,919,919,919,919,919,919,919,919,919,919,919,919,919,919,919,919,919,919,919,919,919,919,919,919,919,919,919,919,919,919,919,919,919,919,919,919,919,919,919,919,919,919,919,919,919,919,919,919,919,919,919,919,919,919,919,919,919,919,919,919,919,919,919,919,919,919,919,919,919,919,919,919,919,919,919,919,919,919,919,919,919,919,919,919,919,919,919,919,919,919,919,919,919,919,919,919,919,919,919,919,919,919,919,919,919,919,919,919,919,919,919,919,919,919,919,919,919,919,919,919,919,919,919,919,919,919,919,919,919,919,919,919,919,919,919,919,919,919,919,919,919,919,919,919,919,919,701,701,701,701,701,701,701,701,701,701,701,701,701,701,701,701,701,701,701,701,701,701,701,701,701,701,701,701,701,701,701,701,701,701,701,701,701,802,802,802,802,802,802,802,802,802,802,802,802,802,802,802,802,802,802,802,802,802,802,802,802,802,802,802,802,802,802,802,802,802,802,802,802,802,802,802,802,802,802,802,802,802,802,802,802,802,802,802,802,802,802,802,802,802,802,801,801,801,801,801,801,801,801,801,801,801,801,801,801,801,801,801,801,801,801,801,801,801,801,801,801,801,801,801,801,801,801,801,801,801,801,801,801,801,801,801,801,801,801,801,801,801,801,801,801,801,801,801,801,801,801,801,801,801,801,801,801,801,801,801,801,801,801,801,801,801,801,801,801,801,801,801,801,801,801,801,801,801,801,801,801,919,919,919,919,919,919,919,919,919,919,919,919,919,919,919,919,919,919,919,919,919,919,919,919,919,919,919,919,919
919,919,919,919,919,919,919,919,919,919,919,919,919,919,919,919,919,919,919,919,919,919,919,919,919,919,919,919,919,919,919,919,919,919,919,919,919,919,919,919,919,919,919,919,919,919,919,919,919,919,919,919,919,919,919,919,919,919,919,919,919,919,919,919,919,919,919,919,919,919,919,919,919,919,919,919,919,919,919,919,919,919,919,919,919,919,919,919,919,919,919,919,919,919,919,919,919,919,919,919,919,919,919,919,919,919,919,919,919,919,919,919,919,919,919,919,919,919,919,919,919,919,919,919,919,919,919,919,919,919,919,919,919,919,919,919,919,919,919,919,919,919,919,919,919,919,919,919,919,919,701,701,701,701,701,701,701,701,701,701,701,701,701,701,701,701,701,701,701,701,701,701,701,701,701,701,701,701,701,701,701,701,701,701,701,701,802,802,802,802,802,802,802,802,802,802,802,802,802,802,802,802,802,802,802,802,802,802,802,802,802,802,802,802,802,802,802,802,802,802,802,802,802,802,802,802,802,802,802,802,802,802,802,802,802,802,802,802,802,802,802,801,801,801,801,801,801,801,801,801,801,801,801,801,801,801,801,801,801,801,801,801,801,801,801,801,801,801,801,801,801,801,801,801,801,801,801,801,801,801,801,801,801,801,801,801,801,801,801,801,801,801,801,801,801,801,801,801,801,801,801,801,801,801,801,801,801,801,801,801,801,801,801,801,801,801,801,801,801,801,801,801,801,801,801,801,801,801,801,801,919,919,919,919,919,919,919,919,919,919,919,919,919,919,919,919,919,919,919,919,919,919,919,919,919,919,919,919,919,919
919,919,919,919,919,919,919,919,919,919,919,919,919,919,919,919,919,919,919,919,919,919,919,919,919,919,919,919,919,919,919,919,919,919,919,919,919,919,919,919,919,919,919,919,919,919,919,919,919,919,919,919,919,919,919,919,919,919,919,919,919,919,919,919,919,919,919,919,919,919,919,919,919,919,919,919,919,919,919,919,919,919,919,919,919,919,919,919,919,919,919,919,919,919,919,919,919,919,919,919,919,919,919,919,919,919,919,919,919,919,919,919,919,919,919,919,919,919,919,919,919,919,919,919,919,919,919,919,919,919,919,919,919,919,919,919,919,919,919,919,919,919,919,919,919,919,919,919,919,701,701,701,701,701,701,701,701,701,701,701,701,701,701,701,701,701,701,701,701,701,701,701,701,701,701,701,701,701,701,701,701,701,701,701,701,701,701,701,701,701,802,802,802,802,802,802,802,802,802,802,802,802,802,802,802,802,802,802,802,802,802,802,802,802,802,802,802,802,802,802,802,802,802,802,802,802,802,802,802,802,802,802,802,802,802,802,802,802,801,801,801,801,801,801,801,801,801,801,801,801,801,801,801,801,801,801,801,801,801,801,801,801,801,801,801,801,801,801,801,801,801,801,801,801,801,801,801,801,801,801,801,801,801,801,801,801,801,801,801,801,801,801,801,801,801,801,801,801,801,801,801,801,801,801,801,801,801,801,801,801,801,801,801,801,801,801,801,801,801,801,801,801,801,801,801,801,801,801,919,919,919,919,919,919,919,919,919,919,919,919,919,919,919,919,919,919,919,919,919,919,919,919,919,919,919,919,919,919,919,919
919,919,919,919,919,919,919,919,919,919,919,919,919,919,919,919,919,919,919,919,919,919,919,919,919,919,919,919,919,919,919,919,919,919,919,919,919,919,919,919,919,919,919,919,919,919,919,919,919,919,919,919,919,919,919,919,919,919,919,919,919,919,919,919,919,919,919,919,919,919,919,919,919,919,919,919,919,919,919,919,919,919,919,919,919,919,919,919,919,919,919,919,919,919,919,919,919,919,919,919,919,919,919,919,919,919,919,919,919,919,919,919,919,919,919,919,919,919,919,919,919,919,919,919,919,919,919,919,919,919,919,919,919,919,919,919,919,919,919,919,919,919,919,919,919,919,919,919,919,701,701,701,701,701,701,701,701,701,701,701,701,701,701,701,701,701,701,701,701,701,701,701,701,701,701,701,701,701,701,701,701,701,701,701,701,701,701,701,701,701,701,701,701,701,701,802,802,802,802,802,802,802,802,802,802,802,802,802,802,802,802,802,802,802,802,802,802,802,802,802,802,802,802,802,802,802,802,802,802,802,802,802,802,802,801,801,801,801,801,801,801,801,801,801,801,801,801,801,801,801,801,801,801,801,801,801,801,801,801,801,801,801,801,801,801,801,801,801,801,801,801,801,801,801,801,801,801,801,801,801,801,801,801,801,801,801,801,801,801,801,801,801,801,801,801,801,801,801,801,801,801,801,801,801,801,801,801,801,801,801,801,801,801,801,801,801,801,801,801,801,801,801,801,801,801,801,801,919,919,919,919,919,919,919,919,919,919,919,919,919,919,919,919,919,919,919,919,919,919,919,919,919,919,919,919,919,919,919,919,919
919,919,919,919,919,919,919,919,919,919,919,919,919,919,919,919,919,919,919,919,919,919,919,919,919,919,919,919,919,919,919,919,919,919,919,919,919,919,919,919,919,919,919,919,919,919,919,919,919,919,919,919,919,919,919,919,919,919,919,919,919,919,919,919,919,919,919,919,919,919,919,919,919,919,919,919,919,919,919,919,919,919,919,919,919,919,919,919,919,919,919,919,919,919,919,919,919,919,919,919,919,919,919,919,919,919,919,919,919,919,919,919,919,919,919,919,919,919,919,919,919,919,919,919,919,919,919,919,919,919,919,919,919,919,919,919,919,919,919,919,919,919,919,919,919,919,919,919,919,701,701,701,701,701,701,701,701,701,701,701,701,701,701,701,701,701,701,701,701,701,701,701,701,701,701,701,701,701,701,701,701,701,701,701,701,701,701,701,701,701,701,701,701,701,701,701,802,802,802,802,802,802,802,802,802,802,802,802,802,802,802,802,802,802,802,802,802,802,802,802,802,802,802,802,802,802,802,802,802,802,802,802,802,801,801,801,801,801,801,801,801,801,801,801,801,801,801,801,801,801,801,801,801,801,801,801,801,801,801,801,801,801,801,801,801,801,801,801,801,801,801,801,801,801,801,801,801,801,801,801,801,801,801,801,801,801,801,801,801,801,801,801,801,801,801,801,801,801,801,801,801,801,801,801,801,801,801,801,801,801,801,801,801,801,801,801,801,801,801,801,801,801,801,801,801,801,919,919,919,919,919,919,919,919,919,919,919,919,919,919,919,919,919,919,919,919,919,919,919,919,919,919,919,919,919,919,919,919,919,919
919,919,919,919,919,919,919,919,919,919,919,919,919,919,919,919,919,919,919,919,919,919,919,919,919,919,919,919,919,919,919,919,919,919,919,919,919,919,919,919,919,919,919,919,919,919,919,919,919,919,919,919,919,919,919,919,919,919,919,919,919,919,919,919,919,919,919,919,919,919,919,919,919,919,919,919,919,919,919,919,919,919,919,919,919,919,919,919,919,919,919,919,919,919,919,919,919,919,919,919,919,919,919,919,919,919,919,919,919,919,919,919,919,919,919,919,919,919,919,919,919,919,919,919,919,919,919,919,919,919,919,919,919,919,919,919,919,919,919,919,919,919,919,919,919,919,919,919,919,701,701,701,701,701,701,701,701,701,701,701,701,701,701,701,701,701,701,701,701,701,701,701,701,701,701,701,701,701,701,701,701,701,701,701,701,701,701,701,701,701,701,701,701,701,701,701,701,701,802,802,802,802,802,802,802,802,802,802,802,802,802,802,802,802,802,802,802,802,802,802,802,802,802,802,802,802,802,802,802,802,802,801,801,801,801,801,801,801,801,801,801,801,801,801,801,801,801,801,801,801,801,801,801,801,801,801,801,801,801,801,801,801,801,801,801,801,801,801,801,801,801,801,801,801,801,801,801,801,801,801,801,801,801,801,801,801,801,801,801,801,801,801,801,801,801,801,801,801,801,801,801,801,801,801,801,801,801,801,801,801,801,801,801,801,801,801,801,801,801,801,801,801,801,801,801,919,919,919,919,919,919,919,919,919,919,919,919,919,919,919,919,919,919,919,919,919,919,919,919,919,919,919,919,919,919,919,919,919,919,919
919,919,919,919,919,919,919,919,919,919,919,919,919,919,919,919,919,919,919,919,919,919,919,919,919,919,919,919,919,919,919,919,919,919,919,919,919,919,919,919,919,919,919,919,919,919,919,919,919,919,919,919,919,919,919,919,919,919,919,919,919,919,919,919,919,919,919,919,919,919,919,919,919,919,919,919,919,919,919,919,919,919,919,919,919,919,919,919,919,919,919,919,919,919,919,919,919,919,919,919,919,919,919,919,919,919,919,919,919,919,919,919,919,919,919,919,919,919,919,919,919,919,919,919,919,919,919,919,919,919,919,919,919,919,919,919,919,919,919,919,919,919,919,919,919,919,919,919,919,701,701,701,701,701,701,701,701,701,701,701,701,701,701,701,701,701,701,701,701,701,701,701,701,701,701,701,701,701,701,701,701,701,701,701,701,701,701,701,701,701,701,701,701,701,701,701,701,701,701,701,701,701,701,701,701,701,802,802,802,801,801,801,802,802,802,802,802,802,802,802,802,802,802,802,802,802,802,801,801,801,801,801,801,801,801,801,801,801,801,801,801,801,801,801,801,801,801,801,801,801,801,801,801,801,801,801,801,801,801,801,801,801,801,801,801,801,801,801,801,801,801,801,801,801,801,801,801,801,801,801,801,801,801,801,801,801,801,801,801,801,801,801,801,801,801,801,801,801,801,801,801,801,801,801,801,801,801,801,801,801,801,801,801,801,801,801,801,801,801,801,801,801,801,801,801,919,919,919,919,919,919,919,919,919,919,919,919,919,919,919,919,919,919,919,919,919,919,919,919,919,919,919,919,919,919,919,919,919,919,919
919,919,919,919,919,919,919,919,919,919,919,919,919,919,919,919,919,919,919,919,919,919,919,919,919,919,919,919,919,919,919,919,919,919,919,919,919,919,919,919,919,919,919,919,919,919,919,919,919,919,919,919,919,919,919,919,919,919,919,919,919,919,919,919,919,919,919,919,919,919,919,919,919,919,919,919,919,919,919,919,919,919,919,919,919,919,919,919,919,919,919,919,919,919,919,919,919,919,919,919,919,919,919,919,919,919,919,919,919,919,919,919,919,919,919,919,919,919,919,919,919,919,919,919,919,919,919,919,919,919,919,919,919,919,919,919,919,919,919,919,919,919,919,919,919,919,919,919,919,701,701,701,701,701,701,701,701,701,701,701,701,701,701,701,701,701,701,701,701,701,701,701,701,701,701,701,701,701,701,701,701,701,701,701,701,701,701,701,701,701,701,701,701,701,701,701,701,701,701,701,701,701,701,701,701,701,701,701,801,801,801,801,801,801,801,802,802,802,802,802,802,802,801,801,801,801,801,801,801,801,801,801,801,801,801,801,801,801,801,801,801,801,801,801,801,801,801,801,801,801,801,801,801,801,801,801,801,801,801,801,801,801,801,801,801,801,801,801,801,801,801,801,801,801,801,801,801,801,801,801,801,801,801,801,801,801,801,801,801,801,801,801,801,801,801,801,801,801,801,801,801,801,801,801,801,801,801,801,801,801,801,801,801,801,801,801,801,801,801,801,801,801,801,801,801,919,919,919,919,919,919,919,919,919,919,919,919,919,919,919,919,919,919,919,919,919,919,919,919,919,919,919,919,919,919,919,919,919,919,919
919,919,919,919,919,919,919,919,919,919,919,919,919,919,919,919,919,919,919,919,919,919,919,919,919,919,919,919,919,919,919,919,919,919,919,919,919,919,919,919,919,919,919,919,919,919,919,919,919,919,919,919,919,919,919,919,919,919,919,919,919,919,919,919,919,919,919,919,919,919,919,919,919,919,919,919,919,919,919,919,919,919,919,919,919,919,919,919,919,919,919,919,919,919,919,919,919,919,919,919,919,919,919,919,919,919,919,919,919,919,919,919,919,919,919,919,919,919,919,919,919,919,919,919,919,919,919,919,919,919,919,919,919,919,919,919,919,919,919,919,919,919,919,919,919,919,919,919,919,701,701,701,701,701,701,701,701,701,701,701,701,701,701,701,701,701,701,701,701,701,701,701,701,701,701,701,701,701,701,701,701,701,701,701,701,701,701,701,701,701,701,701,701,701,701,701,701,701,701,701,701,701,701,701,701,701,701,701,801,801,801,801,801,801,801,801,801,801,801,801,801,801,801,801,801,801,801,801,801,801,801,801,801,801,801,801,801,801,801,801,801,801,801,801,801,801,801,801,801,801,801,801,801,801,801,801,801,801,801,801,801,801,801,801,801,801,801,801,801,801,801,801,801,801,801,801,801,801,801,801,801,801,801,801,801,801,801,801,801,801,801,801,801,801,801,801,801,801,801,801,801,801,801,801,801,801,801,801,801,801,801,801,801,801,801,801,801,801,801,801,801,801,801,801,919,919,919,919,919,919,919,919,919,919,919,919,919,919,919,919,919,919,919,919,919,919,919,919,919,919,919,919,919,919,919,919,919,919,919,919
919,919,919,919,919,919,919,919,919,919,919,919,919,919,919,919,919,919,919,919,919,919,919,919,919,919,919,919,919,919,919,919,919,919,919,919,919,919,919,919,919,919,919,919,919,919,919,919,919,919,919,919,919,919,919,919,919,919,919,919,919,919,919,919,919,919,919,919,919,919,919,919,919,919,919,919,919,919,919,919,919,919,919,919,919,919,919,919,919,919,919,919,919,919,919,919,919,919,919,919,919,919,919,919,919,919,919,919,919,919,919,919,919,919,919,919,919,919,919,919,919,919,919,919,919,919,919,919,919,919,919,919,919,919,919,919,919,919,919,919,919,919,919,919,919,919,919,919,919,701,701,701,701,701,701,701,701,701,701,701,701,701,701,701,701,701,701,701,701,701,701,701,701,701,701,701,701,701,701,701,701,701,701,701,701,701,701,701,701,701,701,701,701,701,701,701,701,701,701,701,701,701,701,701,701,701,701,701,701,801,801,801,801,801,801,801,801,801,801,801,801,801,801,801,801,801,801,801,801,801,801,801,801,801,801,801,801,801,801,801,801,801,801,801,801,801,801,801,801,801,801,801,801,801,801,801,801,801,801,801,801,801,801,801,801,801,801,801,801,801,801,801,801,801,801,801,801,801,801,801,801,801,801,801,801,801,801,801,801,801,801,801,801,801,801,801,801,801,801,801,801,801,801,801,801,801,801,801,801,801,801,801,801,801,801,801,801,801,801,801,801,801,801,919,919,919,919,919,919,919,919,919,919,919,919,919,919,919,919,919,919,919,919,919,919,919,919,919,919,919,919,919,919,919,919,919,919,919,919,919
919,919,919,919,919,919,919,919,919,919,919,919,919,919,919,919,919,919,919,919,919,919,919,919,919,919,919,919,919,919,919,919,919,919,919,919,919,919,919,919,919,919,919,919,919,919,919,919,919,919,919,919,919,919,919,919,919,919,919,919,919,919,919,919,919,919,919,919,919,919,919,919,919,919,919,919,919,919,919,919,919,919,919,919,919,919,919,919,919,919,919,919,919,919,919,919,919,919,919,919,919,919,919,919,919,919,919,919,919,919,919,919,919,919,919,919,919,919,919,919,919,919,919,919,919,919,919,919,919,919,919,919,919,919,919,919,919,919,919,919,919,919,919,919,919,919,919,919,919,701,701,701,701,701,701,701,701,701,701,701,701,701,701,701,701,701,701,701,701,701,701,701,701,701,701,701,701,701,701,701,701,701,701,701,701,701,701,701,701,701,701,701,701,701,701,701,701,701,701,701,701,701,701,701,701,701,701,701,701,801,801,801,801,801,801,801,801,801,801,801,801,801,801,801,801,801,801,801,801,801,801,801,801,801,801,801,801,801,801,801,801,801,801,801,801,801,801,801,801,801,801,801,801,801,801,801,801,801,801,801,801,801,801,801,801,801,801,801,801,801,801,801,801,801,801,801,801,801,801,801,801,801,801,801,801,801,801,801,801,801,801,801,801,801,801,801,801,801,801,801,801,801,801,801,801,801,801,801,801,801,801,801,801,801,801,801,801,801,801,801,801,801,801,801,919,919,919,919,919,919,919,919,919,919,919,919,919,919,919,919,919,919,919,919,919,919,919,919,919,919,919,919,919,919,919,919,919,919,919,919
919,919,919,919,919,919,919,919,919,919,919,919,919,919,919,919,919,919,919,919,919,919,919,919,919,919,919,919,919,919,919,919,919,919,919,919,919,919,919,919,919,919,919,919,919,919,919,919,919,919,919,919,919,919,919,919,919,919,919,919,919,919,919,919,919,919,919,919,919,919,919,919,919,919,919,919,919,919,919,919,919,919,919,919,919,919,919,919,919,919,919,919,919,919,919,919,919,919,919,919,919,919,919,919,919,919,919,919,919,919,919,919,919,919,919,919,919,919,919,919,919,919,919,919,919,919,919,919,919,919,919,919,919,919,919,919,919,919,919,919,919,919,919,919,919,919,919,919,701,701,701,701,701,701,701,701,701,701,701,701,701,701,701,701,701,701,701,701,701,701,701,701,701,701,701,701,701,701,701,701,701,701,701,701,701,701,701,701,701,701,701,701,701,701,701,701,701,701,701,701,701,701,701,701,701,701,701,701,701,701,801,801,801,801,801,801,801,801,801,801,801,801,801,801,801,801,801,801,801,801,801,801,801,801,801,801,801,801,801,801,801,801,801,801,801,801,801,801,801,801,801,801,801,801,801,801,801,801,801,801,801,801,801,801,801,801,801,801,801,801,801,801,801,801,801,801,801,801,801,801,801,801,801,801,801,801,801,801,801,801,801,801,801,801,801,801,801,801,801,801,801,801,801,801,801,801,801,801,801,801,801,801,801,801,801,801,801,801,801,801,801,801,801,801,919,919,919,919,919,919,919,919,919,919,919,919,919,919,919,919,919,919,919,919,919,919,919,919,919,919,919,919,919,919,919,919,919,919,919,919
919,919,919,919,919,919,919,919,919,919,919,919,919,919,919,919,919,919,919,919,919,919,919,919,919,919,919,919,919,919,919,919,919,919,919,919,919,919,919,919,919,919,919,919,919,919,919,919,919,919,919,919,919,919,919,919,919,919,919,919,919,919,919,919,919,919,919,919,919,919,919,919,919,919,919,919,919,919,919,919,919,919,919,919,919,919,919,919,919,919,919,919,919,919,919,919,919,919,919,919,919,919,919,919,919,919,919,919,919,919,919,919,919,919,919,919,919,919,919,919,919,919,919,919,919,919,919,919,919,919,919,919,919,919,919,919,919,919,919,919,919,919,919,919,919,919,919,919,701,701,701,701,701,701,701,701,701,701,701,701,701,701,701,701,701,701,701,701,701,701,701,701,701,701,701,701,701,701,701,701,701,701,701,701,701,701,701,701,701,701,701,701,701,701,701,701,701,701,701,701,701,701,701,701,701,701,701,701,701,701,801,801,801,801,801,801,801,801,801,801,801,801,801,801,801,801,801,801,801,801,801,801,801,801,801,801,801,801,801,801,801,801,801,801,801,801,801,801,801,801,801,801,801,801,801,801,801,801,801,801,801,801,801,801,801,801,801,801,801,801,801,801,801,801,801,801,801,801,801,801,801,801,801,801,801,801,801,801,801,801,801,801,801,801,801,801,801,801,801,801,801,801,801,801,801,801,801,801,801,801,801,801,801,801,801,801,801,801,801,801,801,801,801,801,919,919,919,919,919,919,919,919,919,919,919,919,919,919,919,919,919,919,919,919,919,919,919,919,919,919,919,919,919,919,919,919,919,919,919,919
919,919,919,919,919,919,919,919,919,919,919,919,919,919,919,919,919,919,919,919,919,919,919,919,919,919,919,919,919,919,919,919,919,919,919,919,919,919,919,919,919,919,919,919,919,919,919,919,919,919,919,919,919,919,919,919,919,919,919,919,919,919,919,919,919,919,919,919,919,919,919,919,919,919,919,919,919,919,919,919,919,919,919,919,919,919,919,919,919,919,919,919,919,919,919,919,919,919,919,919,919,919,919,919,919,919,919,919,919,919,919,919,919,919,919,919,919,919,919,919,919,919,919,919,919,919,919,919,919,919,919,919,919,919,919,919,919,919,919,919,919,919,919,919,919,919,919,919,701,701,701,701,701,701,701,701,701,701,701,701,701,701,701,701,701,701,701,701,701,701,701,701,701,701,701,701,701,701,701,701,701,701,701,701,701,701,701,701,701,701,701,701,701,701,701,701,701,701,701,701,701,701,701,701,701,701,701,701,701,701,801,801,801,801,801,801,801,801,801,801,801,801,801,801,801,801,801,801,801,801,801,801,801,801,801,801,801,801,801,801,801,801,801,801,801,801,801,801,801,801,801,801,801,801,801,801,801,801,801,801,801,801,801,801,801,801,801,801,801,801,801,801,801,801,801,801,801,801,801,801,801,801,801,801,801,801,801,801,801,801,801,801,801,801,801,801,801,801,801,801,801,801,801,801,801,801,801,801,801,801,801,801,801,801,801,801,801,801,801,801,801,801,801,801,801,919,919,919,919,919,919,919,919,919,919,919,919,919,919,919,919,919,919,919,919,919,919,919,919,919,919,919,919,919,919,919,919,919,919,919
919,919,919,919,919,919,919,919,919,919,919,919,919,919,919,919,919,919,919,919,919,919,919,919,919,919,919,919,919,919,919,919,919,919,919,919,919,919,919,919,919,919,919,919,919,919,919,919,919,919,919,919,919,919,919,919,919,919,919,919,919,919,919,919,919,919,919,919,919,919,919,919,919,919,919,919,919,919,919,919,919,919,919,919,919,919,919,919,919,919,919,919,919,919,919,919,919,919,919,919,919,919,919,919,919,919,919,919,919,919,919,919,919,919,919,919,919,919,919,919,919,919,919,919,919,919,919,919,919,919,919,919,919,919,919,919,919,919,919,919,919,919,919,919,919,919,919,919,919,701,701,701,701,701,701,701,701,701,701,701,701,701,701,701,701,701,701,701,701,701,701,701,701,701,701,701,701,701,701,701,701,701,701,701,701,701,701,701,701,701,701,701,701,701,701,701,701,701,701,701,701,701,701,701,701,701,701,701,701,701,701,801,801,801,801,801,801,801,801,801,801,801,801,801,801,801,801,801,801,801,801,801,801,801,801,801,801,801,801,801,801,801,801,801,801,801,801,801,801,801,801,801,801,801,801,801,801,801,801,801,801,801,801,801,801,801,801,801,801,801,801,801,801,801,801,801,801,801,801,801,801,801,801,801,801,801,801,801,801,801,801,801,801,801,801,801,801,801,801,801,801,801,801,801,801,801,801,801,801,801,801,801,801,801,801,801,801,801,801,801,801,801,801,801,801,919,919,919,919,919,919,919,919,919,919,919,919,919,919,919,919,919,919,919,919,919,919,919,919,919,919,919,919,919,919,919,919,919,919,919
919,919,919,919,919,919,919,919,919,919,919,919,919,919,919,919,919,919,919,919,919,919,919,919,919,919,919,919,919,919,919,919,919,919,919,919,919,919,919,919,919,919,919,919,919,919,919,919,919,919,919,919,919,919,919,919,919,919,919,919,919,919,919,919,919,919,919,919,919,919,919,919,919,919,919,919,919,919,919,919,919,919,919,919,919,919,919,919,919,919,919,919,919,919,919,919,919,919,919,919,919,919,919,919,919,919,919,919,919,919,919,919,919,919,919,919,919,919,919,919,919,919,919,919,919,919,919,919,919,919,919,919,919,919,919,919,919,919,919,919,919,919,919,919,919,919,919,919,919,701,701,701,701,701,701,701,701,701,701,701,701,701,701,701,701,701,701,701,701,701,701,701,701,701,701,701,701,701,701,701,701,701,701,701,701,701,701,701,701,701,701,701,701,701,701,701,701,701,701,701,701,701,701,701,701,701,701,701,701,701,701,801,801,801,801,801,801,801,801,801,801,801,801,801,801,801,801,801,801,801,801,801,801,801,801,801,801,801,801,801,801,801,801,801,801,801,801,801,801,801,801,801,801,801,801,801,801,801,801,801,801,801,801,801,801,801,801,801,801,801,801,801,801,801,801,801,801,801,801,801,801,801,801,801,801,801,801,801,801,801,801,801,801,801,801,801,801,801,801,801,801,801,801,801,801,801,801,801,801,801,801,801,801,801,801,801,801,801,801,801,801,801,801,801,801,919,919,919,919,919,919,919,919,919,919,919,919,919,919,919,919,919,919,919,919,919,919,919,919,919,919,919,919,919,919,919,919,919,919,919
919,919,919,919,919,919,919,919,919,919,919,919,919,919,919,919,919,919,919,919,919,919,919,919,919,919,919,919,919,919,919,919,919,919,919,919,919,919,919,919,919,919,919,919,919,919,919,919,919,919,919,919,919,919,919,919,919,919,919,919,919,919,919,919,919,919,919,919,919,919,919,919,919,919,919,919,919,919,919,919,919,919,919,919,919,919,919,919,919,919,919,919,919,919,919,919,919,919,919,919,919,919,919,919,919,919,919,919,919,919,919,919,919,919,919,919,919,919,919,919,919,919,919,919,919,919,919,919,919,919,919,919,919,919,919,919,919,919,919,919,919,919,919,919,919,919,919,919,919,701,701,701,701,701,701,701,701,701,701,701,701,701,701,701,701,701,701,701,701,701,701,701,701,701,701,701,701,701,701,701,701,701,701,701,701,701,701,701,701,701,701,701,701,701,701,701,701,701,701,701,701,701,701,701,701,701,701,701,701,701,701,701,801,801,801,801,801,801,801,801,801,801,801,801,801,801,801,801,801,801,801,801,801,801,801,801,801,801,801,801,801,801,801,801,801,801,801,801,801,801,801,801,801,801,801,801,801,801,801,801,801,801,801,801,801,801,801,801,801,801,801,801,801,801,801,801,801,801,801,801,801,801,801,801,801,801,801,801,801,801,801,801,801,801,801,801,801,801,801,801,801,801,801,801,801,801,801,801,801,801,801,801,801,801,801,801,801,801,801,801,801,801,801,801,801,801,919,919,919,919,919,919,919,919,919,919,919,919,919,919,919,919,919,919,919,919,919,919,919,919,919,919,919,919,919,919,919,919,919,919
919,919,919,919,919,919,919,919,919,919,919,919,919,919,919,919,919,919,919,919,919,919,919,919,919,919,919,919,919,919,919,919,919,919,919,919,919,919,919,919,919,919,919,919,919,919,919,919,919,919,919,919,919,919,919,919,919,919,919,919,919,919,919,919,919,919,919,919,919,919,919,919,919,919,919,919,919,919,919,919,919,919,919,919,919,919,919,919,919,919,919,919,919,919,919,919,919,919,919,919,919,919,919,919,919,919,919,919,919,919,919,919,919,919,919,919,919,919,919,919,919,919,919,919,919,919,919,919,919,919,919,919,919,919,919,919,919,919,919,919,919,919,919,919,919,919,919,919,919,701,701,701,701,701,701,701,701,701,701,701,701,701,701,701,701,701,701,701,701,701,701,701,701,701,701,701,701,701,701,701,701,701,701,701,701,701,701,701,701,701,701,701,701,701,701,701,701,701,701,701,701,701,701,701,701,701,701,701,701,701,701,701,801,801,801,801,801,801,801,801,801,801,801,801,801,801,801,801,801,801,801,801,801,801,801,801,801,801,801,801,801,801,801,801,801,801,801,801,801,801,801,801,801,801,801,801,801,801,801,801,801,801,801,801,801,801,801,801,801,801,801,801,801,801,801,801,801,801,801,801,801,801,801,801,801,801,801,801,801,801,801,801,801,801,801,801,801,801,801,801,801,801,801,801,801,801,801,801,801,801,801,801,801,801,801,801,801,801,801,801,801,801,801,801,801,801,919,919,919,919,919,919,919,919,919,919,919,919,919,919,919,919,919,919,919,919,919,919,919,919,919,919,919,919,919,919,919,919,919,919
919,919,919,919,919,919,919,919,919,919,919,919,919,919,919,919,919,919,919,919,919,919,919,919,919,919,919,919,919,919,919,919,919,919,919,919,919,919,919,919,919,919,919,919,919,919,919,919,919,919,919,919,919,919,919,919,919,919,919,919,919,919,919,919,919,919,919,919,919,919,919,919,919,919,919,919,919,919,919,919,919,919,919,919,919,919,919,919,919,919,919,919,919,919,919,919,919,919,919,919,919,919,919,919,919,919,919,919,919,919,919,919,919,919,919,919,919,919,919,919,919,919,919,919,919,919,919,919,919,919,919,919,919,919,919,919,919,919,919,919,919,919,919,919,919,919,919,919,919,919,701,701,701,701,701,701,701,701,701,701,701,701,701,701,701,701,701,701,701,701,701,701,701,701,701,701,701,701,701,701,701,701,701,701,701,701,701,701,701,701,701,701,701,701,701,701,701,701,701,701,701,701,701,701,701,701,701,701,701,701,701,701,701,801,801,801,801,801,801,801,801,801,801,801,801,801,801,801,801,801,801,801,801,801,801,801,801,801,801,801,801,801,801,801,801,801,801,801,801,801,801,801,801,801,801,801,801,801,801,801,801,801,801,801,801,801,801,801,801,801,801,801,801,801,801,801,801,801,801,801,801,801,801,801,801,801,801,801,801,801,801,801,801,801,801,801,801,801,801,801,801,801,801,801,801,801,801,801,801,801,801,801,801,801,801,801,801,801,801,801,801,801,801,801,801,801,919,919,919,919,919,919,919,919,919,919,919,919,919,919,919,919,919,919,919,919,919,919,919,919,919,919,919,919,919,919,919,919,919,919
919,919,919,919,919,919,919,919,919,919,919,919,919,919,919,919,919,919,919,919,919,919,919,919,919,919,919,919,919,919,919,919,919,919,919,919,919,919,919,919,919,919,919,919,919,919,919,919,919,919,919,919,919,919,919,919,919,919,919,919,919,919,919,919,919,919,919,919,919,919,919,919,919,919,919,919,919,919,919,919,919,919,919,919,919,919,919,919,919,919,919,919,919,919,919,919,919,919,919,919,919,919,919,919,919,919,919,919,919,919,919,919,919,919,919,919,919,902,919,919,919,919,919,919,919,919,919,919,919,919,919,919,919,919,919,919,919,919,919,919,919,919,919,919,919,919,919,919,919,919,701,701,701,701,701,701,701,701,701,701,701,701,701,701,701,701,701,701,701,701,701,701,701,701,701,701,701,701,701,701,701,701,701,701,701,701,701,701,701,701,701,701,701,701,701,701,701,701,701,701,701,701,701,701,701,701,701,701,701,701,701,701,701,701,701,801,801,801,801,801,801,801,801,801,801,801,801,801,801,801,801,801,801,801,801,801,801,801,801,801,801,801,801,801,801,801,801,801,801,801,801,801,801,801,801,801,801,801,801,801,801,801,801,801,801,801,801,801,801,801,801,801,801,801,801,801,801,801,801,801,801,801,801,801,801,801,801,801,801,801,801,801,801,801,801,801,801,801,801,801,801,801,801,801,801,801,801,801,801,801,801,801,801,801,801,801,801,801,801,801,801,801,801,801,801,801,919,919,919,919,919,919,919,919,919,919,919,919,919,919,919,919,919,919,919,919,919,919,919,919,919,919,919,919,919,919,919,919,919,919
919,919,919,919,919,919,919,919,919,919,919,919,919,919,919,919,919,919,919,919,919,919,919,919,919,919,919,919,919,919,919,919,919,919,919,919,919,919,919,919,919,919,919,919,919,919,919,919,919,919,919,919,919,919,919,919,919,919,919,919,919,919,919,919,919,919,919,919,919,919,919,919,919,919,919,919,919,919,919,919,919,919,919,919,919,919,919,919,919,919,919,919,919,919,919,919,919,919,919,919,919,919,919,919,919,919,919,919,919,919,919,919,919,919,919,919,902,902,902,902,902,919,919,919,919,919,919,919,919,919,919,919,919,919,919,919,919,919,919,919,919,919,919,919,919,919,919,919,919,919,701,701,701,701,701,701,701,701,701,701,701,701,701,701,701,701,701,701,701,701,701,701,701,701,701,701,701,701,701,701,701,701,701,701,701,701,701,701,701,701,701,701,701,701,701,701,701,701,701,701,701,701,701,701,701,701,701,701,701,701,701,701,701,701,701,701,701,801,801,801,801,801,801,801,801,801,801,801,801,801,801,801,801,801,801,801,801,801,801,801,801,801,801,801,801,801,801,801,801,801,801,801,801,801,801,801,801,801,801,801,801,801,801,801,801,801,801,801,801,801,801,801,801,801,801,801,801,801,801,801,801,801,801,801,801,801,801,801,801,801,801,801,801,801,801,801,801,801,801,801,801,801,801,801,801,801,801,801,801,801,801,801,801,801,801,801,801,801,801,801,801,801,801,801,801,801,801,919,919,919,919,919,919,919,919,919,919,919,919,919,919,919,919,919,919,919,919,919,919,919,919,919,919,919,919,919,919,919,919,919
919,919,919,919,919,919,919,919,919,919,919,919,919,919,919,919,919,919,919,919,919,919,919,919,919,919,919,919,919,919,919,919,919,919,919,919,919,919,919,919,919,919,919,919,919,919,919,919,919,919,919,919,919,919,919,919,919,919,919,919,919,919,919,919,919,919,919,919,919,919,919,919,919,919,919,919,919,919,919,919,919,919,919,919,919,919,919,919,919,919,919,919,919,919,919,919,919,919,919,919,919,919,902,902,902,902,902,902,902,902,902,902,919,919,919,919,902,902,902,902,902,902,902,902,919,919,919,902,902,902,902,919,919,919,919,919,919,919,919,919,919,919,919,919,919,919,919,919,919,919,701,701,701,701,701,701,701,701,701,701,701,701,701,701,701,701,701,701,701,701,701,701,701,701,701,701,701,701,701,701,701,701,701,701,701,701,701,701,701,701,701,701,701,701,701,701,701,701,701,701,701,701,701,701,701,701,701,701,701,701,701,701,701,701,701,701,701,701,701,801,801,801,801,801,801,801,801,801,801,801,801,801,801,801,801,801,801,801,801,801,801,801,801,801,801,801,801,801,801,801,801,801,801,801,801,801,801,801,801,801,801,801,801,801,801,801,801,801,801,801,801,801,801,801,801,801,801,801,801,801,801,801,801,801,801,801,801,801,801,801,801,801,801,801,801,801,801,801,801,801,801,801,801,801,801,801,801,801,801,801,801,801,801,801,801,801,801,801,801,801,801,801,801,801,801,801,801,919,919,919,919,919,919,919,919,919,919,919,919,919,919,919,919,919,919,919,919,919,919,919,919,919,919,919,919,919,919,919,919,919
919,919,919,919,919,919,919,919,919,919,919,919,919,919,919,919,919,919,919,919,919,919,919,919,919,919,919,919,919,919,919,919,919,919,919,919,919,919,919,919,919,919,919,919,919,919,919,919,919,919,919,919,919,919,919,919,919,919,919,919,919,919,919,919,919,919,919,919,919,919,919,919,919,919,919,919,919,919,919,919,919,919,919,919,919,919,919,919,919,919,919,919,919,919,919,919,919,919,919,919,919,919,902,902,902,902,902,902,902,902,902,902,902,902,902,902,902,902,902,902,902,902,902,902,902,902,902,902,902,902,902,902,902,919,919,919,919,919,919,919,919,919,919,919,919,919,919,919,919,919,919,701,701,701,701,701,701,701,701,701,701,701,701,701,701,701,701,701,701,701,701,701,701,701,701,701,701,701,701,701,701,701,701,701,701,701,701,701,701,701,701,701,701,701,701,701,701,701,701,701,701,701,701,701,701,701,701,701,701,701,701,701,701,701,701,701,701,701,701,701,701,701,801,801,801,801,801,801,801,801,801,801,801,801,801,801,801,801,801,801,801,801,801,801,801,801,801,801,801,801,801,801,801,801,801,801,801,801,801,801,801,801,801,801,801,801,801,801,801,801,801,801,801,801,801,801,801,801,801,801,801,801,801,801,801,801,801,801,801,801,801,801,801,801,801,801,801,801,801,801,801,801,801,801,801,801,801,801,801,801,801,801,801,801,801,801,801,801,801,801,801,801,801,801,801,801,801,919,919,919,919,919,919,919,919,919,919,919,919,919,919,919,919,919,919,919,919,919,919,919,919,919,919,919,919,919,919,919,919,919
919,919,919,919,919,919,919,919,919,919,919,919,919,919,919,919,919,919,919,919,919,919,919,919,919,919,919,919,919,919,919,919,919,919,919,919,919,919,919,919,919,919,919,919,919,919,919,919,919,919,919,919,919,919,919,919,919,919,919,919,919,919,919,919,919,919,919,919,919,919,919,919,919,919,919,919,919,919,919,919,919,919,919,919,919,919,919,919,919,919,919,919,919,919,919,919,919,919,919,919,919,902,902,902,902,902,902,902,902,902,902,902,902,902,902,902,902,902,902,902,902,902,902,902,902,902,902,902,902,902,902,902,902,902,902,902,919,919,919,919,919,919,919,919,919,919,919,919,919,919,919,701,701,701,701,701,701,701,701,701,701,701,701,701,701,701,701,701,701,701,701,701,701,701,701,701,701,701,701,701,701,701,701,701,701,701,701,701,701,701,701,701,701,701,701,701,701,701,701,701,701,701,701,701,701,701,701,701,701,701,701,701,701,701,701,701,701,701,701,701,701,701,701,701,801,801,801,801,801,801,801,801,801,801,801,801,801,801,801,801,801,801,801,801,801,801,801,801,801,801,801,801,801,801,801,801,801,801,801,801,801,801,801,801,801,801,801,801,801,801,801,801,801,801,801,801,801,801,801,801,801,801,801,801,801,801,801,801,801,801,801,801,801,801,801,801,801,801,801,801,801,801,801,801,801,801,801,801,801,801,801,801,801,801,801,801,801,801,801,801,801,801,801,801,801,801,801,919,919,919,919,919,919,919,919,919,919,919,919,919,919,919,919,919,919,919,919,919,919,919,919,919,919,919,919,919,919,919,919,919
919,919,919,919,919,919,919,919,919,919,919,919,919,919,919,919,919,919,919,919,919,919,919,919,919,919,919,919,919,919,919,919,919,919,919,919,919,919,919,919,919,919,919,919,919,919,919,919,919,919,919,919,919,919,919,919,919,919,919,919,919,919,919,919,919,919,919,919,919,919,919,919,919,919,919,919,919,919,919,919,919,919,919,919,919,919,919,919,902,902,902,902,902,902,902,902,902,902,902,902,902,902,902,902,902,902,902,902,902,902,902,902,902,902,902,902,902,902,902,902,902,902,902,902,902,902,902,902,902,902,902,902,902,902,902,902,902,902,919,919,919,919,919,919,919,919,919,919,919,919,919,701,701,701,701,701,701,701,701,701,701,701,701,701,701,701,701,701,701,701,701,701,701,701,701,701,701,701,701,701,701,701,701,701,701,701,701,701,701,701,701,701,701,701,701,701,701,701,701,701,701,701,701,701,701,701,701,701,701,701,701,701,701,701,701,701,701,701,701,701,701,701,701,701,701,701,801,801,801,801,801,801,801,801,801,801,801,801,801,801,801,801,801,801,801,801,801,801,801,801,801,801,801,801,801,801,801,801,801,801,801,801,801,801,801,801,801,801,801,801,801,801,801,801,801,801,801,801,801,801,801,801,801,801,801,801,801,801,801,801,801,801,801,801,801,801,801,801,801,801,801,801,801,801,801,801,801,801,801,801,801,801,801,801,801,801,801,801,801,801,801,801,801,801,801,801,801,801,919,919,919,919,919,919,919,919,919,919,919,919,919,919,919,919,919,919,919,919,919,919,919,919,919,919,919,919,919,919,919,919
919,919,919,919,919,919,919,919,919,919,919,919,919,919,919,919,919,919,919,919,919,919,919,919,919,919,919,919,919,919,919,919,919,919,919,919,919,919,919,919,919,919,919,919,919,919,919,919,919,919,919,919,919,919,919,919,919,919,919,919,919,919,919,919,919,919,919,919,919,919,919,919,919,919,919,919,919,919,919,919,919,919,919,919,919,919,919,919,902,902,902,902,902,902,902,902,902,902,902,902,902,902,902,902,902,902,902,902,902,902,902,902,902,902,902,902,902,902,902,902,902,902,902,902,902,902,902,902,902,902,902,902,902,902,902,902,902,902,902,902,919,919,919,919,919,919,919,919,919,919,919,701,701,701,701,701,701,701,701,701,701,701,701,701,701,701,701,701,701,701,701,701,701,701,701,701,701,701,701,701,701,701,701,701,701,701,701,701,701,701,701,701,701,701,701,701,701,701,701,701,701,701,701,701,701,701,701,701,701,701,701,701,701,701,701,701,701,701,701,701,701,701,701,701,701,701,701,801,801,801,801,801,801,801,801,801,801,801,801,801,801,801,801,801,801,801,801,801,801,801,801,801,801,801,801,801,801,801,801,801,801,801,801,801,801,801,801,801,801,801,801,801,801,801,801,801,801,801,801,801,801,801,801,801,801,801,801,801,801,801,801,801,801,801,801,801,801,801,801,801,801,801,801,801,801,801,801,801,801,801,801,801,801,801,801,801,801,801,801,801,801,801,801,801,801,801,801,801,919,919,919,919,919,919,919,919,919,919,919,919,919,919,919,919,919,919,919,919,919,919,919,919,919,919,919,919,919,919,919,919
919,919,919,919,919,919,919,919,919,919,919,919,919,919,919,919,919,919,919,919,919,919,919,919,919,919,919,919,919,919,919,919,919,919,919,919,919,919,919,919,919,919,919,919,919,919,919,919,919,919,919,919,919,919,919,919,919,919,919,919,919,919,919,919,919,919,919,919,919,919,919,919,919,919,919,919,919,919,919,919,919,919,919,919,919,919,919,919,919,902,902,902,902,902,902,902,902,902,902,902,902,902,902,902,902,902,902,902,902,902,902,902,902,902,902,902,902,902,902,902,902,902,902,902,902,902,902,902,902,902,902,902,902,902,902,902,902,902,902,902,902,902,919,919,919,919,919,919,919,919,919,701,701,701,701,701,701,701,701,701,701,701,701,701,701,701,701,701,701,701,701,701,701,701,701,701,701,701,701,701,701,701,701,701,701,701,701,701,701,701,701,701,701,701,701,701,701,701,701,701,701,701,701,701,701,701,701,701,701,701,701,701,701,701,701,701,701,701,701,701,701,701,701,701,701,701,701,701,701,801,801,801,801,801,801,801,801,801,801,801,801,801,801,801,801,801,801,801,801,801,801,801,801,801,801,801,801,801,801,801,801,801,801,801,801,801,801,801,801,801,801,801,801,801,801,801,801,801,801,801,801,801,801,801,801,801,801,801,801,801,801,801,801,801,801,801,801,801,801,801,801,801,801,801,801,801,801,801,801,801,801,801,801,801,801,801,801,801,801,801,801,801,801,801,801,801,801,801,919,919,919,919,919,919,919,919,919,919,919,919,919,919,919,919,919,919,919,919,919,919,919,919,919,919,919,919,919,919,919,919
919,919,919,919,919,919,919,919,919,919,919,919,919,919,919,919,919,919,919,919,919,919,919,919,919,919,919,919,919,919,919,919,919,919,919,919,919,919,919,919,919,919,919,919,919,919,919,919,919,919,919,919,919,919,919,919,919,919,919,919,919,919,919,919,919,919,919,919,919,919,919,919,919,919,919,919,919,919,919,919,919,919,919,902,902,902,902,902,902,902,902,902,902,902,902,902,902,902,902,902,902,902,902,902,902,902,902,902,902,902,902,902,902,902,902,902,902,902,902,902,902,902,902,902,902,902,902,902,902,902,902,902,902,902,902,902,902,902,902,902,902,902,902,902,919,919,919,919,919,919,919,701,701,701,701,701,701,701,701,701,701,701,701,701,701,701,701,701,701,701,701,701,701,701,701,701,701,701,701,701,701,701,701,701,701,701,701,701,701,701,701,701,701,701,701,701,701,701,701,701,701,701,701,701,701,701,701,701,701,701,701,701,701,701,701,701,701,701,701,701,701,701,701,701,701,701,701,701,701,701,801,801,801,801,801,801,801,801,801,801,801,801,801,801,801,801,801,801,801,801,801,801,801,801,801,801,801,801,801,801,801,801,801,801,801,801,801,801,801,801,801,801,801,801,801,801,801,801,801,801,801,801,801,801,801,801,801,801,801,801,801,801,801,801,801,801,801,801,801,801,801,801,801,801,801,801,801,801,801,801,801,801,801,801,801,801,801,801,801,801,801,801,801,801,801,801,801,801,919,919,919,919,919,919,926,926,926,926,926,926,926,926,919,919,919,919,919,919,919,919,919,926,926,926,926,926,919,919,919,919
919,919,919,919,919,919,919,919,919,919,919,919,919,919,919,919,919,919,919,919,919,919,919,919,919,919,919,919,919,919,919,919,919,919,919,919,919,919,919,919,919,919,919,919,919,919,919,919,919,919,919,919,919,919,919,919,901,919,919,919,919,919,919,919,919,919,919,919,919,919,919,919,919,919,919,919,919,919,902,902,902,902,902,902,902,902,902,902,902,902,902,902,902,902,902,902,902,902,902,902,902,902,902,902,902,902,902,902,902,902,902,902,902,902,902,902,902,902,902,902,902,902,902,902,902,902,902,902,902,902,902,902,902,902,902,902,902,902,902,902,902,902,902,902,902,902,919,919,919,919,919,701,701,701,701,701,701,701,701,701,701,701,701,701,701,701,701,701,701,701,701,701,701,701,701,701,701,701,701,701,701,701,701,701,701,701,701,701,701,701,701,701,701,701,701,701,701,701,701,701,701,701,701,701,701,701,701,701,701,701,701,701,701,701,701,701,701,701,701,701,701,701,701,701,701,701,701,701,701,701,701,801,801,801,801,801,801,801,801,801,801,801,801,801,801,801,801,801,801,801,801,801,801,801,801,801,801,801,801,801,801,801,801,801,801,801,801,801,801,801,801,801,801,801,801,801,801,801,801,801,801,801,801,801,801,801,801,801,801,801,801,801,801,801,801,801,801,801,801,801,801,801,801,801,801,801,801,801,801,801,801,801,801,801,801,801,801,801,801,801,801,801,801,801,801,801,801,801,801,926,926,926,926,926,926,926,926,926,926,926,926,926,926,926,926,926,926,926,926,919,919,926,926,926,926,926,926,926,926,926
926,926,926,919,919,919,919,926,926,926,919,919,919,919,919,919,919,919,919,919,919,919,919,919,919,919,919,919,919,919,919,919,919,919,901,901,901,901,901,901,901,901,901,901,901,901,901,901,901,901,901,901,901,901,901,901,901,901,901,901,919,919,919,919,919,919,919,919,919,919,919,919,919,919,919,919,902,902,902,902,902,902,902,902,902,902,902,902,902,902,902,902,902,902,902,902,902,902,902,902,902,902,902,902,902,902,902,902,902,902,902,902,902,902,902,902,902,902,902,902,902,902,902,902,902,902,902,902,902,902,902,902,902,902,902,902,902,902,902,902,902,902,902,902,902,902,902,902,919,919,919,701,701,701,701,701,701,701,701,701,701,701,701,701,701,701,701,701,701,701,701,701,701,701,701,701,701,701,701,701,701,701,701,701,701,701,701,701,701,701,701,701,701,701,701,701,701,701,701,701,701,701,701,701,701,701,701,701,701,701,701,701,701,701,701,701,701,701,701,701,701,701,701,701,701,701,701,701,701,701,701,701,701,801,801,801,801,801,801,801,801,801,801,801,801,801,801,801,801,801,801,801,801,801,801,801,801,801,801,801,801,801,801,801,801,801,801,801,801,801,801,801,801,801,801,801,801,801,801,801,801,801,801,801,801,801,801,801,801,801,801,801,801,801,801,801,801,801,801,801,801,801,801,801,801,801,801,801,801,801,801,801,801,801,801,801,801,801,801,801,801,801,801,801,801,801,801,801,801,926,926,926,926,926,926,926,926,926,926,926,926,926,926,926,926,926,926,926,926,926,926,926,926,926,926,926,926,926,926,926
926,926,926,926,926,926,926,926,926,926,926,926,926,926,919,919,919,926,926,926,926,919,919,919,919,919,919,919,926,901,901,901,901,901,901,901,901,901,901,901,901,901,901,901,901,901,901,901,901,901,901,901,901,901,901,901,901,901,901,901,901,901,919,919,919,919,919,919,919,919,919,919,919,919,919,919,902,902,902,902,902,902,902,902,902,902,902,902,902,902,902,902,902,902,902,902,902,902,902,902,902,902,902,902,902,902,902,902,902,902,902,902,902,902,902,902,902,902,902,902,902,902,902,902,902,902,902,902,902,902,902,902,902,902,902,902,902,902,902,902,902,902,902,902,902,902,902,902,902,902,701,701,701,701,701,701,701,701,701,701,701,701,701,701,701,701,701,701,701,701,701,701,701,701,701,701,701,701,701,701,701,701,701,701,701,701,701,701,701,701,701,701,701,701,701,701,701,701,701,701,701,701,701,701,701,701,701,701,701,701,701,701,701,701,701,701,701,701,701,701,701,701,701,701,701,701,701,701,701,701,701,701,701,701,801,801,801,801,801,801,801,801,801,801,801,801,801,801,801,801,801,801,801,801,801,801,801,801,801,801,801,801,801,801,801,801,801,801,801,801,801,801,801,801,801,801,801,801,801,801,801,801,801,801,801,801,801,801,801,801,801,801,801,801,801,801,801,801,801,801,801,801,801,801,801,801,801,801,801,801,801,801,801,801,801,801,801,801,801,801,801,801,801,801,801,801,801,801,801,926,926,926,926,926,926,926,926,926,926,926,926,926,926,926,926,926,926,926,926,926,926,926,926,926,926,926,926,926,926,926
926,926,926,926,926,926,926,926,926,926,926,926,926,926,926,926,926,926,926,926,926,926,926,926,926,919,919,919,926,926,901,901,901,901,901,901,901,901,901,901,901,901,901,901,901,901,901,901,901,901,901,901,901,901,901,901,901,901,901,901,901,919,919,919,919,919,919,919,919,919,919,919,919,919,919,919,902,902,902,902,902,902,902,902,902,902,902,902,902,902,902,902,902,902,902,902,902,902,902,902,902,902,902,902,902,902,902,902,902,902,902,902,902,902,902,902,902,902,902,902,902,902,902,902,902,902,902,902,902,902,902,902,902,902,902,902,902,902,902,902,902,902,902,902,902,902,902,902,902,701,701,701,701,701,701,701,701,701,701,701,701,701,701,701,701,701,701,701,701,701,701,701,701,701,701,701,701,701,701,701,701,701,701,701,701,701,701,701,701,701,701,701,701,701,701,701,701,701,701,701,701,701,701,701,701,701,701,701,701,701,701,701,701,701,701,701,701,701,701,701,701,701,701,701,701,701,701,701,701,701,701,701,701,701,701,701,801,801,801,801,801,801,801,801,801,801,801,801,801,801,801,801,801,801,801,801,801,801,801,801,801,801,801,801,801,801,801,801,801,801,801,801,801,801,801,801,801,801,801,801,801,801,801,801,801,801,801,801,801,801,801,801,801,801,801,801,801,801,801,801,801,801,801,801,801,801,801,801,801,801,801,801,801,801,801,801,801,801,801,801,801,801,801,801,801,801,801,801,801,926,926,926,926,926,926,926,926,926,926,926,926,926,926,926,926,926,926,926,926,926,926,926,926,926,926,926,926,926,926,926
926,926,926,926,926,926,926,926,926,926,926,926,926,926,926,926,926,926,926,926,926,926,926,926,926,926,926,926,926,926,926,926,901,901,901,901,901,901,901,901,901,901,901,901,901,901,901,901,901,901,901,901,901,901,901,901,901,901,901,901,901,901,901,901,901,901,901,919,919,919,919,919,919,919,902,902,902,902,902,902,902,902,902,902,902,902,902,902,902,902,902,902,902,902,902,902,902,902,902,902,902,902,902,902,902,902,902,902,902,902,902,902,902,902,902,902,902,902,902,902,902,902,902,902,902,902,902,902,902,902,902,902,902,902,902,902,902,902,902,902,902,902,902,902,902,902,902,701,701,701,701,701,701,701,701,701,701,701,701,701,701,701,701,701,701,701,701,701,701,701,701,701,701,701,701,701,701,701,701,701,701,701,701,701,701,701,701,701,701,701,701,701,701,701,701,701,701,701,701,701,701,701,701,701,701,701,701,701,701,701,701,701,701,701,701,701,701,701,701,701,701,701,701,701,701,701,701,701,701,701,701,701,701,701,701,701,701,801,801,801,801,801,801,801,801,801,801,801,801,801,801,801,801,801,801,801,801,801,801,801,801,801,801,801,801,801,801,801,801,801,801,801,801,801,801,801,801,801,801,801,801,801,801,801,801,801,801,801,801,801,801,801,801,801,801,801,801,801,801,801,801,801,801,801,801,801,801,801,801,801,801,801,801,801,801,801,801,801,801,801,801,801,801,801,801,801,801,801,801,926,926,926,926,926,926,926,926,926,926,926,926,926,926,926,926,926,926,926,926,926,926,926,926,926,926,926,926,926,926,926
926,926,926,926,926,926,926,926,926,926,926,926,926,926,926,926,926,926,926,926,926,926,926,926,926,926,926,926,926,926,926,926,926,901,901,901,901,901,901,901,901,901,901,901,901,901,901,901,901,901,901,901,901,901,901,901,901,901,901,901,901,901,901,901,901,901,901,901,901,901,901,901,902,902,902,902,902,902,902,902,902,902,902,902,902,902,902,902,902,902,902,902,902,902,902,902,902,902,902,902,902,902,902,902,902,902,902,902,902,902,902,902,902,902,902,902,902,902,902,902,902,902,902,902,902,902,902,902,902,902,902,902,902,902,902,902,902,902,902,902,902,902,902,902,902,902,701,701,701,701,701,701,701,701,701,701,701,701,701,701,701,701,701,701,701,701,701,701,701,701,701,701,701,701,701,701,701,701,701,701,701,701,701,701,701,701,701,701,701,701,701,701,701,701,701,701,701,701,701,701,701,701,701,701,701,701,701,701,701,701,701,701,701,701,701,701,701,701,701,701,701,701,701,701,701,701,701,701,701,701,701,701,701,701,701,701,701,701,801,801,801,801,801,801,801,801,801,801,801,801,801,801,801,801,801,801,801,801,801,801,801,801,801,801,801,801,801,801,801,801,801,801,801,801,801,801,801,801,801,801,801,801,801,801,801,801,801,801,801,801,801,801,801,801,801,801,801,801,801,801,801,801,801,801,801,801,801,801,801,801,801,801,801,801,801,801,801,801,801,801,801,801,801,801,801,801,801,801,801,801,926,926,926,926,926,926,926,926,926,926,926,926,926,926,926,926,926,926,926,926,926,926,926,926,926,926,926,926,926,926
926,926,926,926,926,926,926,926,926,926,926,926,926,926,926,926,926,926,926,926,926,926,926,926,926,926,926,926,926,926,926,926,926,926,926,901,901,901,901,901,901,901,901,901,901,901,901,901,901,901,901,901,901,901,901,901,901,901,901,901,901,901,901,901,901,901,901,901,901,901,901,902,902,902,902,902,902,902,902,902,902,902,902,902,902,902,902,902,902,902,902,902,902,902,902,902,902,902,902,902,902,902,902,902,902,902,902,902,902,902,902,902,902,902,902,902,902,902,902,902,902,902,902,902,902,902,902,902,902,902,902,902,902,902,902,902,902,902,902,902,902,902,902,902,902,701,701,701,701,701,701,701,701,701,701,701,701,701,701,701,701,701,701,701,701,701,701,701,701,701,701,701,701,701,701,701,701,701,701,701,701,701,701,701,701,701,701,701,701,701,701,701,701,701,701,701,701,701,701,701,701,701,701,701,701,701,701,701,701,701,701,701,701,701,701,701,701,701,701,701,701,701,701,701,701,701,701,701,701,701,701,701,701,701,701,701,701,701,801,801,801,801,801,801,801,801,801,801,801,801,801,801,801,801,801,801,801,801,801,801,801,801,801,801,801,801,801,801,801,801,801,801,801,801,801,801,801,801,801,801,801,801,801,801,801,801,801,801,801,801,801,801,801,801,801,801,801,801,801,801,801,801,801,801,801,801,801,801,801,801,801,801,801,801,801,801,801,801,801,801,801,801,801,801,801,801,801,801,786,786,926,926,926,926,926,926,926,926,926,926,926,926,926,926,926,926,926,926,926,926,926,926,926,926,926,926,926,926,926,926
926,926,926,926,926,926,926,926,926,926,926,926,926,926,926,926,926,926,926,926,926,926,926,926,926,926,926,926,926,926,926,926,926,926,926,926,901,901,901,901,901,901,901,901,901,901,901,901,901,901,901,901,901,901,901,901,901,901,901,901,901,901,901,901,901,901,901,901,901,901,902,902,902,902,902,902,902,902,902,902,902,902,902,902,902,902,902,902,902,902,902,902,902,902,902,902,902,902,902,902,902,902,902,902,902,902,902,902,902,902,902,902,902,902,902,902,902,902,902,902,902,902,902,902,902,902,902,902,902,902,902,902,902,902,902,902,902,902,902,902,902,902,902,902,701,701,701,701,701,701,701,701,701,701,701,701,701,701,701,701,701,701,701,701,701,701,701,701,701,701,701,701,701,701,701,701,701,701,701,701,701,701,701,701,701,701,701,701,701,701,701,701,701,701,701,701,701,701,701,701,701,701,701,701,701,701,701,701,701,701,701,701,701,701,701,701,701,701,701,701,701,701,701,701,701,701,701,701,701,701,701,701,701,701,701,701,701,701,701,801,801,801,801,801,801,801,801,801,801,801,801,801,801,801,801,801,801,801,801,801,801,801,801,801,801,801,801,801,801,801,801,801,801,801,801,801,801,801,801,801,801,801,801,801,801,801,801,801,801,801,801,801,801,801,801,801,801,801,801,801,801,801,801,801,801,801,801,801,801,801,801,801,801,801,801,801,801,801,801,801,801,801,801,801,801,801,801,786,786,786,926,926,926,926,926,926,926,926,926,926,926,926,926,926,926,926,926,926,926,926,926,926,926,926,926,926,926,926,926,926
926,926,926,926,926,926,926,926,926,926,926,926,926,926,926,926,926,926,926,926,926,926,926,926,926,926,926,926,926,926,926,926,926,926,926,926,926,926,901,901,901,901,901,901,901,901,901,901,901,901,901,901,901,901,901,901,901,901,901,901,901,901,901,901,901,901,901,901,901,902,902,902,902,902,902,902,902,902,902,902,902,902,902,902,902,902,902,902,902,902,902,902,902,902,902,902,902,902,902,902,902,902,902,902,902,902,902,902,902,902,902,902,902,902,902,902,902,902,902,902,902,902,902,902,902,902,902,902,902,902,902,902,902,902,902,902,902,902,902,902,902,902,902,902,701,701,701,701,701,701,701,701,701,701,701,701,701,701,701,701,701,701,701,701,701,701,701,701,701,701,701,701,701,701,701,701,701,701,701,701,701,701,701,701,701,701,701,701,701,701,701,701,701,701,701,701,701,701,701,701,701,701,701,701,701,701,701,701,701,701,701,701,701,701,701,701,701,701,701,701,701,701,701,701,701,701,701,701,701,701,701,701,701,701,701,701,701,701,701,701,801,801,801,801,801,801,801,801,801,801,801,801,801,801,801,801,801,801,801,801,801,801,801,801,801,801,801,801,801,801,801,801,801,801,801,801,801,801,801,801,801,801,801,801,801,801,801,801,801,801,801,801,801,801,801,801,801,801,801,801,801,801,801,801,801,801,801,801,801,801,801,801,801,801,801,801,801,801,801,801,801,801,801,801,801,801,801,786,786,786,926,926,926,926,926,926,926,926,926,926,926,926,926,926,926,926,926,926,926,926,926,926,926,926,926,926,926,926,926,926
926,926,926,926,926,926,926,926,926,926,926,926,926,926,926,926,926,926,926,926,926,926,926,926,926,926,926,926,926,926,926,926,926,926,926,926,926,926,926,901,901,901,901,901,901,901,901,901,901,901,901,901,901,901,901,901,901,901,901,901,901,901,901,901,901,901,901,901,902,902,902,902,902,902,902,902,902,902,902,902,902,902,902,902,902,902,902,902,902,902,902,902,902,902,902,902,902,902,902,902,902,902,902,902,902,902,902,902,902,902,902,902,902,902,902,902,902,902,902,902,902,902,902,902,902,902,902,902,902,902,902,902,902,902,902,902,902,902,902,902,902,902,902,701,701,701,701,701,701,701,701,701,701,701,701,701,701,701,701,701,701,701,701,701,701,701,701,701,701,701,701,701,701,701,701,701,701,701,701,701,701,701,701,701,701,701,701,701,701,701,701,701,701,701,701,701,701,701,701,701,701,701,701,701,701,701,701,701,701,701,701,701,701,701,701,701,701,701,701,701,701,701,701,701,701,701,701,701,701,701,701,701,701,701,701,701,701,701,701,701,701,801,801,801,801,801,801,801,801,801,801,801,801,801,801,801,801,801,801,801,801,801,801,801,801,801,801,801,801,801,801,801,801,801,801,801,801,801,801,801,801,801,801,801,801,801,801,801,801,801,801,801,801,801,801,801,801,801,801,801,801,801,801,801,801,801,801,801,801,801,801,801,801,801,801,801,801,801,801,801,801,801,801,801,801,801,801,786,786,786,926,926,926,926,926,926,926,926,926,926,926,926,926,926,926,926,926,926,926,926,926,926,926,926,926,926,926,926,926,926
926,926,926,926,926,926,926,926,926,926,926,926,926,926,926,926,926,926,926,926,926,926,926,926,926,926,926,926,926,926,926,926,926,926,926,926,926,926,926,926,926,901,901,901,901,901,901,901,901,901,901,901,901,901,901,901,901,901,901,901,901,901,901,901,901,901,902,902,902,902,902,902,902,902,902,902,902,902,902,902,902,902,902,902,902,902,902,902,902,902,902,902,902,902,902,902,902,902,902,902,902,902,902,902,902,902,902,902,902,902,902,902,902,902,902,902,902,902,902,902,902,902,902,902,902,902,902,902,902,902,902,902,902,902,902,902,902,902,902,902,902,902,902,701,701,701,701,701,701,701,701,701,701,701,701,701,701,701,701,701,701,701,701,701,701,701,701,701,701,701,701,701,701,701,701,701,701,701,701,701,701,701,701,701,701,701,701,701,701,701,701,701,701,701,701,701,701,701,701,701,701,701,701,701,701,701,701,701,701,701,701,701,701,701,701,701,701,701,701,701,701,701,701,701,701,701,701,701,701,701,701,701,701,701,701,701,701,701,701,701,701,801,801,801,801,801,801,801,801,801,801,801,801,801,801,801,801,801,801,801,801,801,801,801,801,801,801,801,801,801,801,801,801,801,801,801,801,801,801,801,801,801,801,801,801,801,801,801,801,801,801,801,801,801,801,801,801,801,801,801,801,801,801,801,801,801,801,801,801,801,801,801,801,801,801,801,801,801,801,801,801,801,801,801,801,801,786,786,786,786,786,926,926,926,926,926,926,926,926,926,926,926,926,926,926,926,926,926,926,926,926,926,926,926,926,926,926,926,926,926
926,926,926,926,926,926,926,926,926,926,926,926,926,926,926,926,926,926,926,926,926,926,926,926,926,926,926,926,926,926,926,926,926,926,926,926,926,926,926,926,926,926,901,901,901,901,901,901,901,901,901,901,901,901,901,901,901,901,901,901,901,901,901,901,901,902,902,902,902,902,902,902,902,902,902,902,902,902,902,902,902,902,902,902,902,902,902,902,902,902,902,902,902,902,902,902,902,902,902,902,902,902,902,902,902,902,902,902,902,902,902,902,902,902,902,902,902,902,902,902,902,902,902,902,902,902,902,902,902,902,902,902,902,902,902,902,902,902,902,902,902,902,701,701,701,701,701,701,701,701,701,701,701,701,701,701,701,701,701,701,701,701,701,701,701,701,701,701,701,701,701,701,701,701,701,701,701,701,701,701,701,701,701,701,701,701,701,701,701,701,701,701,701,701,701,701,701,701,701,701,701,701,701,701,701,701,701,701,701,701,701,701,701,701,701,701,701,701,701,701,701,701,701,701,701,701,701,701,701,701,701,701,701,701,701,701,701,701,701,701,701,701,801,801,801,801,801,801,801,801,801,801,801,801,801,801,801,801,801,801,801,801,801,801,801,801,801,801,801,801,801,801,801,801,801,801,801,801,801,801,801,801,801,801,801,801,801,801,801,801,801,801,801,801,801,801,801,801,801,801,801,801,801,801,801,801,801,801,801,801,801,801,801,801,801,801,801,801,801,801,801,801,801,801,801,786,786,786,786,786,786,926,926,926,926,926,926,926,926,926,926,926,926,926,926,926,926,926,926,926,926,926,926,926,926,926,926,926,926,926
926,926,926,926,926,926,926,926,926,926,926,926,926,926,926,926,926,926,926,926,926,926,926,926,926,926,926,926,926,926,926,926,926,926,926,926,926,926,926,926,926,926,926,901,901,901,901,901,901,901,901,901,901,901,901,901,901,901,901,901,901,901,901,901,902,902,902,902,902,902,902,902,902,902,902,902,902,902,902,902,902,902,902,902,902,902,902,902,902,902,902,902,902,902,902,902,902,902,902,902,902,902,902,902,902,902,902,902,902,902,902,902,902,902,902,902,902,902,902,902,902,902,902,902,902,902,902,902,902,902,902,902,902,902,902,902,902,902,902,902,902,902,701,701,701,701,701,701,701,701,701,701,701,701,701,701,701,701,701,701,701,701,701,701,701,701,701,701,701,701,701,701,701,701,701,701,701,701,701,701,701,701,701,701,701,701,701,701,701,701,701,701,701,701,701,701,701,701,701,701,701,701,701,701,701,701,701,701,701,701,701,701,701,701,701,701,701,701,701,701,701,701,701,701,701,701,701,701,701,701,701,701,701,701,701,701,701,701,701,701,701,701,701,801,801,801,801,801,801,801,801,801,801,801,801,801,801,801,801,801,801,801,801,801,801,801,801,801,801,801,801,801,801,801,801,801,801,801,801,801,801,801,801,801,801,801,801,801,801,801,801,801,801,801,801,801,801,801,801,801,801,801,801,801,801,801,801,801,801,801,801,801,801,801,801,801,801,801,801,801,801,801,801,801,786,786,786,786,786,786,786,926,926,926,926,926,926,926,926,926,926,926,926,926,926,926,926,926,926,926,926,926,926,926,926,926,926,926,926,926
926,926,926,926,926,926,926,926,926,926,926,926,926,926,926,926,926,926,926,926,926,926,926,926,926,926,926,926,926,926,926,926,926,926,926,926,926,926,926,926,926,926,926,926,926,901,901,901,901,901,901,901,901,901,901,901,901,901,901,901,901,901,901,902,902,902,902,902,902,902,902,902,902,902,902,902,902,902,902,902,902,902,902,902,902,902,902,902,902,902,902,902,902,902,902,902,902,902,902,902,902,902,902,902,902,902,902,902,902,902,902,902,902,902,902,902,902,902,902,902,902,902,902,902,902,902,902,902,902,902,902,902,902,902,902,902,902,902,902,902,902,701,701,701,701,701,701,701,701,701,701,701,701,701,701,701,701,701,701,701,701,701,701,701,701,701,701,701,701,701,701,701,701,701,701,701,701,701,701,701,701,701,701,701,701,701,701,701,701,701,701,701,701,701,701,701,701,701,701,701,701,701,701,701,701,701,701,701,701,701,701,701,701,701,701,701,701,701,701,701,701,701,701,701,701,701,701,701,701,701,701,701,701,701,701,701,701,701,701,701,701,701,701,701,801,801,801,801,801,801,801,801,801,801,801,801,801,801,801,801,801,801,801,801,801,801,801,801,801,801,801,801,801,801,801,801,801,801,801,801,801,801,801,801,801,801,801,801,801,801,801,801,801,801,801,801,801,801,801,801,801,801,801,801,801,801,801,801,801,801,801,801,801,801,801,801,801,801,801,801,801,801,801,786,786,786,786,786,786,786,786,926,926,926,926,926,926,926,926,926,926,926,926,926,926,926,926,926,926,926,926,926,926,926,926,926,926,926,926,926
926,926,926,926,926,926,926,926,926,926,926,926,926,926,926,926,926,926,926,926,926,926,926,926,926,926,926,926,926,926,926,926,926,926,926,926,926,926,926,926,926,926,926,926,926,926,901,901,901,901,901,901,901,901,901,901,901,901,901,901,901,901,902,902,902,902,902,902,902,902,902,902,902,902,902,902,902,902,902,902,902,902,902,902,902,902,902,902,902,902,902,902,902,902,902,902,902,902,902,902,902,902,902,902,902,902,902,902,902,902,902,902,902,902,902,902,902,902,902,902,902,902,902,902,902,902,902,902,902,902,902,902,902,902,902,902,902,902,902,902,902,701,701,701,701,701,701,701,701,701,701,701,701,701,701,701,701,701,701,701,701,701,701,701,701,701,701,701,701,701,701,701,701,701,701,701,701,701,701,701,701,701,701,701,701,701,701,701,701,701,701,701,701,701,701,701,701,701,701,701,701,701,701,701,701,701,701,701,701,701,701,701,701,701,701,701,701,701,701,701,701,701,701,701,701,701,701,701,701,701,701,701,701,701,701,701,701,701,701,701,701,701,701,701,701,801,801,801,801,801,801,801,801,801,801,801,801,801,801,801,801,801,801,801,801,801,801,801,801,801,801,801,801,801,801,801,801,801,801,801,801,801,801,801,801,801,801,801,801,801,801,801,801,801,801,801,801,801,801,801,801,801,801,801,801,801,801,801,801,801,801,801,801,801,801,801,801,801,801,801,801,801,801,786,786,786,786,786,786,786,786,786,926,926,926,926,926,926,926,926,926,926,926,926,926,926,926,926,926,926,926,926,926,926,926,926,926,926,926,926
926,926,926,926,926,926,926,926,926,926,926,926,926,926,926,926,926,926,926,926,926,926,926,926,926,926,926,926,926,926,926,926,926,926,926,926,926,926,926,926,926,926,926,926,926,926,926,901,901,901,901,901,901,901,901,901,901,901,901,901,901,902,902,902,902,902,902,902,902,902,902,902,902,902,902,902,902,902,902,902,902,902,902,902,902,902,902,902,902,902,902,902,902,902,902,902,902,902,902,902,902,902,902,902,902,902,902,902,902,902,902,902,902,902,902,902,902,902,902,902,902,902,902,902,902,902,902,902,902,902,902,902,902,902,902,902,902,902,902,902,701,701,701,701,701,701,701,701,701,701,701,701,701,701,701,701,701,701,701,701,701,701,701,701,701,701,701,701,701,701,701,701,701,701,701,701,701,701,701,701,701,701,701,701,701,701,701,701,701,701,701,701,701,701,701,701,701,701,701,701,701,701,701,701,701,701,701,701,701,701,701,701,701,701,701,701,701,701,701,701,701,701,701,701,701,701,701,701,701,701,701,701,701,701,701,701,701,701,701,701,701,701,701,701,701,701,801,801,801,801,801,801,801,801,801,801,801,801,801,801,801,801,801,801,801,801,801,801,801,801,801,801,801,801,801,801,801,801,801,801,801,801,801,801,801,801,801,801,801,530,530,801,801,801,801,801,801,801,801,801,801,801,801,801,801,801,801,801,801,801,801,801,801,801,801,801,801,801,801,801,801,801,786,786,786,786,786,786,786,786,786,786,926,926,926,926,926,926,926,926,926,926,926,926,926,926,926,926,926,926,926,926,926,926,926,926,926,926,926,926
926,926,926,926,926,926,926,926,926,926,926,926,926,926,926,926,926,926,926,926,926,926,926,926,926,926,926,926,926,926,926,926,926,926,926,926,926,926,926,926,926,926,926,926,926,926,901,901,901,901,901,901,901,901,901,901,901,901,901,901,902,902,902,902,902,902,902,902,902,902,902,902,902,902,902,902,902,902,902,902,902,902,902,902,902,902,902,902,902,902,902,902,902,902,902,902,902,902,902,902,902,902,902,902,902,902,902,902,902,902,902,902,902,902,902,902,902,902,902,902,902,902,902,902,902,902,902,902,902,902,902,902,902,902,902,902,902,902,902,902,902,701,701,701,701,701,701,701,701,701,701,701,701,701,701,701,701,701,701,701,701,701,701,701,701,701,701,701,701,701,701,701,701,701,701,701,701,701,701,701,701,701,701,701,701,701,701,701,701,701,701,701,701,701,701,701,701,701,701,701,701,701,701,701,701,701,701,701,701,701,701,701,701,701,701,701,701,701,701,701,701,701,701,701,701,701,701,701,701,701,701,701,701,701,701,701,701,701,701,701,701,701,701,701,701,701,701,801,801,801,801,801,801,801,801,801,801,801,801,801,801,801,801,801,801,801,801,801,801,801,801,801,801,801,801,801,801,801,801,801,801,801,801,801,530,801,801,801,530,530,530,530,801,801,801,801,801,801,801,801,801,801,801,801,801,801,801,801,801,801,801,801,801,801,801,801,801,801,801,801,801,786,786,786,786,786,786,786,786,786,786,786,926,926,926,926,926,926,926,926,926,926,926,926,926,926,926,926,926,926,926,926,926,926,926,926,926,926,926,926
926,926,926,926,926,926,926,926,926,926,926,926,926,926,926,926,926,926,926,926,926,926,926,926,926,926,926,926,926,926,926,926,926,926,926,926,926,926,926,926,926,926,926,926,926,901,901,901,901,901,901,901,901,901,901,901,901,901,902,902,902,902,902,902,902,902,902,902,902,902,902,902,902,902,902,902,902,902,902,902,902,902,902,902,902,902,902,902,902,902,902,902,902,902,902,902,902,902,902,902,902,902,902,902,902,902,902,902,902,902,902,902,902,902,902,902,902,902,902,902,902,902,902,902,902,902,902,902,902,902,902,902,902,902,902,902,902,902,902,902,902,701,701,701,701,701,701,701,701,701,701,701,701,701,701,701,701,701,701,701,701,701,701,701,701,701,701,701,701,701,701,701,701,701,701,701,701,701,701,701,701,701,701,701,701,701,701,701,701,701,701,701,701,701,701,701,701,701,701,701,701,701,701,701,701,701,701,701,701,701,701,701,701,701,701,701,701,701,701,701,701,701,701,701,701,701,701,701,701,701,701,701,701,701,701,701,701,701,701,701,701,701,701,701,701,701,701,801,801,801,801,801,801,801,801,801,801,801,801,801,801,801,801,801,801,801,801,801,801,801,801,801,801,801,801,801,801,801,801,801,801,801,801,530,530,530,530,530,530,530,530,530,530,530,530,530,530,530,530,530,530,801,801,801,530,530,530,530,530,530,801,801,801,801,801,801,801,801,801,801,786,786,786,786,786,786,786,786,786,786,786,786,926,926,926,926,926,926,926,926,926,926,926,926,926,926,926,926,926,926,926,926,926,926,926,926,926,926,926,926
926,926,926,926,926,926,926,926,926,926,926,926,926,926,926,926,926,926,926,926,926,926,926,926,926,926,926,926,926,926,926,926,926,926,926,926,926,926,926,926,926,926,926,926,901,901,901,901,901,901,901,901,901,901,901,901,901,902,902,902,902,902,902,902,902,902,902,902,902,902,902,902,902,902,902,902,902,902,902,902,902,902,902,902,902,902,902,902,902,902,902,902,902,902,902,902,902,902,902,902,902,902,902,902,902,902,902,902,902,902,902,902,902,902,902,902,902,902,902,902,902,902,902,902,902,902,902,902,902,902,902,902,902,902,902,902,902,902,902,902,701,701,701,701,701,701,701,701,701,701,701,701,701,701,701,701,701,701,701,701,701,701,701,701,701,701,701,701,701,701,701,701,701,701,701,701,701,701,701,701,701,701,701,701,701,701,701,701,701,701,701,701,701,701,701,701,701,701,701,701,701,701,701,701,701,701,701,701,701,701,701,701,701,701,701,701,701,701,701,701,701,701,701,701,701,701,701,701,701,701,701,701,701,701,701,701,701,701,701,701,701,701,701,701,701,701,701,701,801,801,801,801,801,801,801,801,801,801,801,801,801,801,801,801,801,801,801,801,801,801,801,801,801,801,801,801,801,801,801,801,801,530,530,530,530,530,530,530,530,530,530,530,530,530,530,530,530,530,530,530,530,530,530,530,530,530,530,530,530,530,801,801,801,801,801,801,801,801,801,786,786,786,786,786,786,786,786,786,786,786,786,786,926,926,926,926,926,926,926,926,926,926,926,926,926,926,926,926,926,926,926,926,926,926,926,926,926,926,926,926
926,926,926,926,926,926,926,926,926,926,926,926,926,926,926,926,926,926,926,926,926,926,926,926,926,926,926,926,926,926,926,926,926,926,926,926,926,926,926,926,926,926,926,926,926,901,901,901,901,901,901,901,901,901,901,901,902,902,902,902,902,902,902,902,902,902,902,902,902,902,902,902,902,902,902,902,902,902,902,902,902,902,902,902,902,902,902,902,902,902,902,902,902,902,902,902,902,902,902,902,902,902,902,902,902,902,902,902,902,902,902,902,902,902,902,902,902,902,902,902,902,902,902,902,902,902,902,902,902,902,902,902,902,902,902,902,902,902,902,902,701,701,701,701,701,701,701,701,701,701,701,701,701,701,701,701,701,701,701,701,701,701,701,701,701,701,701,701,701,701,701,701,701,701,701,701,701,701,701,701,701,701,701,701,701,701,701,701,701,701,701,701,701,701,701,701,701,701,701,701,701,701,701,701,701,701,701,701,701,701,701,701,701,701,701,701,701,701,701,701,701,701,701,701,701,701,701,701,701,701,701,701,701,701,701,701,701,701,701,701,701,701,701,701,701,701,701,701,701,801,801,801,801,801,801,801,801,801,801,801,801,801,801,801,801,801,801,801,801,801,801,801,801,801,801,801,801,801,801,530,530,530,530,530,530,530,530,530,530,530,530,530,530,530,530,530,530,530,530,530,530,530,530,530,530,530,530,530,530,530,801,801,801,801,801,801,801,801,801,786,786,786,786,786,786,786,786,786,786,786,786,786,926,926,926,926,926,926,926,926,926,926,926,926,926,926,926,926,926,926,926,926,926,926,926,926,926,926,926,926
926,926,926,926,926,926,926,926,926,926,926,926,926,926,926,926,926,926,926,926,926,926,926,926,926,926,926,926,926,926,926,926,926,926,926,926,926,926,926,926,926,926,926,926,926,926,926,901,901,901,901,901,901,901,901,902,902,902,902,902,902,902,902,902,902,902,902,902,902,902,902,902,902,902,902,902,902,902,902,902,902,902,902,902,902,902,902,902,902,902,902,902,902,902,902,902,902,902,902,902,902,902,902,902,902,902,902,902,902,902,902,902,902,902,902,902,902,902,902,902,902,902,902,902,902,902,902,902,902,902,902,902,902,902,902,902,902,902,902,701,701,701,701,701,701,701,701,701,701,701,701,701,701,701,701,701,701,701,701,701,701,701,701,701,701,701,701,701,701,701,701,701,701,701,701,701,701,701,701,701,701,701,701,701,701,701,701,701,701,701,701,701,701,701,701,701,701,701,701,701,701,701,701,701,701,701,701,701,701,701,701,701,701,701,701,701,701,701,701,701,701,701,701,701,701,701,701,701,701,701,701,701,701,701,701,701,701,701,701,701,701,701,701,701,701,701,701,701,701,701,801,801,801,801,801,801,801,801,801,801,801,801,801,801,801,801,801,801,801,801,801,801,801,801,801,801,801,801,530,530,530,530,530,530,530,530,530,530,530,530,530,530,530,530,530,530,530,530,530,530,530,530,530,530,530,530,530,530,530,530,530,801,801,801,801,801,801,801,801,786,786,786,786,786,786,786,786,786,786,786,786,926,926,926,926,926,926,926,926,926,926,926,926,926,926,926,926,926,926,926,926,926,926,926,926,926,926,926,926,926
926,926,926,926,926,926,926,926,926,926,926,926,926,926,926,926,926,926,926,926,926,926,926,926,926,926,926,926,926,926,926,926,926,926,926,926,926,926,926,926,926,926,926,926,926,926,926,926,901,901,901,901,901,901,902,902,902,902,902,902,902,902,902,902,902,902,902,902,902,902,902,902,902,902,902,902,902,902,902,902,902,902,902,902,902,902,902,902,902,902,902,902,902,902,902,902,902,902,902,902,902,902,902,902,902,902,902,902,902,902,902,902,902,902,902,902,902,902,902,902,902,902,902,902,902,902,902,902,902,902,902,902,902,902,902,902,902,902,902,701,701,701,701,701,701,701,701,701,701,701,701,701,701,701,701,701,701,701,701,701,701,701,701,701,701,701,701,701,701,701,701,701,701,701,701,701,701,701,701,701,701,701,701,701,701,701,701,701,701,701,701,701,701,701,701,701,701,701,701,701,701,701,701,701,701,701,701,701,701,701,701,701,701,701,701,701,701,701,701,701,701,701,701,701,701,701,701,701,701,701,701,701,701,701,701,701,701,701,701,701,701,701,701,701,701,701,701,701,701,701,701,801,801,801,801,801,801,801,801,801,801,801,801,801,801,801,801,801,801,801,801,801,801,801,530,530,530,530,530,530,530,530,530,530,530,530,530,530,530,530,530,530,530,530,530,530,530,530,530,530,530,530,530,530,530,530,530,530,530,530,530,801,801,801,801,801,801,801,786,786,786,786,786,786,786,786,786,786,786,786,786,926,926,926,926,926,926,926,926,926,926,926,926,926,926,926,926,926,926,926,926,926,926,926,926,926,926,926,926,926
926,926,926,926,926,926,926,926,926,926,926,926,926,926,926,926,926,926,926,926,926,926,926,926,926,926,926,926,926,926,926,926,926,926,926,926,926,926,926,926,926,926,926,926,926,926,926,926,926,901,901,901,901,902,902,902,902,902,902,902,902,902,902,902,902,902,902,902,902,902,902,902,902,902,902,902,902,902,902,902,902,902,902,902,902,902,902,902,902,902,902,902,902,902,902,902,902,902,902,902,902,902,902,902,902,902,902,902,902,902,902,902,902,902,902,902,902,902,902,902,902,902,902,902,902,902,902,902,902,902,902,902,902,902,902,902,902,902,701,701,701,701,701,701,701,701,701,701,701,701,701,701,701,701,701,701,701,701,701,701,701,701,701,701,701,701,701,701,701,701,701,701,701,701,701,701,701,701,701,701,701,701,701,701,701,701,701,701,701,701,701,701,701,701,701,701,701,701,701,701,701,701,701,701,701,701,701,701,701,701,701,701,701,701,701,701,701,701,701,701,701,701,701,701,701,701,701,701,701,701,701,701,701,701,701,701,701,701,701,701,701,701,701,701,701,701,701,701,701,701,701,701,801,801,801,801,801,801,801,801,801,801,801,801,801,801,801,801,801,801,801,801,530,530,530,530,530,530,530,530,530,530,530,530,530,530,530,530,530,530,530,530,530,530,530,530,530,530,530,530,530,530,530,530,530,530,530,530,530,530,530,530,801,801,801,801,801,786,786,786,786,786,786,786,786,786,786,786,786,786,786,926,926,926,926,926,926,926,926,926,926,926,926,926,926,926,926,926,926,926,926,926,926,926,926,926,926,926,926,926
926,926,926,926,926,926,926,926,926,926,926,926,926,926,926,926,926,926,926,926,926,926,926,926,926,926,926,926,926,926,926,926,926,926,926,926,926,926,926,926,926,926,926,926,926,926,926,926,926,926,926,901,902,902,902,902,902,902,902,902,902,902,902,902,902,902,902,902,902,902,902,902,902,902,902,902,902,902,902,902,902,902,902,902,902,902,902,902,902,902,902,902,902,902,902,902,902,902,902,902,902,902,902,902,902,902,902,902,902,902,902,902,902,902,902,902,902,902,902,902,902,902,902,902,902,902,902,902,902,902,902,902,902,902,902,902,902,701,701,701,701,701,701,701,701,701,701,701,701,701,701,701,701,701,701,701,701,701,701,701,701,701,701,701,701,701,701,701,701,701,701,701,701,701,701,701,701,701,701,701,701,701,701,701,701,701,701,701,701,701,701,701,701,701,701,701,701,701,701,701,701,701,701,701,701,701,701,701,701,701,701,701,701,701,701,701,701,701,701,701,701,701,701,701,701,701,701,701,701,701,701,701,701,701,701,701,701,701,701,701,701,701,701,701,701,701,701,701,701,701,701,701,701,801,801,801,801,801,801,801,801,801,801,801,801,801,801,801,801,801,530,530,530,530,530,530,530,530,530,530,530,530,530,530,530,530,530,530,530,530,530,530,530,530,530,530,530,530,530,530,530,530,530,530,530,530,530,530,530,530,530,530,801,801,801,801,786,786,786,786,786,786,786,786,786,786,786,786,786,786,786,926,926,926,926,926,926,926,926,926,926,926,926,926,926,926,926,926,926,926,926,926,926,926,926,926,926,926,926,926
926,926,926,926,926,926,926,926,926,926,926,926,926,926,926,926,926,926,926,926,926,926,926,926,926,926,926,926,926,926,926,926,926,926,926,926,926,926,926,926,926,926,926,926,926,926,926,926,926,926,926,926,902,902,902,902,902,902,902,902,902,902,902,902,902,902,902,902,902,902,902,902,902,902,902,902,902,902,902,902,902,902,902,902,902,902,902,902,902,902,902,902,902,902,902,902,902,902,902,902,902,902,902,902,902,902,902,902,902,902,902,902,902,902,902,902,902,902,902,902,902,902,902,902,902,902,902,902,902,902,902,902,902,902,902,701,701,701,701,701,701,701,701,701,701,701,701,701,701,701,701,701,701,701,701,701,701,701,701,701,701,701,701,701,701,701,701,701,701,701,701,701,701,701,701,701,701,701,701,701,701,701,701,701,701,701,701,701,701,701,701,701,701,701,701,701,701,701,701,701,701,701,701,701,701,701,701,701,701,701,701,701,701,701,701,701,701,701,701,701,701,701,701,701,701,701,701,701,701,701,701,701,701,701,701,701,701,701,701,701,701,701,701,701,701,701,701,701,701,701,701,701,701,701,801,801,801,801,801,801,801,801,801,801,801,801,801,801,801,530,530,530,530,530,530,530,530,530,530,530,530,530,530,530,530,530,530,530,530,530,530,530,530,530,530,530,530,530,530,530,530,530,530,530,530,530,530,530,530,530,530,530,530,801,801,786,786,786,786,786,786,786,786,786,786,786,786,786,786,786,786,926,926,926,926,926,926,926,926,926,926,926,926,926,926,926,926,926,926,926,926,926,926,926,926,926,926,926,926,926
926,926,926,926,926,926,926,926,926,926,926,926,926,926,926,926,926,926,926,926,926,926,926,926,926,926,926,926,926,926,926,926,926,926,926,926,926,926,926,926,926,926,926,926,926,926,926,926,926,926,926,926,902,902,902,902,902,902,902,902,902,902,902,902,902,902,902,902,902,902,902,902,902,902,902,902,902,902,902,902,902,902,902,902,902,902,902,902,902,902,902,902,902,902,902,902,902,902,902,902,902,902,902,902,902,902,902,902,902,902,902,902,902,902,902,902,902,902,902,902,902,902,902,902,902,902,902,902,902,902,902,902,902,902,2035,2035,2035,2035,701,701,701,701,701,701,701,701,701,701,701,701,701,701,701,701,701,701,701,701,701,701,701,701,701,701,701,701,701,701,701,701,701,701,701,701,701,701,701,701,701,701,701,701,701,701,701,701,701,701,701,701,701,701,701,701,701,701,701,701,701,701,701,701,701,701,701,701,701,701,701,701,701,701,701,701,701,701,701,701,701,701,701,701,701,701,701,701,701,701,701,701,701,701,701,701,701,701,701,701,701,701,701,701,701,701,701,701,701,701,701,701,701,701,701,701,801,801,801,801,801,801,801,801,801,801,801,801,801,530,530,530,530,530,530,530,530,530,530,530,530,530,530,530,530,530,530,530,530,530,530,530,530,530,530,530,530,530,530,530,530,530,530,530,530,530,530,530,530,530,530,530,530,530,530,530,786,786,786,786,786,786,786,786,786,786,786,786,786,786,786,786,786,926,926,926,926,926,926,926,926,926,926,926,926,926,926,926,926,926,926,926,926,926,926,926,926,926,926,926,926,926
926,926,926,926,926,926,926,926,926,926,926,926,926,926,926,926,926,926,926,926,926,926,926,926,926,926,926,926,926,926,926,926,926,926,926,926,926,926,926,926,926,926,926,926,926,926,926,926,926,926,926,926,902,902,902,902,902,902,902,902,902,902,902,902,902,902,902,902,902,902,902,902,902,902,902,902,902,902,902,902,902,902,902,902,902,902,902,902,902,902,902,902,902,902,902,902,902,902,902,902,902,902,902,902,902,902,902,902,902,902,902,902,902,902,902,902,902,902,902,902,902,902,902,902,902,902,902,902,902,902,902,902,902,902,2035,2035,2035,2035,2035,2035,2035,2035,701,701,701,701,701,701,701,701,701,701,701,701,701,701,701,701,701,701,701,701,701,701,701,701,701,701,701,701,701,701,701,701,701,701,701,701,701,701,701,701,701,701,701,701,701,701,701,701,701,701,701,701,701,701,701,701,701,701,701,701,701,701,701,701,701,701,701,701,701,701,701,701,701,701,701,701,701,701,701,701,701,701,701,701,701,701,701,701,701,701,701,701,701,701,701,701,701,701,701,701,701,701,701,701,701,701,701,701,701,701,701,701,701,801,801,801,801,801,801,801,801,801,801,530,530,530,530,530,530,530,530,530,530,530,530,530,530,530,530,530,530,530,530,530,530,530,530,530,530,530,530,530,530,530,530,530,530,530,530,530,530,530,530,530,530,530,530,530,530,530,530,530,530,786,786,786,786,786,786,786,786,786,786,786,786,786,786,786,786,926,926,926,926,926,926,926,926,926,926,926,926,926,926,926,926,926,926,926,926,926,926,926,926,926,926,926,926,926
926,926,926,926,926,926,926,926,926,926,926,926,926,926,926,926,926,926,926,926,926,926,926,926,926,926,926,926,926,926,926,926,926,926,926,926,926,926,926,926,926,926,926,926,926,926,926,926,926,926,926,926,902,902,902,902,902,902,902,902,902,902,902,902,902,902,902,902,902,902,902,902,902,902,902,902,902,902,902,902,902,902,902,902,902,902,902,902,902,902,902,902,902,902,902,902,902,902,902,902,902,902,902,902,902,902,902,902,902,902,902,902,902,902,902,902,902,902,902,902,902,902,902,902,902,902,902,902,902,902,902,902,902,2035,2035,2035,2035,2035,2035,2035,2035,2035,2035,2035,701,701,701,701,701,701,701,701,701,701,701,701,701,701,701,701,701,701,701,701,701,701,701,701,701,701,701,701,701,701,701,701,701,701,701,701,701,701,701,701,701,701,701,701,701,701,701,701,701,701,701,701,701,701,701,701,701,701,701,701,701,701,701,701,701,701,701,701,701,701,701,701,701,701,701,701,701,701,701,701,701,701,701,701,701,701,701,701,701,701,701,701,701,701,701,701,701,701,701,701,701,701,701,701,701,701,701,701,701,701,701,701,801,801,801,801,801,801,801,801,530,530,530,530,530,530,530,530,530,530,530,530,530,530,530,530,530,530,530,530,530,530,530,530,530,530,530,530,530,530,530,530,530,530,530,530,530,530,530,530,530,530,530,530,530,530,530,530,530,530,530,786,786,786,786,786,786,786,786,786,786,786,786,786,786,786,926,926,926,926,926,926,926,926,926,926,926,926,926,926,926,926,926,926,926,926,926,926,926,926,926,926,926,926,926,926
926,926,926,926,926,926,926,926,926,926,926,926,926,926,926,926,926,926,926,926,926,926,926,926,926,926,926,926,926,926,926,926,926,926,926,926,926,926,926,926,926,926,926,926,926,926,926,926,926,926,926,926,902,902,902,902,902,902,902,902,902,902,902,902,902,902,902,902,902,902,902,902,902,902,902,902,902,902,902,902,902,902,902,902,902,902,902,902,902,902,902,902,902,902,902,902,902,902,902,902,902,902,902,902,902,902,902,902,902,902,902,902,902,902,902,902,902,902,902,902,902,902,902,902,902,902,902,902,902,902,902,902,902,2035,2035,2035,2035,2035,2035,2035,2035,2035,2035,2035,701,701,701,701,701,701,701,701,701,701,701,701,701,701,701,701,701,701,701,701,701,701,701,701,701,701,701,701,701,701,701,701,701,701,701,701,701,701,701,701,701,701,701,701,701,701,701,701,701,701,701,701,701,701,701,701,701,701,701,701,701,701,701,701,701,701,701,701,701,701,701,701,701,701,701,701,701,701,701,701,701,701,701,701,701,701,701,701,701,701,701,701,701,701,701,701,701,701,701,701,701,701,701,701,701,701,701,701,701,701,701,701,701,801,801,801,801,801,530,530,530,530,530,530,530,530,530,530,530,530,530,530,530,530,530,530,530,530,530,530,530,530,530,530,530,530,530,530,530,530,530,530,530,530,530,530,530,530,530,530,530,530,530,530,530,530,530,530,530,530,530,530,786,786,786,786,786,786,786,786,786,786,786,786,786,786,926,926,926,926,926,926,926,926,926,926,926,926,926,926,926,926,926,926,926,926,926,926,926,926,926,926,926,926,926,926
926,926,926,926,926,926,926,926,926,926,926,926,926,926,926,926,926,926,926,926,926,926,926,926,926,926,926,926,926,926,926,926,926,926,926,926,926,926,926,926,926,926,926,926,926,926,926,926,926,926,926,926,902,902,902,902,902,902,902,902,902,902,902,902,902,902,902,902,902,902,902,902,902,902,902,902,902,902,902,902,902,902,902,902,902,902,902,902,902,902,902,902,902,902,902,902,902,902,902,902,902,902,902,902,902,902,902,902,902,902,902,902,902,902,902,902,902,902,902,902,902,902,902,902,902,902,902,902,902,902,902,902,902,2035,2035,2035,2035,2035,2035,2035,2035,2035,2035,2035,2035,701,701,701,701,701,701,701,701,701,701,701,701,701,701,701,701,701,701,701,701,701,701,701,701,701,701,701,701,701,701,701,701,701,701,701,701,701,701,701,701,701,701,701,701,701,701,701,701,701,701,701,701,701,701,701,701,701,701,701,701,701,701,701,701,701,701,701,701,701,701,701,701,701,701,701,701,701,701,701,701,701,701,701,701,701,701,701,701,701,701,701,701,701,701,701,701,701,701,701,701,701,701,701,701,701,701,701,701,701,701,701,701,701,801,801,530,530,530,530,530,530,530,530,530,530,530,530,530,530,530,530,530,530,530,530,530,530,530,530,530,530,530,530,530,530,530,530,530,530,530,530,530,530,530,530,530,530,530,530,530,530,530,530,530,530,530,530,530,530,530,530,530,786,786,786,786,786,786,786,786,786,380,786,786,926,926,926,926,926,926,926,926,926,926,926,926,926,926,926,926,926,926,926,926,926,926,926,926,926,926,926,926,926,926,926
926,926,926,926,926,926,926,926,926,926,926,926,926,926,926,926,926,926,926,926,926,926,926,926,926,926,926,926,926,926,926,926,926,926,926,926,926,926,926,926,926,926,926,926,926,926,926,926,926,926,926,926,902,902,902,902,902,902,902,902,902,902,902,902,902,902,902,902,902,902,902,902,902,902,902,902,902,902,902,902,902,902,902,902,902,902,902,902,902,902,902,902,902,902,902,902,902,902,902,902,902,902,902,902,902,902,902,902,902,902,902,902,902,902,902,902,902,902,902,902,902,902,902,902,902,902,902,902,902,902,902,902,902,902,2035,2035,2035,2035,2035,2035,2035,2035,2035,2035,2035,701,701,701,701,701,701,701,701,701,701,701,701,701,701,701,701,701,701,701,701,701,701,701,701,701,701,701,701,701,701,701,701,701,701,701,701,701,701,701,701,701,701,701,701,701,701,701,701,701,701,701,701,701,701,701,701,701,701,701,701,701,701,701,701,701,701,701,701,701,701,701,701,701,701,701,701,701,701,701,701,701,701,701,701,701,701,701,701,701,701,701,701,701,701,701,701,701,701,701,701,701,701,701,701,701,701,701,701,701,701,701,701,701,801,530,530,530,530,530,530,530,530,530,530,530,530,530,530,530,530,530,530,530,530,530,530,530,530,530,530,530,530,530,530,530,530,530,530,530,530,530,530,530,530,530,530,530,530,530,530,530,530,530,530,530,530,530,530,530,530,530,530,786,786,786,786,786,786,786,786,380,380,380,380,380,380,380,926,926,926,926,926,926,926,926,926,926,926,926,926,926,926,926,926,926,926,926,926,926,926,926,926,926,926,926
926,926,926,926,926,926,926,926,926,926,926,926,926,926,926,926,926,926,926,926,926,926,926,926,926,926,926,926,926,926,926,926,926,926,926,926,926,926,926,926,926,926,926,926,926,926,926,926,926,926,926,926,902,902,902,902,902,902,902,902,902,902,902,902,902,902,902,902,902,902,902,902,902,902,902,902,902,902,902,902,902,902,902,902,902,902,902,902,902,902,902,902,902,902,902,902,902,902,902,902,902,902,902,902,902,902,902,902,902,902,902,902,902,902,902,902,902,902,902,902,902,902,902,902,902,902,902,902,902,902,902,902,902,902,2035,2035,2035,2035,2035,2035,2035,2035,2035,2035,2035,2035,2035,2035,205,205,205,205,205,205,205,205,205,205,205,205,205,101,101,101,101,101,101,101,101,701,701,701,701,701,701,701,701,701,701,701,701,701,701,701,701,701,701,701,701,701,701,701,701,701,701,701,701,701,701,701,701,701,701,701,701,701,701,701,701,701,701,701,701,701,701,701,701,701,701,701,701,701,701,701,701,701,701,701,701,701,701,701,701,701,701,701,701,701,701,701,701,701,701,701,701,701,701,701,701,701,701,701,701,701,701,701,701,701,701,530,530,530,530,530,530,530,530,530,530,530,530,530,530,530,530,530,530,530,530,530,530,530,530,530,530,530,530,530,530,530,530,530,530,530,530,530,530,530,530,530,530,530,530,530,530,530,530,530,530,530,530,530,530,530,530,530,530,530,786,786,786,786,786,786,380,380,380,380,380,380,380,380,926,926,926,926,926,926,926,926,926,926,926,926,926,926,926,926,926,926,926,926,926,926,926,926,926,926,926,926
926,926,926,926,926,926,926,926,926,926,926,926,926,926,926,926,926,926,926,926,926,926,926,926,926,926,926,926,926,926,926,926,926,926,926,926,926,926,926,926,926,926,926,926,926,926,926,926,926,926,926,926,926,902,902,902,902,902,902,902,902,902,902,902,902,902,902,902,902,902,902,902,902,902,902,902,902,902,902,902,902,902,902,902,902,902,902,902,902,902,902,902,902,902,902,902,902,902,902,902,902,902,902,902,902,902,902,902,902,902,902,902,902,902,902,902,902,902,902,902,902,902,902,902,902,902,902,902,902,902,902,902,902,2035,2035,2035,2035,2035,2035,2035,2035,2035,2035,2035,2035,2035,2035,2035,205,205,205,205,205,205,205,205,205,205,205,205,205,101,101,101,101,101,101,101,101,101,701,701,701,701,701,701,701,701,701,701,701,701,701,701,701,701,701,701,701,701,701,701,701,701,701,701,701,701,701,701,701,701,701,701,701,701,701,701,701,701,701,701,701,701,701,701,701,701,701,701,701,701,701,701,701,701,701,701,701,701,701,701,701,701,701,701,701,701,701,701,701,701,701,701,701,701,701,701,701,701,701,701,701,701,701,701,701,701,701,701,530,530,530,530,530,530,530,530,530,530,530,530,530,530,530,530,530,530,530,530,530,530,530,530,530,530,530,530,530,530,530,530,530,530,530,530,530,530,530,530,530,530,530,530,530,530,530,530,530,530,530,530,530,530,530,530,530,530,530,786,786,786,786,380,380,380,380,380,380,380,380,380,380,926,926,926,926,926,926,926,926,926,926,926,926,926,926,926,926,926,926,926,926,926,926,926,926,926,926,926
926,926,926,926,926,926,926,926,926,926,926,926,926,926,926,926,926,926,926,926,926,926,926,926,926,926,926,926,926,926,926,926,926,926,926,926,926,926,926,926,926,926,926,926,926,926,926,926,926,926,926,926,926,902,902,902,902,902,902,902,902,902,902,902,902,902,902,902,902,902,902,902,902,902,902,902,902,902,902,902,902,902,902,902,902,902,902,902,902,902,902,902,902,902,902,902,902,902,902,902,902,902,902,902,902,902,902,902,902,902,902,902,902,902,902,902,902,902,902,902,902,902,902,902,902,902,902,902,902,902,902,902,902,2035,2035,2035,2035,2035,2035,2035,2035,2035,2035,2035,104,104,104,104,205,205,205,205,205,205,205,205,205,205,205,205,205,101,101,101,101,101,101,101,101,701,701,701,701,701,701,701,701,701,701,701,701,701,701,701,701,701,701,701,701,701,701,701,701,701,701,701,701,701,701,701,701,701,701,701,701,701,701,701,701,701,701,701,701,701,701,701,701,701,701,701,701,701,701,701,701,701,701,701,701,701,701,701,701,701,701,701,701,701,701,701,701,701,701,701,701,701,701,701,701,701,701,701,701,701,701,701,701,701,701,701,701,530,530,530,530,530,530,530,530,530,530,530,530,530,530,530,530,530,530,530,530,530,530,530,530,530,530,530,530,530,530,530,530,530,530,530,530,530,530,530,530,530,530,530,530,530,530,530,530,530,530,530,530,530,530,530,530,530,530,786,786,786,380,380,380,380,380,380,380,380,926,926,926,926,926,926,926,926,926,926,926,926,926,926,926,926,926,926,926,926,926,926,926,926,926,926,926,926,926,926
926,926,926,926,926,926,926,926,926,926,926,926,926,926,926,926,926,926,926,926,926,926,926,926,926,926,926,926,926,926,926,926,926,926,926,926,926,926,926,926,926,926,926,926,926,926,926,926,926,926,926,926,926,902,902,902,902,902,902,902,902,902,902,902,902,902,902,902,902,902,902,902,902,902,902,902,902,902,902,902,902,902,902,902,902,902,902,902,902,902,902,902,902,902,902,902,902,902,902,902,902,902,902,902,902,902,902,902,902,902,902,902,902,902,902,902,902,902,902,902,902,902,902,902,902,902,902,902,902,902,902,902,902,2035,2035,2035,2035,2035,2035,2035,2035,2035,104,104,104,104,104,104,205,205,205,205,205,205,205,205,205,205,205,205,101,101,101,101,101,101,101,101,101,701,701,701,701,701,701,701,701,701,701,701,701,701,701,701,701,701,701,701,701,701,701,701,701,701,701,701,701,701,701,701,701,701,701,701,701,701,701,701,701,701,701,701,701,701,701,701,701,701,701,701,701,701,701,701,701,701,701,701,701,701,701,701,701,701,701,701,701,701,701,701,701,701,701,701,701,701,701,701,701,701,701,701,701,701,701,701,701,701,701,701,530,530,530,530,530,530,530,530,530,530,530,530,530,530,530,530,530,530,530,530,530,530,530,530,530,530,530,530,530,530,530,530,530,530,530,530,530,530,530,530,530,530,530,530,530,530,530,530,530,530,530,530,530,530,530,530,530,530,530,530,380,380,380,380,380,380,380,380,380,926,926,926,926,926,926,926,926,926,926,926,926,926,926,926,926,926,926,926,926,926,926,926,926,926,926,926,926,926,926,926
926,926,926,926,926,926,926,926,926,926,926,926,926,926,926,926,926,926,926,926,926,926,926,926,926,926,926,926,926,926,926,926,926,926,926,926,926,926,926,926,926,926,926,926,926,926,926,926,926,926,926,926,926,902,902,902,902,902,902,902,902,902,902,902,902,902,902,902,902,902,902,902,902,902,902,902,902,902,902,902,902,902,902,902,902,902,902,902,902,902,902,902,902,902,902,902,902,902,902,902,902,902,902,902,902,902,902,902,902,902,902,902,902,902,902,902,902,902,902,902,902,902,902,902,902,902,902,902,902,902,902,902,902,2035,2035,2035,2035,2035,2035,2035,104,104,104,104,104,104,104,104,205,205,205,205,205,205,205,205,205,205,205,205,101,101,101,101,101,101,101,101,101,101,701,701,701,701,701,701,701,701,701,701,701,701,701,701,701,701,701,701,701,701,701,701,701,701,701,701,701,701,701,701,701,701,701,701,701,701,701,701,701,701,701,701,701,701,701,701,701,701,701,701,701,701,701,701,701,701,701,701,701,701,701,701,701,701,701,701,701,701,701,701,701,701,701,701,701,701,701,701,701,701,701,701,701,701,701,701,701,701,530,530,530,530,530,530,530,530,530,530,530,530,530,530,530,530,530,530,530,530,530,530,530,530,530,530,530,530,530,530,530,530,530,530,530,530,530,530,530,530,530,530,530,530,530,530,530,530,530,530,530,530,530,530,530,530,530,530,530,530,380,380,380,380,380,380,380,380,380,380,380,926,926,926,926,926,926,926,926,926,926,926,926,926,926,926,926,926,926,926,926,926,926,926,926,926,926,926,926,926,926,926
926,926,926,926,926,926,926,926,926,926,926,926,926,926,926,926,926,926,926,926,926,926,926,926,926,926,926,926,926,926,926,926,926,926,926,926,926,926,926,926,926,926,926,926,926,926,926,926,926,926,926,926,926,902,902,902,902,902,902,902,902,902,902,902,902,902,902,902,902,902,902,902,902,902,902,902,902,902,902,902,902,902,902,902,902,902,902,902,902,902,902,902,902,902,902,902,902,902,902,902,902,902,902,902,902,902,902,902,902,902,902,902,902,902,902,902,902,902,902,902,902,902,902,902,902,902,902,902,902,902,902,902,902,2035,2035,2035,2035,104,104,104,104,104,104,104,104,104,104,104,205,205,205,205,205,205,205,205,205,205,205,205,101,101,101,101,101,101,101,101,101,101,101,701,701,701,701,701,701,701,701,701,701,701,701,701,701,701,701,701,701,701,701,701,701,701,701,701,701,701,701,701,701,701,701,701,701,701,701,701,701,701,701,701,701,701,701,701,701,701,701,701,701,701,701,701,701,701,701,701,701,701,701,701,701,701,701,701,701,701,701,701,701,701,701,701,701,701,701,701,701,701,701,701,701,701,701,701,701,530,530,530,530,530,530,530,530,530,530,530,530,530,530,530,530,530,530,530,530,530,530,530,530,530,530,530,530,530,530,530,530,530,530,530,530,530,530,530,530,530,530,530,530,530,530,530,530,530,530,530,530,530,530,530,530,530,530,530,380,380,380,380,380,380,380,380,380,380,380,380,380,926,926,926,926,926,926,926,926,926,926,926,926,926,926,926,926,926,926,926,926,926,926,926,926,926,926,926,926,926,926,926
926,926,926,926,926,926,926,926,926,926,926,926,926,926,926,926,926,926,926,926,926,926,926,926,926,926,926,926,926,926,926,926,926,926,926,926,926,926,926,926,926,926,926,926,926,926,926,926,926,926,926,926,926,902,902,902,902,902,902,902,902,902,902,902,902,902,902,902,902,902,902,902,902,902,902,902,902,902,902,902,902,902,902,902,902,902,902,902,902,902,902,902,902,902,902,902,902,902,902,902,902,902,902,902,902,902,902,902,902,902,902,902,902,902,902,902,902,902,902,902,902,902,902,902,902,902,902,902,902,902,902,902,902,2035,2035,2035,104,104,104,104,104,104,104,104,104,104,104,101,205,205,205,205,205,205,205,205,205,205,205,101,101,101,101,101,101,101,101,101,101,101,101,701,701,701,701,701,701,701,701,701,701,701,701,701,701,701,701,701,701,701,701,701,701,701,701,701,701,701,701,701,701,701,701,701,701,701,701,701,701,701,701,701,701,701,701,701,701,701,701,701,701,701,701,701,701,701,701,701,701,701,701,701,301,701,701,701,701,701,701,701,701,701,701,701,701,701,701,701,701,701,701,701,701,701,701,701,530,530,530,530,530,530,530,530,530,530,530,530,530,530,530,530,530,530,530,530,530,530,530,530,530,530,530,530,530,530,530,530,530,530,530,530,530,530,530,530,530,530,530,530,530,530,530,530,530,530,530,530,530,530,530,530,530,530,380,380,380,380,380,380,380,380,380,380,380,380,380,380,380,926,926,926,926,926,926,926,926,926,926,926,926,926,926,926,926,926,926,926,926,926,926,926,926,926,926,926,926,926,926,926
926,926,926,926,926,926,926,926,926,926,926,926,926,926,926,926,926,926,926,926,926,926,926,926,926,926,926,926,926,926,926,926,926,926,926,926,926,926,926,926,926,926,926,926,926,926,926,926,926,926,926,926,926,902,902,902,902,902,902,902,902,902,902,902,902,902,902,902,902,902,902,902,902,902,902,902,902,902,902,902,902,902,902,902,902,902,902,902,902,902,902,902,902,902,902,902,902,902,902,902,902,902,902,902,902,902,902,902,902,902,902,902,902,902,902,902,902,902,902,902,902,902,902,902,902,902,902,902,902,902,902,902,902,2035,2035,2035,104,104,104,104,104,104,104,104,104,104,101,101,101,205,205,205,205,205,205,205,205,205,101,101,101,101,101,101,101,101,101,101,101,101,101,101,701,701,701,701,701,701,701,701,701,701,701,701,701,701,701,701,701,701,701,701,701,701,701,701,701,701,701,701,701,701,701,701,701,701,701,701,701,701,701,701,701,701,701,701,701,701,701,701,701,701,701,701,701,701,701,701,701,301,301,301,301,301,701,701,701,701,701,701,701,701,701,701,701,701,701,701,701,701,701,701,701,701,530,530,530,530,530,530,530,530,530,530,530,530,530,530,530,530,530,530,530,530,530,530,530,530,530,530,530,530,530,530,530,530,530,530,530,530,530,530,530,530,530,530,530,530,530,530,530,530,530,530,530,530,530,530,530,530,530,530,380,380,380,380,380,380,380,380,380,380,380,380,380,380,380,380,380,926,926,926,926,926,926,926,926,926,926,926,926,926,926,926,926,926,926,926,926,926,926,926,926,926,926,926,926,926,926,926
926,926,926,926,926,926,926,926,926,926,926,926,926,926,926,926,926,926,926,926,926,926,926,926,926,926,926,926,926,926,926,926,926,926,926,926,926,926,926,926,926,926,926,926,926,926,926,926,926,926,926,926,926,926,902,902,902,902,902,902,902,902,902,902,902,902,902,902,902,902,902,902,902,902,902,902,902,902,902,902,902,902,902,902,902,902,902,902,902,902,902,902,902,902,902,902,902,902,902,902,902,902,902,902,902,902,902,902,902,902,902,902,902,902,902,902,902,902,902,902,902,902,902,902,902,902,902,902,902,902,902,902,902,2035,2035,2035,104,104,104,104,104,104,104,104,104,101,101,101,101,101,205,205,205,205,205,205,101,101,101,101,101,101,101,101,101,101,101,101,101,101,101,101,701,701,701,701,701,701,701,701,701,701,701,701,701,701,701,701,701,701,701,701,701,701,701,701,701,701,701,701,701,701,701,701,701,701,701,701,701,701,701,701,701,701,701,701,701,701,701,701,701,701,701,701,701,701,701,301,301,301,301,301,301,301,301,701,701,701,701,701,701,701,701,701,701,701,701,701,701,701,701,701,701,530,530,530,530,530,530,530,530,530,530,530,530,530,530,530,530,530,530,530,530,530,530,530,530,530,530,530,530,530,530,530,530,530,530,530,530,530,530,530,530,530,530,530,530,530,530,530,530,530,530,530,530,530,530,530,530,530,530,380,380,380,380,380,380,380,380,380,380,380,380,380,380,380,380,380,926,926,926,926,926,926,926,926,926,926,926,926,926,926,926,926,926,926,926,926,926,926,926,926,926,926,926,926,926,926,926,926
926,926,926,926,926,926,926,926,926,926,926,926,926,926,926,926,926,926,926,926,926,926,926,926,926,926,926,926,926,926,926,926,926,926,926,926,926,926,926,926,926,926,926,926,926,926,926,926,926,926,926,926,926,926,902,902,902,902,902,902,902,902,902,902,902,902,902,902,902,902,902,902,902,902,902,902,902,902,902,902,902,902,902,902,902,902,902,902,902,902,902,902,902,902,902,902,902,902,902,902,902,902,902,902,902,902,902,902,902,902,902,902,902,902,902,902,902,902,902,902,902,902,902,902,902,902,902,902,902,902,902,902,902,902,2035,104,104,104,104,104,104,104,104,104,101,101,101,101,101,101,101,101,101,101,101,101,101,101,101,101,101,101,101,101,101,101,101,101,101,101,101,101,101,701,701,701,701,701,701,701,701,701,701,701,701,701,701,701,701,701,701,701,701,701,701,701,701,701,701,701,701,701,701,701,701,701,701,701,701,701,701,701,701,701,701,701,701,701,701,701,701,701,701,701,701,301,301,301,301,301,301,301,301,301,301,301,701,701,701,701,701,701,701,701,701,701,701,701,701,701,701,530,530,530,530,530,530,530,530,530,530,530,530,530,530,530,530,530,530,530,530,530,530,530,530,530,530,530,530,530,530,530,530,530,530,530,530,530,530,530,530,530,530,530,530,530,530,530,530,530,530,530,530,530,530,530,530,530,530,530,380,380,380,380,380,380,380,380,380,380,380,380,380,380,380,380,380,380,926,926,926,926,926,926,926,926,926,926,926,926,926,926,926,926,926,926,926,926,926,926,926,926,926,926,926,926,926,926,926,926
926,926,926,926,926,926,926,926,926,926,926,926,926,926,926,926,926,926,926,926,926,926,926,926,926,926,926,926,926,926,926,926,926,926,926,926,926,926,926,926,926,926,926,926,926,926,926,926,926,926,926,926,926,926,902,902,902,902,902,902,902,902,902,902,902,902,902,902,902,902,902,902,902,902,902,902,902,902,902,902,902,902,902,902,902,902,902,902,902,902,902,902,902,902,902,902,902,902,902,902,902,902,902,902,902,902,902,902,902,902,902,902,902,902,902,902,902,902,902,902,902,902,902,902,902,902,902,902,902,902,902,902,902,902,2035,104,104,104,104,104,104,104,104,101,101,101,101,101,101,101,101,101,101,101,101,101,101,101,101,101,101,101,101,101,101,101,101,101,101,101,101,101,101,701,701,701,701,701,701,701,701,701,701,701,701,701,701,701,701,701,701,701,701,701,701,701,701,701,701,701,701,701,701,701,701,701,701,701,701,701,701,701,701,701,701,701,701,701,701,701,701,701,701,701,701,301,301,301,301,301,301,301,301,301,301,301,301,701,701,701,701,701,701,701,701,701,701,701,701,701,530,530,530,530,530,530,530,530,530,530,530,530,530,530,530,530,530,530,530,530,530,530,530,530,530,530,530,530,530,530,530,530,530,530,530,530,530,530,530,530,530,530,530,530,530,530,530,530,530,530,530,530,530,530,530,530,530,530,530,380,380,380,380,380,380,380,380,380,380,380,380,380,380,380,380,380,380,380,380,926,926,926,926,926,926,926,926,926,926,926,926,926,926,926,926,926,926,926,926,926,926,926,926,926,926,926,926,926,926,926
926,926,926,926,926,926,926,926,926,926,926,926,926,926,926,926,926,926,926,926,926,926,926,926,926,926,926,926,926,926,926,926,926,926,926,926,926,926,926,926,926,926,926,926,926,926,926,926,926,926,926,926,926,926,926,926,926,926,902,902,902,902,902,902,902,902,902,902,902,902,902,902,902,902,902,902,902,902,902,902,902,902,902,902,902,902,902,902,902,902,902,902,902,902,902,902,902,902,902,902,902,902,902,902,902,902,902,902,902,902,902,902,902,902,902,902,902,902,902,902,902,902,902,902,902,902,902,902,902,902,902,902,902,902,902,104,104,104,104,104,104,101,101,101,101,101,101,101,101,101,101,101,101,101,101,101,101,101,101,101,101,101,101,101,101,101,101,101,101,101,101,101,101,101,701,701,701,701,701,701,701,701,701,701,701,701,701,701,701,701,701,701,706,706,706,706,706,706,706,706,706,706,706,706,701,701,701,701,701,701,701,701,701,701,701,701,701,701,701,701,701,701,701,701,301,301,301,301,301,301,301,301,301,301,301,301,301,701,701,701,701,701,701,701,701,701,530,701,530,530,530,530,530,530,530,530,530,530,530,530,530,530,530,530,530,530,530,530,530,530,530,530,530,530,530,530,530,530,530,530,530,530,530,530,530,530,530,530,530,530,530,530,530,530,530,530,380,380,380,380,380,380,380,530,530,530,530,530,380,380,380,380,380,380,380,380,380,380,380,380,380,380,380,380,380,380,380,380,380,926,926,926,926,926,926,926,926,926,926,926,926,926,926,926,926,926,926,926,926,926,926,926,926,926,926,926,926,926,926,926
926,926,926,926,926,926,926,926,926,926,926,926,926,926,926,926,926,926,926,926,926,926,926,926,926,926,926,926,926,926,926,926,926,926,926,926,926,926,926,926,926,926,926,926,926,926,926,926,926,926,926,926,926,926,926,926,926,926,926,902,902,902,902,902,902,902,902,902,902,902,902,902,902,902,902,902,902,902,902,902,902,902,902,902,902,902,902,902,902,902,902,902,902,902,902,902,902,902,902,902,902,902,902,902,902,902,902,902,902,902,902,902,902,902,902,902,902,902,902,902,902,902,902,902,902,902,902,902,902,902,902,902,902,902,104,104,104,104,104,104,101,101,101,101,101,101,101,101,101,101,101,101,101,101,101,101,101,101,101,101,101,101,101,101,101,101,101,101,101,101,101,101,101,101,101,701,701,701,701,701,701,701,701,701,701,701,701,701,706,706,706,706,706,706,706,706,706,706,706,706,301,301,301,301,701,701,701,701,701,701,701,701,701,701,701,701,701,701,701,701,701,701,701,701,301,301,301,301,301,301,301,301,301,301,301,301,301,301,701,701,701,701,701,701,530,530,530,530,530,530,530,530,530,530,530,530,530,530,530,530,530,530,530,530,530,530,530,530,530,530,530,530,530,530,530,530,530,530,530,530,530,530,530,530,530,530,530,530,530,530,380,380,380,380,380,380,380,380,380,380,380,380,380,380,530,530,380,380,380,380,380,380,380,380,380,380,380,380,380,380,380,380,380,380,380,380,380,380,380,380,926,926,926,926,926,926,926,926,926,926,926,926,926,926,926,926,926,926,926,926,926,926,926,926,926,926,926,926,926,926
926,926,926,926,926,926,926,926,926,926,926,926,926,926,926,926,926,926,926,926,926,926,926,926,926,926,926,926,926,926,926,926,926,926,926,926,926,926,926,926,926,926,926,926,926,926,926,926,926,926,926,926,926,926,926,926,926,926,926,902,902,902,902,902,902,902,902,902,902,902,902,902,902,902,902,902,902,902,902,902,902,902,902,902,902,902,902,902,902,902,902,902,902,902,902,902,902,902,902,902,902,902,902,902,902,902,902,902,902,902,902,902,902,902,902,902,902,902,902,902,902,902,902,902,902,902,902,902,902,902,902,902,902,902,104,104,104,104,104,101,101,101,101,101,101,101,101,101,101,101,101,101,101,101,101,101,101,101,101,101,101,101,101,101,101,101,101,101,101,101,101,101,101,101,101,101,101,701,701,701,701,701,701,701,701,701,706,706,706,706,706,706,706,706,706,706,706,301,301,301,301,301,301,301,301,301,301,301,301,701,701,701,701,701,701,701,701,701,701,701,701,701,701,301,301,301,301,301,301,301,301,301,301,301,301,301,301,301,701,701,701,701,701,530,530,530,530,530,530,530,530,530,530,530,530,530,530,530,530,530,530,530,530,530,530,530,530,530,530,530,530,530,530,530,530,530,530,530,530,530,530,530,530,530,530,530,530,380,380,380,380,380,380,380,380,380,380,380,380,380,380,380,380,380,530,380,380,380,380,380,380,380,380,380,380,380,380,380,380,380,380,380,380,380,380,380,380,380,380,380,926,926,926,926,926,926,926,926,926,926,926,926,926,926,926,926,926,926,926,926,926,926,926,926,926,926,926,926,926,926
926,926,926,926,926,926,926,926,926,926,926,926,926,926,926,926,926,926,926,926,926,926,926,926,926,926,926,926,926,926,926,926,926,926,926,926,926,926,926,926,926,926,926,926,926,926,926,926,926,926,926,926,926,926,926,926,926,926,926,902,902,902,902,902,902,902,902,902,902,902,902,902,902,902,902,902,902,902,902,902,902,902,902,902,902,902,902,902,902,902,902,902,902,902,902,902,902,902,902,902,902,902,902,902,902,902,902,902,902,902,902,902,902,902,902,902,902,902,902,902,902,902,902,902,902,902,902,902,902,902,902,902,902,104,104,104,104,104,101,101,101,101,101,101,101,101,101,101,101,101,101,101,101,101,101,101,101,101,101,101,101,101,101,101,101,101,101,101,101,101,101,101,101,101,101,101,101,101,101,101,701,701,701,701,706,706,706,706,706,706,706,706,706,706,706,301,301,301,301,301,301,301,301,301,301,301,301,301,301,301,701,701,701,701,701,701,701,701,701,701,701,701,701,301,301,301,301,301,301,301,301,301,301,301,301,301,301,301,301,701,701,530,530,530,530,530,530,530,530,530,530,530,530,530,530,530,530,530,530,530,530,530,530,530,530,530,530,530,530,530,530,530,530,530,530,530,530,530,530,530,530,530,530,530,380,380,380,380,380,380,380,380,380,380,380,380,380,380,380,380,380,380,380,380,380,380,380,380,380,380,380,380,380,380,380,380,380,380,380,380,380,380,380,380,380,380,380,380,380,380,926,926,926,926,926,926,926,926,926,926,926,926,926,926,926,926,926,926,926,926,926,926,926,926,926,926,926,926,926,926
926,926,926,926,926,926,926,926,926,926,926,926,926,926,926,926,926,926,926,926,926,926,926,926,926,926,926,926,926,926,926,926,926,926,926,926,926,926,926,926,926,926,926,926,926,926,926,926,926,926,926,926,926,926,926,926,926,926,926,902,902,902,902,902,902,902,902,902,902,902,902,902,902,902,902,902,902,902,902,902,902,902,902,902,902,902,902,902,902,902,902,902,902,902,902,902,902,902,902,902,902,902,902,902,902,902,902,902,902,902,902,902,902,902,902,902,902,902,902,902,902,902,902,902,902,902,902,902,902,902,902,902,902,104,104,104,104,101,101,101,101,101,101,101,101,101,101,101,101,101,101,101,101,101,101,101,101,101,101,101,101,101,101,101,101,101,101,101,101,101,101,101,101,101,101,101,101,101,101,101,101,101,101,101,706,706,706,706,706,706,706,706,706,706,301,301,301,301,301,301,301,301,301,301,301,301,301,301,301,301,701,701,701,701,701,701,701,701,701,701,701,701,701,301,301,301,301,301,301,301,301,301,301,301,301,301,301,301,301,701,530,530,530,530,530,530,530,530,530,530,530,530,530,530,530,530,530,530,530,530,530,530,530,530,530,530,530,530,530,530,530,530,530,530,530,530,530,530,530,530,530,380,380,380,380,380,380,380,380,380,380,380,380,380,380,380,380,380,380,380,380,380,380,380,380,380,380,380,380,380,380,380,380,380,380,380,380,380,380,380,380,380,380,380,380,380,380,380,380,380,926,926,926,926,926,926,926,926,926,926,926,926,926,926,926,926,926,926,926,926,926,926,926,926,926,926,926,926,926,926
926,926,926,926,926,926,926,926,926,926,926,926,926,926,926,926,926,926,926,926,926,926,926,926,926,926,926,926,926,926,926,926,926,926,926,926,926,926,926,926,926,926,926,926,926,926,926,926,926,926,926,926,926,926,926,926,926,926,926,902,902,902,902,902,902,902,902,902,902,902,902,902,902,902,902,902,902,902,902,902,902,902,902,902,902,902,902,902,902,902,902,902,902,902,902,902,902,902,902,902,902,902,902,902,902,902,902,902,902,902,902,902,902,902,902,902,902,902,902,902,902,902,902,902,902,902,902,902,902,902,902,902,902,104,104,101,101,101,101,101,101,101,101,101,101,101,101,101,101,101,101,101,101,101,101,101,101,101,101,101,101,101,101,101,101,101,101,101,101,101,101,101,101,101,101,101,101,101,101,101,101,101,101,101,101,706,706,706,706,706,706,706,706,301,301,301,301,301,301,301,301,301,301,301,301,301,301,301,301,301,701,701,701,701,701,701,701,701,701,701,701,701,301,301,301,301,301,301,301,301,301,301,301,301,301,301,301,301,301,301,530,530,530,530,530,530,530,530,530,530,530,530,530,530,530,530,530,530,530,530,530,530,530,530,530,530,530,530,530,301,301,301,301,530,530,530,530,530,530,380,380,380,380,380,380,380,380,380,380,380,380,380,380,380,380,380,380,380,380,380,380,380,380,380,380,380,380,380,380,380,380,380,380,380,380,380,380,380,380,380,380,380,380,380,380,380,380,380,380,380,380,926,926,926,926,926,926,926,926,926,926,926,926,926,926,926,926,926,926,926,926,926,926,926,926,926,926,926,926,926
926,926,926,926,926,926,926,926,926,926,926,926,926,926,926,926,926,926,926,926,926,926,926,926,926,926,926,926,926,926,926,926,926,926,926,926,926,926,926,926,926,926,926,926,926,926,926,926,926,926,926,926,926,926,926,926,926,926,926,926,902,902,902,902,902,902,902,902,902,902,902,902,902,902,902,902,902,902,902,902,902,902,902,902,902,902,902,902,902,902,902,902,902,902,902,902,902,902,902,902,902,902,902,902,902,902,902,902,902,902,902,902,902,902,902,902,902,902,902,902,902,902,902,902,902,902,902,902,902,902,902,902,104,104,101,101,101,101,101,101,101,101,101,101,101,101,101,101,101,101,101,101,101,101,101,101,101,101,101,101,101,101,101,101,101,101,101,101,101,101,101,101,101,101,101,101,101,101,101,101,101,101,101,101,101,101,101,101,706,706,706,301,301,301,301,301,301,301,301,301,301,301,301,301,301,301,301,301,301,301,301,701,701,701,701,701,701,701,701,701,701,701,301,301,301,301,301,301,301,301,301,301,301,301,301,301,301,301,301,301,530,530,530,530,530,530,530,530,530,530,530,530,530,530,530,530,530,530,530,530,530,530,530,530,530,530,530,301,301,301,301,301,301,301,530,530,530,380,380,380,380,380,380,380,380,380,380,380,380,380,380,380,380,380,380,380,380,380,380,380,380,380,380,380,380,380,380,380,380,380,380,380,380,380,380,380,380,380,380,380,380,380,380,380,380,380,380,380,380,380,380,926,926,926,926,926,926,926,926,926,926,926,926,926,926,926,926,926,926,926,926,926,926,926,926,926,926,926,926,926
926,926,926,926,926,926,926,926,926,926,926,926,926,926,926,926,926,926,926,926,926,926,926,926,926,926,926,926,926,926,926,926,926,926,926,926,926,926,926,926,926,926,926,926,926,926,926,926,926,926,926,926,926,926,926,926,926,926,926,926,902,902,902,902,902,902,902,902,902,902,902,902,902,902,902,902,902,902,902,902,902,902,902,902,902,902,902,902,902,902,902,902,902,902,902,902,902,902,902,902,902,902,902,902,902,902,902,902,902,902,902,902,902,902,902,902,902,902,902,902,902,902,902,902,902,902,902,902,902,902,902,902,104,101,101,101,101,101,101,101,101,101,101,101,101,101,101,101,101,101,101,101,101,101,101,101,101,101,101,101,101,101,101,101,101,101,101,101,101,101,101,101,101,101,101,101,101,101,101,101,101,101,101,101,101,101,101,101,101,706,301,301,301,301,301,301,301,301,301,301,301,301,301,301,301,301,301,301,301,301,301,701,701,701,701,701,701,701,701,701,701,701,301,301,301,301,301,301,301,301,301,301,301,301,301,301,301,301,301,301,301,530,530,530,530,530,530,530,530,530,530,530,530,530,530,530,530,530,530,530,530,530,530,530,530,301,301,301,301,301,301,301,301,301,530,380,380,380,380,380,380,380,380,380,380,380,380,380,380,380,380,380,380,380,380,380,380,380,380,380,380,380,380,380,380,380,380,380,380,380,380,380,380,380,380,380,380,380,380,380,380,380,380,380,380,380,380,380,380,380,380,926,926,926,926,926,926,926,926,926,926,926,926,926,926,926,926,926,926,926,926,926,926,926,926,926,926,926,926,926
926,926,926,926,926,926,926,926,926,926,926,926,926,926,926,926,926,926,926,926,926,926,926,926,926,926,926,926,926,926,926,926,926,926,926,926,926,926,926,926,926,926,926,926,926,926,926,926,926,926,926,926,926,926,926,926,926,926,926,926,902,902,902,902,902,902,902,902,902,902,902,902,902,902,902,902,902,902,902,902,902,902,902,902,902,902,902,902,902,902,902,902,902,902,902,902,902,902,902,902,902,902,902,902,902,902,902,902,902,902,902,902,902,902,902,902,902,902,902,902,902,902,902,902,902,902,902,902,902,902,902,101,101,101,101,101,101,101,101,101,101,101,101,101,101,101,101,101,101,101,101,101,101,101,101,101,101,101,101,101,101,101,101,101,101,101,101,101,101,101,101,101,101,101,101,101,101,101,101,101,101,101,101,101,101,101,101,101,101,101,301,301,301,301,301,301,301,301,301,301,301,301,301,301,301,301,301,301,301,301,301,301,701,701,701,701,701,701,701,701,701,701,701,301,301,301,301,301,301,301,301,301,301,301,301,301,301,301,301,301,301,530,530,530,530,530,530,530,530,530,530,530,530,530,530,530,530,530,530,530,530,530,530,301,301,301,301,301,301,301,301,301,301,380,380,380,380,380,380,380,380,380,380,380,380,380,380,380,380,380,380,380,380,380,380,380,380,380,380,380,380,380,380,380,380,380,380,380,380,380,380,380,380,380,380,380,380,380,380,380,380,380,380,380,380,380,380,380,380,380,380,926,926,926,926,926,926,926,926,926,926,926,926,926,926,926,926,926,926,926,926,926,926,926,926,926,926,926,926,926
926,926,926,926,926,926,926,926,926,926,926,926,926,926,926,926,926,926,926,926,926,926,926,926,926,926,926,926,926,926,926,926,926,926,926,926,926,926,926,926,926,926,926,926,926,926,926,926,926,926,926,926,926,926,926,926,926,926,926,926,902,902,902,902,902,902,902,902,902,902,902,902,902,902,902,902,902,902,902,902,902,902,902,902,902,902,902,902,902,902,902,902,902,902,902,902,902,902,902,902,902,902,902,902,902,902,902,902,902,902,902,902,902,902,902,902,902,902,902,902,902,902,902,902,902,902,902,902,902,902,902,101,101,101,101,101,101,101,101,101,101,101,101,101,101,101,101,101,101,101,101,101,101,101,101,101,101,101,101,101,101,101,101,101,101,101,101,101,101,101,101,101,101,101,101,101,101,101,101,101,101,101,101,101,101,101,101,101,101,101,101,101,301,301,301,301,301,301,301,301,301,301,301,301,301,301,301,301,301,301,301,301,301,701,701,701,701,701,701,701,701,701,701,301,301,301,301,301,301,301,301,301,301,301,301,301,301,301,301,301,301,301,530,530,530,530,530,530,530,530,530,530,530,530,530,530,530,530,530,530,530,530,301,301,301,301,301,301,301,301,301,301,380,380,380,380,380,380,380,380,380,380,380,380,380,380,380,380,380,380,380,380,380,380,380,380,380,380,380,380,380,380,380,380,380,380,380,380,380,380,380,380,380,380,380,380,380,380,380,380,380,380,380,380,380,380,380,380,380,380,380,380,926,926,926,926,926,926,926,926,926,926,926,926,926,926,926,926,926,926,926,926,926,926,926,926,926,926,926,926
926,926,926,926,926,926,926,926,926,926,926,926,926,926,926,926,926,926,926,926,926,926,926,926,926,926,926,926,926,926,926,926,926,926,926,926,926,926,926,926,926,926,926,926,926,926,926,926,926,926,926,926,926,926,926,926,926,926,926,926,902,902,902,902,902,902,902,902,902,902,902,902,902,902,902,902,902,902,902,902,902,902,902,902,902,902,902,902,902,902,902,902,902,902,902,902,902,902,902,902,902,902,902,902,902,902,902,902,902,902,902,902,902,902,902,902,902,902,902,902,902,902,902,902,902,902,902,902,902,902,101,101,101,101,101,101,101,101,101,101,101,101,101,101,101,101,101,101,101,101,101,101,101,101,101,101,101,101,101,101,101,101,101,101,101,101,101,101,101,101,101,101,101,101,101,101,101,101,101,101,101,101,101,101,101,101,101,101,101,101,101,101,101,301,301,301,301,301,301,301,301,301,301,301,301,301,301,301,301,301,301,301,301,301,301,701,701,701,701,701,701,701,701,701,301,301,301,301,301,301,301,301,301,301,301,301,301,301,301,301,301,301,530,530,530,530,530,530,530,530,530,530,530,530,530,530,530,530,530,530,530,301,301,301,301,301,301,301,301,301,301,380,380,380,380,380,380,380,380,380,380,380,380,380,380,380,380,380,380,380,380,380,380,380,380,380,380,380,380,380,380,380,380,380,380,380,380,380,380,380,380,380,380,380,380,380,380,380,380,380,380,380,380,380,380,380,380,380,380,380,380,380,926,926,926,926,926,926,926,926,926,926,926,926,926,926,926,926,926,926,926,926,926,926,926,926,926,926,926,926
926,926,926,926,926,926,926,926,926,926,926,926,926,926,926,926,926,926,926,926,926,926,926,926,926,926,926,926,926,926,926,926,926,926,926,926,926,926,926,926,926,926,926,926,926,926,926,926,926,926,926,926,926,926,926,926,926,926,926,926,902,902,902,902,902,902,902,902,902,902,902,902,902,902,902,902,902,902,902,902,902,902,902,902,902,902,902,902,902,902,902,902,902,902,902,902,902,902,902,902,902,902,902,902,902,902,902,902,902,902,902,902,902,902,902,902,902,902,902,902,902,902,902,902,902,902,902,902,902,902,101,101,101,101,101,101,101,101,101,101,101,101,101,101,101,101,101,101,101,101,101,101,101,101,101,101,101,101,101,101,101,101,101,101,101,101,101,101,101,101,101,101,101,101,101,101,101,101,101,101,101,101,101,101,101,101,101,101,101,101,101,101,101,101,101,301,301,301,301,301,301,301,301,301,301,301,301,301,301,301,301,301,301,301,301,301,701,701,701,701,701,701,701,701,301,301,301,301,301,301,301,301,301,301,301,301,301,301,301,301,301,301,301,530,530,530,530,530,530,530,530,530,530,530,530,530,530,530,530,301,301,301,301,301,301,301,301,301,301,301,380,380,380,380,380,380,380,380,380,380,380,380,380,380,380,380,380,380,380,380,380,380,380,380,380,380,380,380,380,380,380,380,380,380,380,380,380,380,380,380,380,380,380,380,380,380,380,380,380,380,380,380,380,380,380,380,380,380,380,380,380,380,926,926,926,926,926,926,926,926,926,926,926,926,926,926,926,926,926,926,926,926,926,926,926,926,926,926,926,926
926,926,926,926,926,926,926,926,926,926,926,926,926,926,926,926,926,926,926,926,926,926,926,926,926,926,926,926,926,926,926,926,926,926,926,926,926,926,926,926,926,926,926,926,926,926,926,926,926,926,926,926,926,926,926,926,926,926,926,926,926,902,902,902,902,902,902,902,902,902,902,902,902,902,902,902,902,902,902,902,902,902,902,902,902,902,902,902,902,902,902,902,902,902,902,902,902,902,902,902,902,902,902,902,902,902,902,902,902,902,902,902,902,902,902,902,902,902,902,902,902,902,902,902,902,902,902,902,902,902,101,101,101,101,101,101,101,101,101,101,101,101,101,101,101,101,101,101,101,101,101,101,101,101,101,101,101,101,101,101,101,101,101,101,101,101,101,101,101,101,101,101,101,101,101,101,101,101,101,101,101,101,101,101,101,101,101,101,101,101,101,101,101,101,101,101,301,301,301,301,301,301,301,301,301,301,301,301,301,301,301,301,301,301,301,301,301,301,301,701,701,701,701,701,701,301,301,301,301,301,301,301,301,301,301,301,301,301,301,301,301,301,301,530,530,530,530,530,530,530,530,530,530,530,530,530,301,301,301,301,301,301,301,301,301,301,301,301,301,301,380,380,380,380,380,380,380,380,380,380,380,380,380,380,380,380,380,380,380,380,380,380,380,380,380,380,380,380,380,380,380,380,380,380,380,380,380,380,380,380,380,380,380,380,380,380,380,380,380,380,380,380,380,380,380,380,380,380,380,380,380,380,380,926,926,926,926,926,926,926,926,926,926,926,926,926,926,926,926,926,926,926,926,926,926,926,926,926,926,926
926,926,926,926,926,926,926,926,926,926,926,926,926,926,926,926,926,926,926,926,926,926,926,926,926,926,926,926,926,926,926,926,926,926,926,926,926,926,926,926,926,926,926,926,926,926,926,926,926,926,926,926,926,926,926,926,926,926,926,926,926,902,902,902,902,902,902,902,902,902,902,902,902,902,902,902,902,902,902,902,902,902,902,902,902,902,902,902,902,902,902,902,902,902,902,902,902,902,902,902,902,902,902,902,902,902,902,902,902,902,902,902,902,902,902,902,902,902,902,902,902,902,902,902,902,902,902,902,902,101,101,101,101,101,101,101,101,101,101,101,101,101,101,101,101,101,101,101,101,101,101,101,101,101,101,101,101,101,101,101,101,101,101,101,101,101,101,101,101,101,101,101,101,101,101,101,101,101,101,101,101,101,101,101,101,101,101,101,101,101,101,101,101,101,101,101,101,301,301,301,301,301,301,301,301,301,301,301,301,301,301,301,301,301,301,301,301,301,301,301,301,301,701,701,701,701,301,301,301,301,301,301,301,301,301,301,301,301,301,301,301,301,301,301,530,530,530,530,530,530,530,301,301,301,301,301,301,301,301,301,301,301,301,301,301,301,301,301,301,301,380,380,380,380,380,380,380,380,380,380,380,380,380,380,380,380,380,380,380,380,380,380,380,380,380,380,380,380,380,380,380,380,380,380,380,380,380,380,380,380,380,380,380,380,380,380,380,380,380,380,380,380,380,380,380,380,380,380,380,380,380,380,380,380,926,926,926,926,926,926,926,926,926,926,926,926,926,926,926,926,926,926,926,926,926,926,926,926,926,926
926,926,926,926,926,926,926,926,926,926,926,926,926,926,926,926,926,926,926,926,926,926,926,926,926,926,926,926,926,926,926,926,926,926,926,926,926,926,926,926,926,926,926,926,926,926,926,926,926,926,926,926,926,926,926,926,926,926,926,926,926,902,902,902,902,902,902,902,902,902,902,902,902,902,902,902,902,902,902,902,902,902,902,902,902,902,902,902,902,902,902,902,902,902,902,902,902,902,902,902,902,902,902,902,902,902,902,902,902,902,902,902,902,902,902,902,902,902,902,902,902,902,902,902,902,902,902,902,902,101,101,101,101,101,101,101,101,101,101,101,101,101,101,101,101,101,101,101,101,101,101,101,101,101,101,101,101,101,101,101,101,101,101,101,101,101,101,101,101,101,101,101,101,101,101,101,101,101,101,101,101,101,101,101,101,101,101,101,101,101,101,101,101,101,101,101,101,101,301,301,301,301,301,301,301,301,301,301,301,301,301,301,301,301,301,301,301,301,301,301,301,301,301,301,301,301,301,301,301,301,301,301,301,301,301,301,301,301,301,301,301,301,301,301,530,530,530,530,301,301,301,301,301,301,301,301,301,301,301,301,301,301,301,301,301,301,301,301,301,301,380,380,380,380,380,380,380,380,380,380,380,380,380,380,380,380,380,380,380,380,380,380,380,380,380,380,380,380,380,380,380,380,380,380,380,380,380,380,380,380,380,380,380,380,380,380,380,380,380,380,380,380,380,380,380,380,380,380,380,380,380,380,380,380,926,926,926,926,926,926,926,926,926,926,926,926,926,926,926,926,926,926,926,926,926,926,926,926,926,926
926,926,926,926,926,926,926,926,926,926,926,926,926,926,926,926,926,926,926,926,926,926,926,926,926,926,926,926,926,926,926,926,926,926,926,926,926,926,926,926,926,926,926,926,926,926,926,926,926,926,926,926,926,926,926,926,926,926,926,926,926,902,902,902,902,902,902,902,902,902,902,902,902,902,902,902,902,902,902,902,902,902,902,902,902,902,902,902,902,902,902,902,902,902,902,902,902,902,902,902,902,902,902,902,902,902,902,902,902,902,902,902,902,902,902,902,902,902,902,902,902,902,902,902,902,902,902,902,101,101,101,101,101,101,101,101,101,101,101,101,101,101,101,101,101,101,101,101,101,101,101,101,101,101,101,101,101,101,101,101,101,101,101,101,101,101,101,101,101,101,101,101,101,101,101,101,101,101,101,101,101,101,101,101,101,101,101,101,101,101,101,101,101,101,101,101,101,301,301,301,301,301,301,301,301,301,301,301,301,301,301,301,301,301,301,301,301,301,301,301,301,301,301,301,301,301,301,301,301,301,301,301,301,301,301,301,301,301,301,301,301,301,301,301,301,530,301,301,301,301,301,301,301,301,301,301,301,301,301,301,301,301,301,301,301,301,301,301,301,301,380,380,380,380,380,380,380,380,380,380,380,380,380,380,380,380,380,380,380,380,380,380,380,380,380,380,380,380,380,380,380,380,380,380,380,380,380,380,380,380,380,380,380,380,380,380,380,380,380,380,380,380,380,380,380,380,380,380,380,380,380,380,380,380,380,926,926,926,926,926,926,926,926,926,926,926,926,926,926,926,926,926,926,926,926,926,926,926,926,926
926,926,926,926,926,926,926,926,926,926,926,926,926,926,926,926,926,926,926,926,926,926,926,926,926,926,926,926,926,926,926,926,926,926,926,926,926,926,926,926,926,926,926,926,926,926,926,926,926,926,926,926,926,926,926,926,926,926,926,926,926,902,902,902,902,902,902,902,902,902,902,902,902,902,902,902,902,902,902,902,902,902,902,902,902,902,902,902,902,902,902,902,902,902,902,902,902,902,902,902,902,902,902,902,902,902,902,902,902,902,902,902,902,902,902,902,902,902,902,902,902,902,902,902,902,902,902,902,101,101,101,101,101,101,101,101,101,101,101,101,101,101,101,101,101,101,101,101,101,101,101,101,101,101,101,101,101,101,101,101,101,101,101,101,101,101,101,101,101,101,101,101,101,101,101,101,101,101,101,101,101,101,101,101,101,101,101,101,101,101,101,101,101,101,101,101,301,301,301,301,301,301,301,301,301,301,301,301,301,301,301,301,301,301,301,301,301,301,301,301,301,301,301,301,301,301,301,301,301,301,301,301,301,301,301,301,301,301,301,301,301,301,301,301,301,301,301,301,301,301,301,301,301,301,301,301,301,301,301,301,301,301,301,301,301,301,301,301,301,301,380,380,380,380,380,380,380,380,380,380,380,380,380,380,380,380,380,380,380,380,380,380,380,380,380,380,380,380,380,380,380,380,380,380,380,380,380,380,380,380,380,380,380,380,380,380,380,380,380,380,380,380,380,380,380,380,380,380,380,380,380,380,380,380,380,926,926,926,926,926,926,926,926,926,926,926,926,926,926,926,926,926,926,926,926,926,926,926,926,926
926,926,926,926,926,926,926,926,926,926,926,926,926,926,926,926,926,926,926,926,926,926,926,926,926,926,926,926,926,926,926,926,926,926,926,926,926,926,926,926,926,926,926,926,926,926,926,926,926,926,926,926,926,926,926,926,926,926,926,926,926,926,902,902,902,902,902,902,902,902,902,902,902,902,902,902,902,902,902,902,902,902,902,902,902,902,902,902,902,902,902,902,902,902,902,902,902,902,902,902,902,902,902,902,902,902,902,902,902,902,902,902,902,902,902,902,902,902,902,902,902,902,902,902,902,902,902,902,101,101,101,101,101,101,101,101,101,101,101,101,101,101,101,101,101,101,101,101,101,101,101,101,101,101,101,101,101,101,101,101,101,101,101,101,101,101,101,101,101,101,101,101,101,101,101,101,101,101,101,101,101,101,101,101,101,101,101,101,101,101,101,101,101,101,101,301,301,301,301,301,301,301,301,301,301,301,301,301,301,301,301,301,301,301,301,301,301,301,301,301,301,301,301,301,301,301,301,301,301,301,301,301,301,301,301,301,301,301,301,301,301,301,301,301,301,301,301,301,301,301,301,301,301,301,301,301,301,301,301,301,301,301,301,301,301,301,301,301,301,301,380,380,380,380,380,380,380,380,380,380,380,380,380,380,380,380,380,380,380,380,380,380,380,380,380,380,380,380,380,380,380,380,380,380,380,380,380,380,380,380,380,380,380,380,380,380,380,380,380,380,380,380,380,380,380,380,380,380,380,380,380,380,380,380,380,926,926,926,926,926,926,926,926,926,926,926,926,926,926,926,926,926,926,926,926,926,926,926,926,926
926,926,926,926,926,926,926,926,926,926,926,926,926,926,926,926,926,926,926,926,926,926,926,926,926,926,926,926,926,926,926,926,926,926,926,926,926,926,926,926,926,926,926,926,926,926,926,926,926,926,926,926,926,926,926,926,926,926,926,926,926,926,902,902,902,902,902,902,902,902,902,902,902,902,902,902,902,902,902,902,902,902,902,902,902,902,902,902,902,902,902,902,902,902,902,902,902,902,902,902,902,902,902,902,902,902,902,902,902,902,902,902,902,902,902,902,902,902,902,902,902,902,902,902,902,902,902,902,902,101,101,101,101,101,101,101,101,101,101,101,101,101,101,101,101,101,101,101,101,101,101,101,101,101,101,101,101,101,101,101,101,101,101,101,101,101,101,101,101,101,101,101,101,101,101,101,101,101,101,101,101,101,101,101,101,101,101,101,101,101,101,101,101,101,301,301,301,301,301,301,301,301,301,301,301,301,301,301,301,301,301,301,301,301,301,301,301,301,301,301,301,301,301,301,301,301,301,301,301,301,301,301,301,301,301,301,301,301,301,301,301,301,301,301,301,301,301,301,301,301,301,301,301,301,301,301,301,301,301,301,301,301,301,301,301,301,301,301,301,301,380,380,380,380,380,380,380,380,380,380,380,380,380,380,380,380,380,380,380,380,380,380,380,380,380,380,380,380,380,380,380,380,380,380,380,380,380,380,380,380,380,380,380,380,380,380,380,380,380,380,380,380,380,380,380,380,380,380,380,380,380,380,380,380,380,380,926,926,926,926,926,926,926,926,926,926,926,926,926,926,926,926,926,926,926,926,926,926,926,926
926,926,926,926,926,926,926,926,926,926,926,926,926,926,926,926,926,926,926,926,926,926,926,926,926,926,926,926,926,926,926,926,926,926,926,926,926,926,926,926,926,926,926,926,926,926,926,926,926,926,926,926,926,926,926,926,926,926,926,926,926,926,902,902,902,902,902,902,902,902,902,902,902,902,902,902,902,902,902,902,902,902,902,902,902,902,902,902,902,902,902,902,902,902,902,902,902,902,902,902,902,902,902,902,902,902,902,902,902,902,902,902,902,902,902,902,902,902,902,902,902,902,902,902,902,902,902,902,902,101,101,101,101,101,101,101,101,101,101,101,101,101,101,101,101,101,101,101,101,101,101,101,101,101,101,101,101,101,101,101,101,101,101,101,101,101,101,101,101,101,101,101,101,101,101,101,101,101,101,101,101,101,101,101,101,101,101,101,101,101,101,101,101,301,301,301,301,301,301,301,301,301,301,301,301,301,301,301,301,301,301,301,301,301,301,301,301,301,301,301,301,301,301,301,301,301,301,301,301,301,301,301,301,301,301,301,301,301,301,301,301,301,301,301,301,301,301,301,301,301,301,301,301,301,301,301,301,301,301,301,301,301,301,301,301,301,301,301,301,301,301,301,380,380,380,380,380,380,380,380,380,380,380,380,380,380,380,380,380,380,380,380,380,380,380,380,380,380,380,380,380,380,380,380,380,380,380,380,380,380,380,380,380,380,380,380,380,380,380,380,380,380,380,380,380,380,380,380,380,380,380,380,380,380,380,380,380,926,926,926,926,926,926,926,926,926,926,926,926,926,926,926,926,926,926,926,926,926,926,926
926,926,926,926,926,926,926,926,926,926,926,926,926,926,926,926,926,926,926,926,926,926,926,926,926,926,926,926,926,926,926,926,926,926,926,926,926,926,926,926,926,926,926,926,926,926,926,926,926,926,926,926,926,926,926,926,926,926,926,926,926,926,902,902,902,902,902,902,902,902,902,902,902,902,902,902,902,902,902,902,902,902,902,902,902,902,902,902,902,902,902,902,902,902,902,902,902,902,902,902,902,902,902,902,902,902,902,902,902,902,902,902,902,902,902,902,902,902,902,902,902,902,902,902,902,902,902,902,902,101,101,101,101,101,101,101,101,101,101,101,101,101,101,101,101,101,101,101,101,101,101,101,101,101,101,101,101,101,101,101,101,101,101,101,101,101,101,101,101,101,101,101,101,101,101,101,101,101,101,101,101,101,101,101,101,101,101,101,101,101,101,101,101,101,301,301,301,301,301,301,301,301,301,301,301,301,301,301,301,301,301,301,301,301,301,301,301,301,301,301,301,301,301,301,301,301,301,301,301,301,301,301,301,301,301,301,301,301,301,301,301,301,301,301,301,301,301,301,301,301,301,301,301,301,301,301,301,301,301,301,301,301,301,301,301,301,301,301,301,301,301,301,301,380,380,380,380,380,380,380,380,380,380,380,380,380,380,380,380,380,380,380,380,380,380,380,380,380,380,380,380,380,380,380,380,380,380,380,380,380,380,380,380,380,380,380,380,380,380,380,380,380,380,380,380,380,380,380,380,380,380,380,380,380,380,380,380,380,926,926,926,926,926,926,926,926,926,926,926,926,926,926,926,926,926,926,926,926,926,926
926,926,926,926,926,926,926,926,926,926,926,926,926,926,926,926,926,926,926,926,926,926,926,926,926,926,926,926,926,926,926,926,926,926,926,926,926,926,926,926,926,926,926,926,926,926,926,926,926,926,926,926,926,926,926,926,926,926,926,926,926,902,902,902,902,902,902,902,902,902,902,902,902,902,902,902,902,902,902,902,902,902,902,902,902,902,902,902,902,902,902,902,902,902,902,902,902,902,902,902,902,902,902,902,902,902,902,902,902,902,902,902,902,902,902,902,902,902,902,902,902,902,902,902,902,902,902,902,902,902,101,101,101,101,101,101,101,101,101,101,101,101,101,101,101,101,101,101,101,101,101,101,101,101,101,101,101,101,101,101,101,101,101,101,101,101,101,101,101,101,101,101,101,101,101,101,101,101,101,101,101,101,101,101,101,101,101,101,101,101,101,101,101,101,101,301,301,301,301,301,301,301,301,301,301,301,301,301,301,301,301,301,301,301,301,301,301,301,301,301,301,301,301,301,301,301,301,301,301,301,301,301,301,301,301,301,301,301,301,301,301,301,301,301,301,301,301,301,301,301,301,301,301,301,301,301,301,301,301,301,301,301,301,301,301,301,301,301,301,301,301,301,301,380,380,380,380,380,380,380,380,380,380,380,380,380,380,380,380,380,380,380,380,380,380,380,380,380,380,380,380,380,380,380,380,380,380,380,380,380,380,380,380,380,380,380,380,380,380,380,380,380,380,380,380,380,380,380,380,380,380,380,380,380,380,380,380,380,380,380,926,926,926,926,926,926,926,926,926,926,926,926,926,926,926,926,926,926,926,926
926,926,926,926,926,926,926,926,926,926,926,926,926,926,926,926,926,926,926,926,926,926,926,926,926,926,926,926,926,926,926,926,926,926,926,926,926,926,926,926,926,926,926,926,926,926,926,926,926,926,926,926,926,926,926,926,926,926,926,926,926,902,902,902,902,902,902,902,902,902,902,902,902,902,902,902,902,902,902,902,902,902,902,902,902,902,902,902,902,902,902,902,902,902,902,902,902,902,902,902,902,902,902,902,902,902,902,902,902,902,902,902,902,902,902,902,902,902,902,902,902,902,902,902,902,902,902,902,902,902,101,101,101,101,101,101,101,101,101,101,101,101,101,101,101,101,101,101,101,101,101,101,101,101,101,101,101,101,101,101,101,101,101,101,101,101,101,101,101,101,101,101,101,101,101,101,101,101,101,101,101,101,101,101,101,101,101,101,101,101,101,101,101,101,101,301,301,301,301,301,301,301,301,301,301,301,301,301,301,301,301,301,301,301,301,301,301,301,301,301,301,301,301,301,301,301,301,301,301,301,301,301,301,301,301,301,301,301,301,301,301,301,301,301,301,301,301,301,301,301,301,301,301,301,301,301,301,301,301,301,301,301,301,301,301,301,301,301,301,301,301,301,301,301,380,380,380,380,380,380,380,380,380,380,380,380,380,380,380,380,380,380,380,380,380,380,380,380,380,380,380,380,380,380,380,380,380,380,380,380,380,380,380,380,380,380,380,380,380,380,380,380,380,380,380,380,380,380,380,380,380,380,380,380,380,380,380,380,380,380,380,926,926,926,926,926,926,926,926,926,926,926,926,926,926,926,926,926,926,926
926,926,926,926,926,926,926,926,926,926,926,926,926,926,926,926,926,926,926,926,926,926,926,926,926,926,926,926,926,926,926,926,926,926,926,926,926,926,926,926,926,926,926,926,926,926,926,926,926,926,926,926,926,926,926,926,926,926,926,926,926,902,902,902,902,902,902,902,902,902,902,902,902,902,902,902,902,902,902,902,902,902,902,902,902,902,902,902,902,902,902,902,902,902,902,902,902,902,902,902,902,902,902,902,902,902,902,902,902,902,902,902,902,902,902,902,902,902,902,902,902,902,902,902,902,902,902,902,902,902,902,101,101,101,101,101,101,101,101,101,101,101,101,101,101,101,101,101,101,101,101,101,101,101,101,101,101,101,101,101,101,101,101,101,101,101,101,101,101,101,101,101,101,101,101,101,101,101,101,101,101,101,101,101,101,101,101,101,101,101,101,101,101,101,101,101,301,301,301,301,301,301,301,301,301,301,301,301,301,301,301,301,301,301,301,301,301,301,301,301,301,301,301,301,301,301,301,301,301,301,301,301,301,301,301,301,301,301,301,301,301,301,301,301,301,301,301,301,301,301,301,301,301,301,301,301,301,301,301,301,301,301,301,301,301,301,301,301,301,301,301,301,301,301,301,380,380,380,380,380,380,380,380,380,380,380,380,380,380,380,380,380,380,380,380,380,380,380,380,380,380,380,380,380,380,380,380,380,380,380,380,380,380,380,380,380,380,380,380,380,380,380,380,380,380,380,380,380,380,380,380,380,380,380,380,380,380,380,380,380,380,380,926,926,926,926,926,926,926,926,926,926,926,926,926,926,926,926,926,926
926,926,926,926,926,926,926,926,926,926,926,926,926,926,926,926,926,926,926,926,926,926,926,926,926,926,926,926,926,926,926,926,926,926,926,926,926,926,926,926,926,926,926,926,926,926,926,926,926,926,926,926,926,926,926,926,926,926,926,926,926,902,902,902,902,902,902,902,902,902,902,902,902,902,902,902,902,902,902,902,902,902,902,902,902,902,902,902,902,902,902,902,902,902,902,902,902,902,902,902,902,902,902,902,902,902,902,902,902,902,902,902,902,902,902,902,902,902,902,902,902,902,902,902,902,902,902,902,902,902,902,101,101,101,101,101,101,101,101,101,101,101,101,101,101,101,101,101,101,101,101,101,101,101,101,101,101,101,101,101,101,101,101,101,101,101,101,101,101,101,101,101,101,101,101,101,101,101,101,101,101,101,101,101,101,101,101,101,101,101,101,101,101,101,101,101,101,301,301,301,301,301,301,301,301,301,301,301,301,301,301,301,301,301,301,301,301,301,301,301,301,301,301,301,301,301,301,301,301,301,301,301,301,301,301,301,301,301,301,301,301,301,301,301,301,301,301,301,301,301,301,301,301,301,301,301,301,301,301,301,301,301,301,301,301,301,301,301,301,301,301,301,301,301,301,380,380,380,380,380,380,380,380,380,380,380,380,380,380,380,380,380,380,380,380,380,380,380,380,380,380,380,380,380,380,380,380,380,380,380,380,380,380,380,380,380,380,380,380,380,380,380,380,380,380,380,380,380,380,380,380,380,380,380,380,380,380,380,380,380,380,380,926,926,926,926,926,926,926,926,926,926,926,926,926,926,926,926,926,926
926,926,926,926,926,926,926,926,926,926,926,926,926,926,926,926,926,926,926,926,926,926,926,926,926,926,926,926,926,926,926,926,926,926,926,926,926,926,926,926,926,926,926,926,926,926,926,926,926,926,926,926,926,926,926,926,926,926,926,926,926,926,902,902,902,902,902,902,902,902,902,902,902,902,902,902,902,902,902,902,902,902,902,902,902,902,902,902,902,902,902,902,902,902,902,902,902,902,902,902,902,902,902,902,902,902,902,902,902,902,902,902,902,902,902,902,902,902,902,902,902,902,902,902,902,902,902,902,902,902,902,902,16111,101,101,101,101,101,101,101,101,101,101,101,101,101,101,101,101,101,101,101,101,101,101,101,101,101,101,101,101,101,101,101,101,101,101,101,101,101,101,101,101,101,101,101,101,101,101,101,101,101,101,101,101,101,101,101,101,101,101,101,101,101,101,101,101,101,301,301,301,301,301,301,301,301,301,301,301,301,301,301,301,301,301,301,301,301,301,301,301,301,301,301,301,301,301,301,301,301,301,301,301,301,301,301,301,301,301,301,301,301,301,301,301,301,301,301,301,301,301,301,301,301,301,301,301,301,301,301,301,301,301,301,301,301,301,301,301,301,301,301,301,301,301,380,380,380,380,380,380,380,380,380,380,380,380,380,380,380,380,380,380,380,380,380,380,380,380,380,380,380,380,380,380,380,380,380,380,380,380,380,380,380,380,380,380,380,380,380,380,380,380,380,380,380,380,380,380,380,380,380,380,380,380,380,380,380,380,380,380,380,380,926,926,926,926,926,926,926,926,926,926,926,926,926,926,926,926,926
926,926,926,926,926,926,926,926,926,926,926,926,926,926,926,926,926,926,926,926,926,926,926,926,926,926,926,926,926,926,926,926,926,926,926,926,926,926,926,926,926,926,926,926,926,926,926,926,926,926,926,926,926,926,926,926,926,926,926,926,926,926,902,902,902,902,902,902,902,902,902,902,902,902,902,902,902,902,902,902,902,902,902,902,902,902,902,902,902,902,902,902,902,902,902,902,902,902,902,902,902,902,902,902,902,902,902,902,902,902,902,902,902,902,902,902,902,902,902,902,902,902,902,902,902,902,902,902,902,902,16111,16111,16111,16111,101,101,101,101,101,101,101,101,101,101,101,101,101,101,101,101,101,101,101,101,101,101,101,101,101,101,101,101,101,101,101,101,101,101,101,101,101,101,101,101,101,101,101,101,101,101,101,101,101,101,101,101,101,101,101,101,101,101,101,101,101,101,101,101,101,101,301,301,301,301,301,301,301,301,301,301,301,301,301,301,301,301,301,301,301,301,301,301,301,301,301,301,301,301,301,301,301,301,301,301,301,301,301,301,301,301,301,301,301,301,301,301,301,301,301,301,301,301,301,301,301,301,301,301,301,301,301,301,301,301,301,301,301,301,301,301,301,301,301,301,301,380,380,380,380,380,380,380,380,380,380,380,380,380,380,380,380,380,380,380,380,380,380,380,380,380,380,380,380,380,380,380,380,380,380,380,380,380,380,380,380,380,380,380,380,380,380,380,380,380,380,380,380,380,380,380,380,380,380,380,380,380,380,380,380,380,380,380,380,926,926,926,926,926,926,926,926,926,926,926,926,926,926,926,926,926
926,926,926,926,926,926,926,926,926,926,926,926,926,926,926,926,926,926,926,926,926,926,926,926,926,926,926,926,926,926,926,926,926,926,926,926,926,926,926,926,926,926,926,926,926,926,926,926,926,926,926,926,926,926,926,926,926,926,926,926,926,926,902,902,902,902,902,902,902,902,902,902,902,902,902,902,902,902,902,902,902,902,902,902,902,902,902,902,902,902,902,902,902,902,902,902,902,902,902,902,902,902,902,902,902,902,902,902,902,902,902,902,902,902,902,902,902,902,902,902,902,902,902,902,902,902,902,902,902,902,16111,16111,16111,16111,101,101,101,101,101,101,101,101,101,101,101,101,101,101,101,101,101,101,101,101,101,101,101,101,101,101,101,101,101,101,101,101,101,101,101,101,101,101,101,101,101,101,101,101,101,101,101,101,101,101,101,101,101,101,101,101,101,101,101,101,101,101,101,101,101,101,101,101,301,301,301,301,301,301,301,301,301,301,301,301,301,301,301,301,301,301,301,301,301,301,301,301,301,301,301,301,301,301,301,301,301,301,301,301,301,301,301,301,301,301,301,301,301,301,301,301,301,301,301,301,301,301,301,301,301,301,301,301,301,301,301,301,301,301,301,301,301,301,301,301,301,380,380,380,380,380,380,380,380,380,380,380,380,380,380,380,380,380,380,380,380,380,380,380,380,380,380,380,380,380,380,380,380,380,380,380,380,380,380,380,380,380,380,380,380,380,380,380,380,380,380,380,380,380,380,380,380,380,380,380,380,380,380,380,380,380,380,380,380,926,926,926,926,926,926,926,926,926,926,926,926,926,926,926,926,926
926,926,926,926,926,926,926,926,926,926,926,926,926,926,926,926,926,926,926,926,926,926,926,926,926,926,926,926,926,926,926,926,926,926,926,926,926,926,926,926,926,926,926,926,926,926,926,926,926,926,926,926,926,926,926,926,926,926,926,926,926,926,926,902,902,902,902,902,902,902,902,902,902,902,902,902,902,902,902,902,902,902,902,902,902,902,902,902,902,902,902,902,902,902,902,902,902,902,902,902,902,902,902,902,902,902,902,902,902,902,902,902,902,902,902,902,902,902,902,902,902,902,902,902,902,902,902,902,902,16111,16111,16111,16111,16111,101,101,101,101,101,101,101,101,101,101,101,101,101,101,101,101,101,101,101,101,101,101,101,101,101,101,101,101,101,101,101,101,101,101,101,101,101,101,101,101,101,101,101,101,101,101,101,101,101,101,101,101,101,101,101,101,101,101,101,101,101,101,101,101,101,101,101,101,101,301,301,301,301,301,301,301,301,301,301,301,301,301,301,301,301,301,301,301,301,301,301,301,301,301,301,301,301,301,301,301,301,301,301,301,301,301,301,301,301,301,301,301,301,301,301,301,301,301,301,301,301,301,301,301,301,301,301,301,301,301,301,301,301,301,301,301,301,301,301,301,301,380,380,380,380,380,380,380,380,380,380,380,380,380,380,380,380,380,380,380,380,380,380,380,380,380,380,380,380,380,380,380,380,380,380,380,380,380,380,380,380,380,380,380,380,380,380,380,380,380,380,380,380,380,380,380,380,380,380,380,380,380,380,380,380,380,380,380,380,926,926,926,926,926,926,926,926,926,926,926,926,926,926,926,926,926
926,926,926,926,926,926,926,926,926,926,926,926,926,926,926,926,926,926,926,926,926,926,926,926,926,926,926,926,926,926,926,926,926,926,926,926,926,926,926,926,926,926,926,926,926,926,926,926,926,926,926,926,926,926,926,926,926,926,926,926,926,926,926,902,902,902,902,902,902,902,902,902,902,902,902,902,902,902,902,902,902,902,902,902,902,902,902,902,902,902,902,902,902,902,902,902,902,902,902,902,902,902,902,902,902,902,902,902,902,902,902,902,902,902,902,902,902,902,902,902,902,902,902,902,902,902,902,902,16111,16111,16111,16111,16111,16111,101,101,101,101,101,101,101,101,101,101,101,101,101,101,101,101,101,101,101,101,101,101,101,101,101,101,101,101,101,101,101,101,101,101,101,101,101,101,101,101,101,101,101,101,101,101,101,101,101,101,101,101,101,101,101,101,101,101,101,101,101,101,101,101,101,101,101,101,101,101,301,301,301,301,301,301,301,301,301,301,301,301,301,301,301,301,301,301,301,301,301,301,301,301,301,301,301,301,301,301,301,301,301,301,301,301,301,301,301,301,301,301,301,301,301,301,301,301,301,301,301,301,301,301,301,301,301,301,301,301,301,301,301,301,301,301,301,301,301,301,301,380,380,380,380,380,380,380,380,380,380,380,380,380,380,380,380,380,380,380,380,380,380,380,380,380,380,380,380,380,380,380,380,380,380,380,380,380,380,380,380,380,380,380,380,380,380,380,380,380,380,380,380,380,380,380,380,380,380,380,380,380,380,380,380,380,380,380,380,380,926,926,926,926,926,926,926,926,926,926,926,926,926,926,926,926
926,926,926,926,926,926,926,926,926,926,926,926,926,926,926,926,926,926,926,926,926,926,926,926,926,926,926,926,926,926,926,926,926,926,926,926,926,926,926,926,926,926,926,926,926,926,926,926,926,926,926,926,926,926,926,926,926,926,926,926,926,926,926,902,902,926,926,902,902,902,902,902,902,902,902,902,902,902,902,902,902,902,902,902,902,902,902,902,902,902,902,902,902,902,902,902,902,902,902,902,902,902,902,902,902,902,902,902,902,902,902,902,902,902,902,902,902,902,902,902,902,902,902,902,902,902,902,902,16111,16111,16111,16111,16111,101,101,101,101,101,101,101,101,101,101,101,101,101,101,101,101,101,101,101,101,101,101,101,101,101,101,101,101,101,101,101,101,101,101,101,101,101,101,101,101,101,101,101,101,101,101,101,101,101,101,101,101,101,101,101,101,101,101,101,101,101,101,101,101,101,101,101,101,101,101,101,101,301,301,301,301,301,301,301,301,301,301,301,301,301,301,301,301,301,301,301,301,301,301,301,301,301,301,301,301,301,301,301,301,301,301,301,301,301,301,301,301,301,301,301,301,301,301,301,301,301,301,301,301,301,301,301,301,301,301,301,301,301,301,301,301,301,301,301,301,301,301,301,301,380,380,380,380,380,380,380,380,380,380,380,380,380,380,380,380,380,380,380,380,380,380,380,380,380,380,380,380,380,380,380,380,380,380,380,380,380,380,380,380,380,380,380,380,380,380,380,380,380,380,380,380,380,380,380,380,380,380,380,380,380,380,380,380,380,380,380,380,380,926,926,926,926,926,926,926,926,926,926,926,926,926,926
926,926,926,926,926,926,926,926,926,926,926,926,926,926,926,926,926,926,926,926,926,926,926,926,926,926,926,926,926,926,926,926,926,926,926,926,926,926,926,926,926,926,926,926,926,926,926,926,926,926,926,926,926,926,926,926,926,926,926,926,926,926,926,926,926,926,926,902,902,902,902,902,902,902,902,902,902,902,902,902,902,902,902,902,902,902,902,902,902,902,902,902,902,902,902,902,902,902,902,902,902,902,902,902,902,902,902,902,902,902,902,902,902,902,902,902,902,902,902,902,902,902,902,902,902,902,902,902,16111,16111,16111,16111,16111,101,101,101,101,101,101,101,101,101,101,101,101,101,101,101,101,101,101,101,101,101,101,101,101,101,101,101,101,101,101,101,101,101,101,101,101,101,101,101,101,101,101,101,101,101,101,101,101,101,101,101,101,101,101,101,101,101,101,101,101,101,101,101,101,101,101,101,101,101,101,101,101,301,301,301,301,301,301,301,301,301,301,301,301,301,301,301,301,301,301,301,301,301,301,301,301,301,301,301,301,301,301,301,301,301,301,301,301,301,301,301,301,301,301,301,301,301,301,301,301,301,301,301,301,301,301,301,301,301,301,301,301,301,301,301,301,301,301,301,301,301,301,301,301,301,380,380,380,380,380,380,380,380,380,380,380,380,380,380,380,380,380,380,380,380,380,380,380,380,380,380,380,380,380,380,380,380,380,380,380,380,380,380,380,380,380,380,380,380,380,380,380,380,380,380,380,380,380,380,380,380,380,380,380,380,380,380,380,380,380,380,380,380,380,380,380,926,926,926,926,926,926,926,926,926,926,926
926,926,926,926,926,926,926,926,926,926,926,926,926,926,926,926,926,926,926,926,926,926,926,926,926,926,926,926,926,926,926,926,926,926,926,926,926,926,926,926,926,926,926,926,926,926,926,926,926,926,926,926,926,926,926,926,926,926,926,926,926,926,926,926,926,926,926,902,902,902,902,902,902,902,902,902,902,902,902,902,902,902,902,902,902,902,902,902,902,902,902,902,902,902,902,902,902,902,902,902,902,902,902,902,902,902,902,902,902,902,902,902,902,902,902,902,902,902,902,902,902,902,902,902,902,902,902,902,16111,16111,16111,16111,16111,101,101,101,101,101,101,101,101,101,101,101,101,101,101,101,101,101,101,101,101,101,101,101,101,101,101,101,101,101,101,101,101,101,101,101,101,101,101,101,101,101,101,101,101,101,101,101,101,101,101,101,101,101,101,101,101,101,101,101,101,101,101,101,101,101,101,101,101,101,101,101,101,301,301,301,301,301,301,301,301,301,301,301,301,301,301,301,301,301,301,301,301,301,301,301,301,301,301,301,301,301,301,301,301,301,301,301,301,301,301,301,301,301,301,301,301,301,301,301,301,301,301,301,301,301,301,301,301,301,301,301,301,301,301,301,301,301,301,301,301,301,301,301,301,301,301,301,380,380,380,380,380,380,380,380,380,380,380,380,380,380,380,380,380,380,380,380,380,380,380,380,380,380,380,380,380,380,380,380,380,380,380,380,380,380,380,380,380,380,380,380,380,380,380,380,380,380,380,380,380,380,380,380,380,380,380,380,380,380,380,380,380,380,380,380,380,380,380,380,926,926,926,926,926,926,926,926
926,926,926,926,926,926,926,926,926,926,926,926,926,926,926,926,926,926,926,926,926,926,926,926,926,926,926,926,926,926,926,926,926,926,926,926,926,926,926,926,926,926,926,926,926,926,926,926,926,926,926,926,926,926,926,926,926,926,926,926,926,926,926,926,926,926,926,926,902,902,902,902,902,902,902,902,902,902,902,902,902,902,902,902,902,902,902,902,902,902,902,902,902,902,902,902,902,902,902,902,902,902,902,902,902,902,902,902,902,902,902,902,902,902,902,902,902,902,902,902,902,902,902,902,902,902,902,902,16111,16111,16111,16111,16111,101,101,101,101,101,101,101,101,101,101,101,101,101,101,101,101,101,101,101,101,101,101,101,101,101,101,101,101,101,101,101,101,101,101,101,101,101,101,101,101,101,101,101,101,101,101,101,101,101,101,101,101,101,101,101,101,101,101,101,101,101,101,101,101,101,101,101,101,101,101,101,101,301,301,301,301,301,301,301,301,301,301,301,301,301,301,301,301,301,301,301,301,301,301,301,301,301,301,301,301,301,301,301,301,301,301,301,301,301,301,301,301,301,301,301,301,301,301,301,301,301,301,301,301,301,301,301,301,301,301,301,301,301,301,301,301,301,301,301,301,301,301,301,301,301,301,301,301,301,380,380,380,380,380,380,380,380,380,380,380,380,380,380,380,380,380,380,380,380,380,380,380,380,380,380,380,380,380,380,380,380,380,380,380,380,380,380,380,380,380,380,380,380,380,380,380,380,380,380,380,380,380,380,380,380,380,380,380,380,380,380,380,380,380,380,380,380,380,380,380,380,380,926,926,926,926,926
926,926,926,926,926,926,926,926,926,926,926,926,926,926,926,926,926,926,926,926,926,926,926,926,926,926,926,926,926,926,926,926,926,926,926,926,926,926,926,926,926,926,926,926,926,926,926,926,926,926,926,926,926,926,926,926,926,926,926,926,926,926,926,926,926,926,926,926,902,902,902,902,902,902,902,902,902,902,902,902,902,902,902,902,902,902,902,902,902,902,902,902,902,902,902,902,902,902,902,902,902,902,902,902,902,902,902,902,902,902,902,902,902,902,902,902,902,902,902,902,902,902,902,902,902,902,902,902,16111,16111,16111,16111,16111,101,101,101,101,101,101,101,101,101,101,101,101,101,101,101,101,101,101,101,101,101,101,101,101,101,101,101,101,101,101,101,101,101,101,101,101,101,101,101,101,101,101,101,101,101,101,101,101,101,101,101,101,101,101,101,101,101,101,101,101,101,101,101,101,101,101,101,101,101,101,101,301,301,301,301,301,301,301,301,301,301,301,301,301,301,301,301,301,301,301,301,301,301,301,301,301,301,301,301,301,301,301,301,301,301,301,301,301,301,301,301,301,301,301,301,301,301,301,301,301,301,301,301,301,301,301,301,301,301,301,301,301,301,301,301,301,301,301,301,301,301,301,301,301,301,301,301,301,301,301,301,301,380,380,380,380,380,380,380,380,380,380,380,380,380,380,380,380,380,380,380,380,380,380,380,380,380,380,380,380,380,380,380,380,380,380,380,380,380,380,380,380,380,380,380,380,380,380,380,380,380,380,380,380,380,380,380,380,380,380,380,380,380,380,380,380,380,380,380,380,380,380,380,380,926,926,926
926,926,926,926,926,926,926,926,926,926,926,926,926,926,926,926,926,926,926,926,926,926,926,926,926,926,926,926,926,926,926,926,926,926,926,926,926,926,926,926,926,926,926,926,926,926,926,926,926,926,926,926,926,926,926,926,926,926,926,926,926,926,926,926,926,926,926,926,926,902,902,902,902,902,902,902,902,902,902,902,902,902,902,902,902,902,902,902,902,902,902,902,902,902,902,902,902,902,902,902,902,902,902,902,902,902,902,902,902,902,902,902,902,902,902,902,902,902,902,902,902,902,902,902,902,902,902,902,16111,16111,16111,16111,101,101,101,101,101,101,101,101,101,101,101,101,101,101,101,101,101,101,101,101,101,101,101,101,101,101,101,101,101,101,101,101,101,101,101,101,101,101,101,101,101,101,101,101,101,101,101,101,101,101,101,101,101,101,101,101,101,101,101,101,101,101,101,101,101,101,101,101,101,101,101,101,301,301,301,301,301,301,301,301,301,301,301,301,301,301,301,301,301,301,301,301,301,301,301,301,301,301,301,301,301,301,301,301,301,301,301,301,301,301,301,301,301,301,301,301,301,301,301,301,301,301,301,301,301,301,301,301,301,301,301,301,301,301,301,301,301,301,301,301,301,301,301,301,301,301,301,301,301,301,301,301,301,301,301,301,380,380,380,380,380,380,380,380,380,380,380,380,380,380,380,380,380,380,380,380,380,380,380,380,380,380,380,380,380,380,380,380,380,380,380,380,380,380,380,380,380,380,380,380,380,380,380,380,380,380,380,380,380,380,380,380,380,380,380,380,380,380,380,380,380,380,380,380,380,380,926,926
926,926,926,926,926,926,926,926,926,926,926,926,926,926,926,926,926,926,926,926,926,926,926,926,926,926,926,926,926,926,926,926,926,926,926,926,926,926,926,926,926,926,926,926,926,926,926,926,926,926,926,926,926,926,926,926,926,926,926,926,926,926,926,926,926,926,926,926,926,902,902,902,902,902,902,902,902,902,902,902,902,902,902,902,902,902,902,902,902,902,902,902,902,902,902,902,902,902,902,902,902,902,902,902,902,902,902,902,902,902,902,902,902,902,902,902,902,902,902,902,902,902,902,902,902,902,902,902,16111,16111,16111,16111,101,101,101,101,101,101,101,101,101,101,101,101,101,101,101,101,101,101,101,101,101,101,101,101,101,101,101,101,101,101,101,101,101,101,101,101,101,101,101,101,101,101,101,101,101,101,101,101,101,101,101,101,101,101,101,101,101,101,101,101,101,101,101,101,101,101,101,101,101,101,101,101,301,301,301,301,301,301,301,301,301,301,301,301,301,301,301,301,301,301,301,301,301,301,301,301,301,301,301,301,301,301,301,301,301,301,301,301,301,301,301,301,301,301,301,301,301,301,301,301,301,301,301,301,301,301,301,301,301,301,301,301,301,301,301,301,301,301,301,301,301,301,301,301,301,301,301,301,301,301,301,301,301,301,301,301,301,301,301,301,380,380,380,380,380,380,380,380,380,380,380,380,380,380,380,380,380,380,380,380,380,380,380,380,380,380,380,380,380,380,380,380,380,380,380,380,380,380,380,380,380,380,380,380,380,380,380,380,380,380,380,380,380,380,380,380,380,380,380,380,380,380,380,380,380,380,380,926
926,926,926,926,926,926,926,926,926,926,926,926,926,926,926,926,926,926,926,926,926,926,926,926,926,926,926,926,926,926,926,926,926,926,926,926,926,926,926,926,926,926,926,926,926,926,926,926,926,926,926,926,926,926,926,926,926,926,926,926,926,926,926,926,926,926,926,926,926,902,902,902,902,902,902,902,902,902,902,902,902,902,902,902,902,902,902,902,902,902,902,902,902,902,902,902,902,902,902,902,902,902,902,902,902,902,902,902,902,902,902,902,902,902,902,902,902,902,902,902,902,902,902,902,902,902,902,902,16111,16111,16111,16111,101,101,101,101,101,101,101,101,101,101,101,101,101,101,101,101,101,101,101,101,101,101,101,101,101,101,101,101,101,101,101,101,101,101,101,101,101,101,101,101,101,101,101,101,101,101,101,101,101,101,101,101,101,101,101,101,101,101,101,101,101,101,101,101,101,101,101,101,101,101,101,101,301,301,301,301,301,301,301,301,301,301,301,301,301,301,301,301,301,301,301,301,301,301,301,301,301,301,301,301,301,301,301,301,301,301,301,301,301,301,301,301,301,301,301,301,301,301,301,301,301,301,301,301,301,301,301,301,301,301,301,301,301,301,301,301,301,301,301,301,301,301,301,301,301,301,301,301,301,301,301,301,301,301,301,301,301,301,301,301,301,301,380,380,380,380,380,380,380,380,380,380,380,380,380,380,380,380,380,380,380,380,380,380,380,380,380,380,380,380,380,380,380,380,380,380,380,380,380,380,380,380,380,380,380,380,380,380,380,380,380,380,380,380,380,380,380,380,380,380,380,380,380,380,380,380,380,380
926,926,926,926,926,926,926,926,926,926,926,926,926,926,926,926,926,926,926,926,926,926,926,926,926,926,926,926,926,926,926,926,926,926,926,926,926,926,926,926,926,926,926,926,926,926,926,926,926,926,926,926,926,926,926,926,926,926,926,926,926,926,926,926,926,926,902,902,902,902,902,902,902,902,902,902,902,902,902,902,902,902,902,902,902,902,902,902,902,902,902,902,902,902,902,902,902,902,902,902,902,902,902,902,902,902,902,902,902,902,902,902,902,902,902,902,902,902,902,902,902,902,902,902,902,902,902,902,16111,16111,16111,16111,101,101,101,101,101,101,101,101,101,101,101,101,101,101,101,101,101,101,101,101,101,101,101,101,101,101,101,101,101,101,101,101,101,101,101,101,101,101,101,101,101,101,101,101,101,101,101,101,101,101,101,101,101,101,101,101,101,101,101,101,101,101,101,101,101,101,101,101,101,101,101,101,301,301,301,301,301,301,301,301,301,301,301,301,301,301,301,301,301,301,301,301,301,301,301,301,301,301,301,301,301,301,301,301,301,301,301,301,301,301,301,301,301,301,301,301,301,301,301,301,301,301,301,301,301,301,301,301,301,301,301,301,301,301,301,301,301,301,301,301,301,301,301,301,301,301,301,301,301,301,301,301,301,301,301,301,301,301,301,301,301,301,380,380,380,380,380,380,380,380,380,380,380,380,380,380,380,380,380,380,380,380,380,380,380,380,380,380,380,380,380,380,380,380,380,380,380,380,380,380,380,380,380,380,380,380,380,380,380,380,380,380,380,380,380,380,380,380,380,380,380,380,380,380,380,380,380,380
380,926,926,926,926,926,926,926,926,926,926,926,926,926,926,926,926,926,926,926,926,926,926,926,926,926,926,926,926,926,926,926,926,926,926,926,926,926,926,926,926,926,926,926,926,926,926,926,926,926,926,926,926,926,926,926,926,926,926,926,926,926,926,926,926,926,902,902,902,902,902,902,902,902,902,902,902,902,902,902,902,902,902,902,902,902,902,902,902,902,902,902,902,902,902,902,902,902,902,902,902,902,902,902,902,902,902,902,902,902,902,902,902,902,902,902,902,902,902,902,902,902,902,902,902,902,902,16111,16111,16111,16111,16111,101,101,101,101,101,101,101,101,101,101,101,101,101,101,101,101,101,101,101,101,101,101,101,101,101,101,101,101,101,101,101,101,101,101,101,101,101,101,101,101,101,101,101,101,101,101,101,101,101,101,101,101,101,101,101,101,101,101,101,101,101,101,101,101,101,101,101,101,101,101,101,101,301,301,301,301,301,301,301,301,301,301,301,301,301,301,301,301,301,301,301,301,301,301,301,301,301,301,301,301,301,301,301,301,301,301,301,301,301,301,301,301,301,301,301,301,301,301,301,301,301,301,301,301,301,301,301,301,301,301,301,301,301,301,301,301,301,301,301,301,301,301,301,301,301,301,301,301,301,301,301,301,301,301,301,301,301,301,301,301,301,380,380,380,380,380,380,380,380,380,380,380,380,380,380,380,380,380,380,380,380,380,380,380,380,380,380,380,380,380,380,380,380,380,380,380,380,380,380,380,380,380,380,380,380,380,380,380,380,380,380,380,380,380,380,380,380,380,380,380,380,380,380,380,380,380,380,380
380,926,926,926,926,926,926,926,926,926,926,926,926,926,926,926,926,926,926,926,926,926,926,926,926,926,926,926,926,926,926,926,926,926,926,926,926,926,926,926,926,926,926,926,926,926,926,926,926,926,926,926,926,926,926,926,926,926,926,926,926,926,926,926,926,926,926,902,902,902,902,902,902,902,902,902,902,902,902,902,902,902,902,902,902,902,902,902,902,902,902,902,902,902,902,902,902,902,902,902,902,902,902,902,902,902,902,902,902,902,902,902,902,902,902,902,902,902,902,902,902,902,902,902,902,902,902,16111,16111,16111,16111,16111,101,101,101,101,101,101,101,101,101,101,101,101,101,101,101,101,101,101,101,101,101,101,101,101,101,101,101,101,101,101,101,101,101,101,101,101,101,101,101,101,101,101,101,101,101,101,101,101,101,101,101,101,101,101,101,101,101,101,101,101,101,101,101,101,101,101,101,101,101,101,101,101,101,301,301,301,301,301,301,301,301,301,301,301,301,301,301,301,301,301,301,301,301,301,301,301,301,301,301,301,301,301,301,301,301,301,301,301,301,301,301,301,301,301,301,301,301,301,301,301,301,301,301,301,301,301,301,301,301,301,301,301,301,301,301,301,301,301,301,301,301,301,301,301,301,301,301,301,301,301,301,301,301,301,301,301,301,301,301,301,380,380,380,380,380,380,380,380,380,380,380,380,380,380,380,380,380,380,380,380,380,380,380,380,380,380,380,380,380,380,380,380,380,380,380,380,380,380,380,380,380,380,380,380,380,380,380,380,380,380,380,380,380,380,380,380,380,380,380,380,380,380,380,380,380,380,380,380
380,926,926,926,926,926,926,926,926,926,926,926,926,926,926,926,926,926,926,926,926,926,926,926,926,926,926,926,926,926,926,926,926,926,926,926,926,926,926,926,926,926,926,926,926,926,926,926,926,926,926,926,926,926,926,926,926,926,926,926,926,926,926,926,926,926,926,902,902,902,902,902,902,902,902,902,902,902,902,902,902,902,902,902,902,902,902,902,902,902,902,902,902,902,902,902,902,902,902,902,902,902,902,902,902,902,902,902,902,902,902,902,902,902,902,902,902,902,902,902,902,902,902,902,902,16111,16111,16111,16111,16111,16111,101,101,101,101,101,101,101,101,101,101,101,101,101,101,101,101,101,101,101,101,101,101,101,101,101,101,101,101,101,101,101,101,101,101,101,101,101,101,101,101,101,101,101,101,101,101,101,101,101,101,101,101,101,101,101,101,101,101,101,101,101,101,101,101,101,101,101,101,101,101,101,101,101,301,301,301,301,301,301,301,301,301,301,301,301,301,301,301,301,301,301,301,301,301,301,301,301,301,301,301,301,301,301,301,301,301,301,301,301,301,301,301,301,301,301,301,301,301,301,301,301,301,301,301,301,301,301,301,301,301,301,301,301,301,301,301,301,301,301,301,301,301,301,301,301,301,301,301,301,301,301,301,301,301,301,301,301,301,301,301,380,380,380,380,380,380,380,380,380,380,380,380,380,380,380,380,380,380,380,380,380,380,380,380,380,380,380,380,380,380,380,380,380,380,380,380,380,380,380,380,380,380,380,380,380,380,380,380,380,380,380,380,380,380,380,380,380,380,380,380,380,380,380,380,380,380,380,380,380
380,380,926,926,926,926,926,926,926,926,926,926,926,926,926,926,926,926,926,926,926,926,926,926,926,926,926,926,926,926,926,926,926,926,926,926,926,926,926,926,926,926,926,926,926,926,926,926,926,926,926,926,926,926,926,926,926,926,926,926,926,926,926,926,926,926,926,902,902,902,902,902,902,902,902,902,902,902,902,902,902,902,902,902,902,902,902,902,902,902,902,902,902,902,902,902,902,902,902,902,902,902,902,902,902,902,902,902,902,902,902,902,902,902,902,902,902,902,902,902,902,902,902,16111,16111,16111,16111,16111,16111,16111,101,101,101,101,101,101,101,101,101,101,101,101,101,101,101,101,101,101,101,101,101,101,101,101,101,101,101,101,101,101,101,101,101,101,101,101,101,101,101,101,101,101,101,101,101,101,101,101,101,101,101,101,101,101,101,101,101,101,101,101,101,101,101,101,101,101,101,101,101,101,101,101,101,301,301,301,301,301,301,301,301,301,301,301,301,301,301,301,301,301,301,301,301,301,301,301,301,301,301,301,301,301,301,301,301,301,301,301,301,301,301,301,301,301,301,301,301,301,301,301,301,301,301,301,301,301,301,301,301,301,301,301,301,301,301,301,301,301,301,301,301,301,301,301,301,301,301,301,301,301,301,301,301,301,301,301,301,301,301,301,380,380,380,380,380,380,380,380,380,380,380,380,380,380,380,380,380,380,380,380,380,380,380,380,380,380,380,380,380,380,380,380,380,380,380,380,380,380,380,380,380,380,380,380,380,380,380,380,380,380,380,380,380,380,380,380,380,380,380,380,380,380,380,380,380,380,380,380,380,380
380,380,926,926,926,926,926,926,926,926,926,926,926,926,926,926,926,926,926,926,926,926,926,926,926,926,926,926,926,926,926,926,926,926,926,926,926,926,926,926,926,926,926,926,926,926,926,926,926,926,926,926,926,926,926,926,926,926,926,926,926,926,926,926,926,926,926,926,902,902,902,902,902,902,902,902,902,902,902,902,902,902,902,902,902,902,902,902,902,902,902,902,902,902,902,902,902,902,902,902,902,902,902,902,902,902,902,902,902,902,902,902,902,902,902,902,902,902,902,902,902,902,16111,16111,16111,16111,101,101,101,101,101,101,101,101,101,101,101,101,101,101,101,101,101,101,101,101,101,101,101,101,101,101,101,101,101,101,101,101,101,101,101,101,101,101,101,101,101,101,101,101,101,101,101,101,101,101,101,101,101,101,101,101,101,101,101,101,101,101,101,101,101,101,101,101,301,301,301,301,301,301,301,301,301,301,301,301,301,301,301,301,301,301,301,301,301,301,301,301,301,301,301,301,301,301,301,301,301,301,301,301,301,301,301,301,301,301,301,301,301,301,301,301,301,301,301,301,301,301,301,301,301,301,301,301,301,301,301,301,301,301,301,301,301,301,301,301,301,301,301,301,301,301,301,301,301,301,301,301,301,301,301,301,301,301,301,301,301,301,301,301,380,380,380,380,380,380,380,380,380,380,380,380,380,380,380,380,380,380,380,380,380,380,380,380,380,380,380,380,380,380,380,380,380,380,380,380,380,380,380,380,380,380,380,380,380,380,380,380,380,380,380,380,380,380,380,380,380,380,380,380,380,380,380,380,380,380,380,380,380,380
380,380,926,926,926,926,926,926,926,926,926,926,926,926,926,926,926,926,926,926,926,926,926,926,926,926,926,926,926,926,926,926,926,926,926,926,926,926,926,926,926,926,926,926,926,926,926,926,926,926,926,926,926,926,926,926,926,926,926,926,926,926,926,926,926,926,926,926,902,902,902,902,902,902,902,902,902,902,902,902,902,902,902,902,902,902,902,902,902,902,902,902,902,902,902,902,902,902,902,902,902,902,902,902,902,902,902,902,902,902,902,902,902,902,902,902,902,902,902,902,101,101,101,101,101,101,101,101,101,101,101,101,101,101,101,101,101,101,101,101,101,101,101,101,101,101,101,101,101,101,101,18100,101,101,101,101,101,101,101,101,101,101,101,101,101,101,101,101,101,101,101,101,101,101,101,101,101,101,101,101,101,101,101,101,101,101,101,101,101,301,301,301,301,301,301,301,301,301,301,301,301,301,301,301,301,301,301,301,301,301,301,301,301,301,301,301,301,301,301,301,301,301,301,301,301,301,301,301,301,301,301,301,301,301,301,301,301,301,301,301,301,301,301,301,301,301,301,301,301,301,301,301,301,301,301,301,301,301,301,301,301,301,301,301,301,301,301,301,301,301,301,301,301,301,301,301,301,301,301,301,301,301,301,301,301,301,301,301,301,301,301,380,380,380,380,380,380,380,380,380,380,380,380,380,380,380,380,380,380,380,380,380,380,380,380,380,380,380,380,380,380,380,380,380,380,380,380,380,380,380,380,380,380,380,380,380,380,380,380,380,380,380,380,380,380,380,380,380,380,380,380,380,380,380,380,380,380,380,380,380
380,380,380,926,926,926,926,926,926,926,926,926,926,926,926,926,926,926,926,926,926,926,926,926,926,926,926,926,926,926,926,926,926,926,926,926,926,926,926,926,926,926,926,926,926,926,926,926,926,926,926,926,926,926,926,926,926,926,926,926,926,926,926,926,926,926,926,926,926,902,902,902,902,902,902,902,902,902,902,902,902,902,902,902,902,902,902,902,902,902,902,902,902,902,902,902,902,902,902,902,902,902,902,902,902,902,902,902,902,902,902,902,902,902,902,902,902,902,902,902,41200,41200,101,101,101,101,101,101,101,101,101,101,101,101,101,101,101,101,101,101,101,101,101,101,18100,18100,18100,18100,18100,18100,18100,18100,101,101,101,101,101,101,101,101,101,101,101,101,101,101,101,101,101,101,101,101,101,101,101,101,101,101,101,101,101,101,101,101,101,101,101,101,101,301,301,301,301,301,301,301,301,301,301,301,301,301,301,301,301,301,301,301,301,301,301,301,301,301,301,301,301,301,301,301,301,301,301,301,301,301,301,301,301,301,301,301,301,301,301,301,301,301,301,301,301,301,301,301,301,301,301,301,301,301,301,301,301,301,301,301,301,301,301,301,301,301,301,301,301,301,301,301,301,301,301,301,301,301,301,301,301,301,301,301,301,301,301,301,301,301,301,301,301,301,301,301,301,301,380,380,380,380,380,380,380,380,380,380,380,380,380,380,380,380,380,380,380,380,380,380,380,380,380,380,380,380,380,380,380,380,380,380,380,380,380,380,380,380,380,380,380,380,380,380,380,380,380,380,380,380,380,380,380,380,380,380,380,380,380,380,380,380,380,380
380,380,380,926,926,926,926,926,926,926,926,926,926,926,926,926,926,926,926,926,926,926,926,926,926,926,926,926,926,926,926,926,926,926,926,926,926,926,926,926,926,926,926,926,926,926,926,926,926,926,926,926,926,926,926,926,926,926,926,926,926,926,926,926,926,926,926,926,926,902,902,902,902,902,902,902,902,902,902,902,902,902,902,902,902,902,902,902,902,902,902,902,902,902,902,902,902,902,902,902,902,902,902,902,902,902,902,902,902,902,902,902,902,902,902,902,902,902,902,41200,41200,41200,41200,41200,41200,41200,41200,101,101,101,101,101,101,101,101,101,101,101,18100,18100,18100,18100,18100,18100,18100,18100,18100,18100,18100,18100,18100,18100,18100,101,101,101,101,101,101,101,101,101,101,101,101,101,101,101,101,101,101,101,101,101,101,101,101,101,101,101,101,101,101,101,101,101,101,101,101,301,301,301,301,301,301,301,301,301,301,301,301,301,301,301,301,301,301,301,301,301,301,301,301,301,301,301,301,301,301,301,301,301,301,301,301,301,301,301,301,301,301,301,301,301,301,301,301,301,301,301,301,301,301,301,301,301,301,301,301,301,301,301,301,301,301,301,301,301,301,301,301,301,301,301,301,301,301,301,301,301,301,301,301,301,301,301,301,301,301,301,301,301,301,301,301,301,301,301,301,301,301,301,301,301,301,301,301,380,380,380,380,380,380,380,380,380,380,380,380,380,380,380,380,380,380,380,380,380,380,380,380,380,380,380,380,380,380,380,380,380,380,380,380,380,380,380,380,380,380,380,380,380,380,380,380,380,380,380,380,380,380,380,380,380,380,380,380,380,380,380
380,380,380,926,926,926,926,926,926,926,926,926,926,926,926,926,926,926,926,926,926,926,926,926,926,926,926,926,926,926,926,926,926,926,926,926,926,926,926,926,926,926,926,926,926,926,926,926,926,926,926,926,926,926,926,926,926,926,926,926,926,926,926,926,926,926,926,926,926,926,902,902,902,902,902,902,902,902,902,902,902,902,902,902,902,902,902,902,902,902,902,902,902,902,902,902,902,902,902,902,902,902,902,902,902,902,902,902,902,902,902,902,902,902,902,902,902,902,902,41200,41200,41200,41200,41200,41200,41200,41200,41200,41200,41200,41200,41200,41200,41200,18100,18100,18100,18100,18100,18100,18100,18100,18100,18100,18100,18100,18100,18100,18100,18100,18100,18100,18100,18100,101,101,101,101,101,101,101,101,101,101,101,101,101,101,101,101,101,101,101,101,101,101,101,101,101,101,101,101,101,101,101,101,101,101,101,101,301,301,301,301,301,301,301,301,301,301,301,301,301,301,301,301,301,301,301,301,301,301,301,301,301,301,301,301,301,301,301,301,301,301,301,301,301,301,301,301,301,301,301,301,301,301,301,301,301,301,301,301,301,301,301,301,301,301,301,301,301,301,301,301,301,301,301,301,301,301,301,301,301,301,301,301,301,301,301,301,301,301,301,301,301,301,301,301,301,301,301,301,301,301,301,301,301,301,301,301,301,301,301,301,301,301,301,301,301,301,301,380,380,380,380,380,380,380,380,380,380,380,380,380,380,380,380,380,380,380,380,380,380,380,380,380,380,380,380,380,380,380,380,380,380,380,380,380,380,380,380,380,380,380,380,380,380,380,380,380,380,380,380,380,380,380,380,380,380,380
380,380,380,926,926,926,926,926,926,926,926,926,926,926,926,926,926,926,926,926,926,926,926,926,926,926,926,926,926,926,926,926,926,926,926,926,926,926,926,926,926,926,926,926,926,926,926,926,926,926,926,926,926,926,926,926,926,926,926,926,926,926,926,926,926,902,902,902,902,902,902,902,902,902,902,902,902,902,902,902,902,902,902,902,902,902,902,902,902,902,902,902,902,902,902,902,902,902,902,902,902,902,902,902,902,902,902,902,902,902,902,902,902,902,902,902,902,902,902,41200,41200,41200,41200,41200,41200,41200,41200,41200,41200,41200,41200,41200,41200,18100,18100,18100,18100,18100,18100,18100,18100,18100,18100,18100,18100,18100,18100,18100,18100,18100,18100,18100,18100,18100,18100,101,101,101,101,101,101,101,101,101,101,101,101,18100,18100,18100,18100,18100,18100,18100,101,101,101,101,101,101,101,101,101,101,101,101,101,101,101,101,301,301,301,301,301,301,301,301,301,301,301,301,301,301,301,301,301,301,301,301,301,301,301,301,301,301,301,301,301,301,301,301,301,301,301,301,301,301,301,301,301,301,301,301,301,301,301,301,301,301,301,301,301,301,301,301,301,301,301,301,301,301,301,301,301,301,301,301,301,301,301,301,301,301,301,301,301,301,301,301,301,301,301,301,301,301,301,301,301,301,301,301,301,301,301,301,301,301,301,301,301,301,301,301,301,301,301,301,301,301,301,301,301,301,380,380,380,380,380,380,380,380,380,380,380,380,380,380,380,380,380,380,380,380,380,380,380,380,380,380,380,380,380,380,380,380,380,380,380,380,380,380,380,380,380,380,380,380,380,380,380,380,380,380,380,380,380,380,380,380
380,380,380,926,926,926,926,926,926,926,926,926,926,926,926,926,926,926,926,926,926,926,926,926,926,926,926,926,926,926,926,926,926,926,926,926,926,926,926,926,926,926,926,926,926,926,926,926,926,926,926,926,926,926,926,926,926,926,926,926,926,926,926,926,926,926,902,902,902,902,902,902,902,902,902,902,902,902,902,902,902,902,902,902,902,902,902,902,902,902,902,902,902,902,902,902,902,902,902,902,902,902,902,902,902,902,902,902,902,902,902,902,902,902,902,902,902,902,41200,41200,41200,41200,41200,41200,41200,41200,41200,41200,41200,41200,41200,41200,41200,18100,18100,18100,18100,18100,18100,18100,18100,18100,18100,18100,18100,18100,18100,18100,18100,18100,18100,18100,18100,18100,18100,18100,18100,18100,101,101,101,101,18100,18100,18100,18100,18100,18100,18100,18100,18100,18100,18100,18100,18100,18100,18100,18100,18100,18100,18100,18100,18100,18100,18100,18100,18100,18100,101,301,301,301,301,301,301,301,301,301,301,301,301,301,301,301,301,301,301,301,301,301,301,301,301,301,301,301,301,301,301,301,301,301,301,301,301,301,301,301,301,301,301,301,301,301,301,301,301,301,301,301,301,301,301,301,301,301,301,301,301,301,301,301,301,301,301,301,301,301,301,301,301,301,301,301,301,301,301,301,301,301,301,301,301,301,301,301,301,301,301,301,301,301,301,301,301,301,301,301,301,301,301,301,301,301,301,301,301,301,301,301,301,301,301,301,301,301,301,380,380,380,380,380,380,380,380,380,380,380,380,380,380,380,380,380,380,380,380,380,380,380,380,380,380,380,380,380,380,380,380,380,380,380,380,380,380,380,380,380,380,380,380,380,380,380,380,380,380,380,380,380
380,380,380,926,926,926,926,926,926,926,926,926,926,926,926,926,926,926,926,926,926,926,926,926,926,926,926,926,926,926,926,926,926,926,926,926,926,926,926,926,926,926,926,926,926,926,926,926,926,926,926,926,926,926,926,926,926,926,926,926,926,926,926,926,926,926,926,902,902,902,902,902,902,902,902,902,902,902,902,902,902,902,902,902,902,902,902,902,902,902,902,902,902,902,902,902,902,902,902,902,902,902,902,902,902,902,902,902,902,902,902,902,41200,41200,41200,41200,41200,41200,41200,41200,41200,41200,41200,41200,41200,41200,41200,41200,41200,41200,41200,41200,18100,18100,18100,18100,18100,18100,18100,18100,18100,18100,18100,18100,18100,18100,18100,18100,18100,18100,18100,18100,18100,18100,18100,18100,18100,18100,18100,18100,18100,18100,18100,18100,18100,18100,18100,18100,18100,18100,18100,18100,18100,18100,18100,18100,18100,18100,18100,18100,18100,18100,18100,18100,18100,18100,18100,18100,18100,301,301,301,301,301,301,301,301,301,301,301,301,301,301,301,301,301,301,301,301,301,301,301,301,301,301,301,301,301,301,301,301,301,301,301,301,301,301,301,301,301,301,301,301,301,301,301,301,301,301,301,301,301,301,301,301,301,301,301,301,301,301,301,301,301,301,301,301,301,301,301,301,301,301,301,301,301,301,301,301,301,301,301,301,301,301,301,301,301,301,301,301,301,301,301,301,301,301,301,301,301,301,301,301,301,301,301,301,301,301,301,301,301,301,301,301,301,301,301,301,380,380,380,380,380,380,380,380,380,380,380,380,380,380,380,380,380,380,380,380,380,380,380,380,380,380,380,380,380,380,380,380,380,380,380,380,380,380,380,380,380,380,380,380,380,380,380,380,380,380,380
380,380,380,926,926,926,926,926,926,926,926,926,926,926,926,926,926,926,926,926,926,926,926,926,926,926,926,926,926,926,926,926,926,926,926,926,926,926,926,926,926,926,926,926,926,926,926,926,926,926,926,926,926,926,926,926,926,926,926,926,926,926,926,926,926,926,926,926,926,902,902,902,902,902,902,902,902,902,902,902,902,902,902,902,902,902,902,902,902,902,902,902,902,902,902,902,902,902,902,902,41200,41200,41200,41200,41200,41200,41200,41200,41200,41200,41200,41200,41200,41200,41200,41200,41200,41200,41200,41200,41200,41200,41200,41200,41200,41200,41200,41200,41200,41200,41200,18100,18100,18100,18100,18100,18100,18100,18100,18100,18100,18100,18100,18100,18100,18100,18100,18100,18100,18100,18100,18100,18100,18100,18100,18100,18100,18100,18100,18100,18100,18100,18100,18100,18100,18100,18100,18100,18100,18100,18100,18100,18100,18100,18100,18100,18100,18100,18100,18100,18100,18100,18100,18100,18100,18100,18100,18100,301,301,301,301,301,301,301,301,301,301,301,301,301,301,301,301,301,301,301,301,301,301,301,301,301,301,301,301,301,301,301,301,301,301,301,301,301,301,301,301,301,301,301,301,301,301,301,301,301,301,301,301,301,301,301,301,301,301,301,301,301,301,301,301,301,301,301,301,301,301,301,301,301,301,301,301,301,301,301,301,301,301,301,301,301,301,301,301,301,301,301,301,301,301,301,301,301,301,301,301,301,301,301,301,301,301,301,301,301,301,301,301,301,301,301,301,301,301,301,301,301,301,301,301,301,301,380,380,380,380,380,380,380,380,380,380,380,380,380,380,380,380,380,380,380,380,380,380,380,380,380,380,380,380,380,380,380,380,380,380,380,380,380,380,380,380,380,380,380,380,380,380
380,380,380,926,926,926,926,926,926,926,926,926,926,926,926,926,926,926,926,926,926,926,926,926,926,926,926,926,926,926,926,926,926,926,926,926,926,926,926,926,926,926,926,926,926,926,926,926,926,926,926,926,926,926,926,926,926,926,926,926,926,926,926,926,926,926,926,926,926,926,902,902,902,902,902,902,902,902,902,902,902,902,902,902,902,902,902,902,902,902,902,902,902,902,902,902,902,41200,41200,41200,41200,41200,41200,41200,41200,41200,41200,41200,41200,41200,41200,41200,41200,41200,41200,41200,41200,41200,41200,41200,41200,41200,41200,41200,41200,41200,41200,41200,41200,41200,18100,18100,18100,18100,18100,18100,18100,18100,18100,18100,18100,18100,18100,18100,18100,18100,18100,18100,18100,18100,18100,18100,18100,18100,18100,18100,18100,18100,18100,18100,18100,18100,18100,18100,18100,18100,18100,18100,18100,18100,18100,18100,18100,18100,18100,18100,18100,18100,18100,18100,18100,18100,18100,18100,18100,18100,18100,18100,301,301,301,301,301,301,301,301,301,301,301,301,301,301,301,301,301,301,301,301,301,301,301,301,301,301,301,301,301,301,301,301,301,301,301,301,301,301,301,301,301,301,301,301,301,301,301,301,301,301,301,301,301,301,301,301,301,301,301,301,301,301,301,301,301,301,301,301,301,301,301,301,301,301,301,301,301,301,301,301,301,301,301,301,301,301,301,301,301,301,301,301,301,301,301,301,301,301,301,301,301,301,301,301,301,301,301,301,301,301,301,301,301,301,301,301,301,301,301,301,301,301,301,301,301,301,301,301,301,301,380,380,380,380,380,380,380,380,380,380,380,380,380,380,380,380,380,380,380,380,380,380,380,380,380,380,380,380,380,380,380,380,380,380,380,380,380,380,380,380,380,380
380,380,926,926,926,926,926,926,926,926,926,926,926,926,926,926,926,926,926,926,926,926,926,926,926,926,926,926,926,926,926,926,926,926,926,926,926,926,926,926,926,926,926,926,926,926,926,926,926,926,926,926,926,926,926,926,926,926,926,926,926,926,926,926,926,926,926,43200,43200,43200,43200,43200,43200,43200,43200,43200,43200,43200,43200,43200,43200,43200,43200,43200,43200,43200,43200,43200,43200,43200,43200,43200,41200,41200,41200,41200,41200,41200,41200,41200,41200,41200,41200,41200,41200,41200,41200,41200,41200,41200,41200,41200,41200,41200,41200,41200,41200,41200,41200,41200,41200,41200,41200,41200,41200,41200,41200,41200,41200,41200,18100,18100,18100,18100,18100,18100,18100,18100,18100,18100,18100,18100,18100,18100,18100,18100,18100,18100,18100,18100,18100,18100,18100,18100,18100,18100,18100,18100,18100,18100,18100,18100,18100,18100,18100,18100,18100,18100,18100,18100,18100,18100,18100,18100,18100,18100,18100,18100,18100,18100,18100,18100,18100,18100,18100,18100,18100,18100,301,301,301,301,301,301,301,301,301,301,301,301,301,301,301,301,301,301,301,301,301,301,301,301,301,301,301,301,301,301,301,301,301,301,301,301,301,301,301,301,301,301,301,301,301,301,301,301,301,301,301,301,301,301,301,301,301,301,301,301,301,301,301,301,301,301,301,301,301,301,301,301,301,301,301,301,301,301,301,301,301,301,301,301,301,301,301,301,301,301,301,301,301,301,301,301,301,301,301,301,301,301,301,301,301,301,301,301,301,301,301,301,301,301,301,301,301,301,301,301,301,301,301,301,301,301,301,301,301,301,301,301,380,380,380,380,380,380,380,380,380,380,380,380,380,380,380,380,380,380,380,380,380,380,380,380,380,380,380,380,380,380,380,380,380,380,380,380,380,380,380,380
380,380,380,380,380,926,926,926,926,926,926,926,926,926,926,926,926,926,926,926,926,926,926,926,926,926,926,926,926,926,926,926,926,926,926,926,926,926,926,926,926,926,926,926,926,926,926,926,926,926,926,926,926,926,926,926,926,926,926,926,926,926,926,926,926,43200,43200,43200,43200,43200,43200,43200,43200,43200,43200,43200,43200,43200,43200,43200,43200,43200,43200,43200,43200,43200,43200,43200,43200,43200,43200,43200,41200,41200,41200,41200,41200,41200,41200,41200,41200,41200,41200,41200,41200,41200,41200,41200,41200,41200,41200,41200,41200,41200,41200,41200,41200,41200,41200,41200,41200,41200,41200,41200,41200,41200,41200,41200,41200,41200,41200,18100,18100,18100,18100,18100,18100,18100,18100,18100,18100,18100,18100,18100,18100,18100,18100,18100,18100,18100,18100,18100,18100,18100,18100,18100,18100,18100,18100,18100,18100,18100,18100,18100,18100,18100,18100,18100,18100,18100,18100,18100,18100,18100,18100,18100,18100,18100,18100,18100,18100,18100,18100,18100,18100,18100,18100,18100,301,301,301,301,301,301,301,301,301,301,301,301,301,301,301,301,301,301,301,301,301,301,301,301,301,301,301,301,301,301,301,301,301,301,301,301,301,301,301,301,301,301,301,301,301,301,301,301,301,301,301,301,301,301,301,301,301,301,301,301,301,301,301,301,301,301,301,301,301,301,301,301,301,301,301,301,301,301,301,301,301,301,301,301,301,301,301,301,301,301,301,301,301,301,301,301,301,301,301,301,301,301,301,301,301,301,301,301,301,301,301,301,301,301,301,301,301,301,301,301,301,301,301,301,301,301,301,301,301,301,301,301,301,301,301,380,380,380,380,380,380,380,380,380,380,380,380,380,380,380,380,380,380,380,380,380,380,380,380,380,380,380,380,380,380,380,380,380,380,380,380,380
380,380,380,380,380,926,926,926,926,926,926,926,926,926,926,926,926,926,926,926,926,926,926,926,926,926,926,926,926,926,926,926,926,926,926,926,926,926,926,926,926,926,926,926,926,926,926,926,926,926,926,926,926,926,926,926,926,926,926,926,926,926,43200,43200,43200,43200,43200,43200,43200,43200,43200,43200,43200,43200,43200,43200,43200,43200,43200,43200,43200,43200,43200,43200,43200,43200,43200,43200,43200,43200,43200,43200,43200,41200,41200,41200,41200,41200,41200,41200,41200,41200,41200,41200,41200,41200,41200,41200,41200,41200,41200,41200,41200,41200,41200,41200,41200,41200,41200,41200,41200,41200,41200,41200,41200,41200,41200,41200,41200,41200,41200,18100,18100,18100,18100,18100,18100,18100,18100,18100,18100,18100,18100,18100,18100,18100,18100,18100,18100,18100,18100,18100,18100,18100,18100,18100,18100,18100,18100,18100,18100,18100,18100,18100,18100,18100,18100,18100,18100,18100,18100,18100,18100,18100,18100,18100,18100,18100,18100,18100,18100,18100,18100,18100,18100,18100,18100,301,301,301,301,301,301,301,301,301,301,301,301,301,301,301,301,301,301,301,301,301,301,301,301,301,301,301,301,301,301,301,301,301,301,301,301,301,301,301,301,301,301,301,301,301,301,301,301,301,301,301,301,301,301,301,301,301,301,301,301,301,301,301,301,301,301,301,301,301,301,301,301,301,301,301,301,301,301,301,301,301,301,301,301,301,301,301,301,301,301,301,301,301,301,301,301,301,301,301,301,301,301,301,301,301,301,301,301,301,301,301,301,301,301,301,301,301,301,301,301,301,301,301,301,301,301,301,301,301,301,301,301,301,301,301,301,301,301,301,301,301,301,380,380,380,380,380,380,380,380,380,380,380,380,380,380,380,380,380,380,380,380,380,380,380,380,380,380,380,380,380,380,380
380,380,380,380,380,926,926,926,926,926,926,926,926,926,926,926,926,926,926,926,926,926,926,926,926,926,926,926,926,926,926,926,926,926,926,926,926,926,926,926,926,926,926,926,926,926,926,926,926,926,926,926,926,926,926,926,926,926,43200,43200,43200,43200,43200,43200,43200,43200,43200,43200,43200,43200,43200,43200,43200,43200,43200,43200,43200,43200,43200,43200,43200,43200,43200,43200,43200,43200,43200,43200,43200,43200,43200,43200,43200,41200,41200,41200,41200,41200,41200,41200,41200,41200,41200,41200,41200,41200,41200,41200,41200,41200,41200,41200,41200,41200,41200,41200,41200,41200,41200,41200,41200,41200,41200,41200,41200,41200,41200,41200,41200,41200,41200,18100,18100,18100,18100,18100,18100,18100,18100,18100,18100,18100,18100,18100,18100,18100,18100,18100,18100,18100,18100,18100,18100,18100,18100,18100,18100,18100,18100,18100,18100,18100,18100,18100,18100,18100,18100,18100,18100,18100,18100,18100,18100,18100,18100,18100,18100,18100,18100,18100,18100,18100,18100,18100,18100,18100,301,301,301,301,301,301,301,301,301,301,301,301,301,301,301,301,301,301,301,301,301,301,301,301,301,301,301,301,301,301,301,301,301,301,301,301,301,301,301,301,301,301,301,301,301,301,301,301,301,301,301,301,301,301,301,301,301,301,301,301,301,301,301,301,301,301,301,301,301,301,301,301,301,301,301,301,301,301,301,301,301,301,301,301,301,301,301,301,301,301,301,301,301,301,301,301,301,301,301,301,301,301,301,301,301,301,301,301,301,301,301,301,301,301,301,301,301,301,301,301,301,301,301,301,301,301,301,301,301,301,301,301,301,301,301,301,301,301,301,301,301,301,301,301,301,301,301,301,301,301,301,301,301,301,301,301,301,301,301,301,301,301,301,301,301,301,301,301,301,301,301,301,301,301
301,301,301,301,301,301,926,926,926,926,926,926,926,926,926,926,926,926,926,926,926,926,926,926,926,926,926,926,926,926,926,926,926,926,926,926,926,926,926,926,926,926,926,926,926,926,926,926,926,926,301,301,301,301,43200,43200,43200,43200,43200,43200,43200,43200,43200,43200,43200,43200,43200,43200,43200,43200,43200,43200,43200,43200,43200,43200,43200,43200,43200,43200,43200,43200,43200,43200,43200,43200,43200,43200,43200,43200,43200,43200,43200,41200,41200,41200,41200,41200,41200,41200,41200,41200,41200,41200,41200,41200,41200,41200,41200,41200,41200,41200,41200,41200,41200,41200,41200,41200,41200,41200,41200,41200,41200,41200,41200,41200,41200,41200,41200,41200,41200,18100,18100,18100,18100,18100,18100,18100,18100,18100,18100,18100,18100,18100,18100,18100,18100,18100,18100,18100,18100,18100,18100,18100,18100,18100,18100,18100,18100,18100,18100,18100,18100,18100,18100,18100,18100,18100,18100,18100,18100,18100,18100,18100,18100,18100,18100,18100,18100,18100,18100,18100,18100,18100,18100,18100,301,301,301,301,301,301,301,301,301,301,301,301,301,301,301,301,301,301,301,301,301,301,301,301,301,301,301,301,301,301,301,301,301,301,301,301,301,301,301,301,301,301,301,301,301,301,301,301,301,301,301,301,301,301,301,301,301,301,301,301,301,301,301,301,301,301,301,301,301,301,301,301,301,301,301,301,301,301,301,301,301,301,301,301,301,301,301,301,301,301,301,301,301,301,301,301,301,301,301,301,301,301,301,301,301,301,301,301,301,301,301,301,301,301,301,301,301,301,301,301,301,301,301,301,301,301,301,301,301,301,301,301,301,301,301,301,301,301,301,301,301,301,301,301,301,301,301,301,301,301,301,301,301,301,301,301,301,301,301,301,301,301,301,301,301,301,301,301,301,301,301,301,301,301
301,301,301,301,301,301,301,301,301,301,301,301,301,301,301,926,926,926,926,926,926,926,926,926,926,926,926,926,926,926,926,926,926,926,926,926,926,926,926,301,301,301,301,301,301,301,301,301,301,301,301,301,301,301,301,43200,43200,43200,43200,43200,43200,43200,43200,43200,43200,43200,43200,43200,43200,43200,43200,43200,43200,43200,43200,43200,43200,43200,43200,43200,43200,43200,43200,43200,43200,43200,43200,43200,43200,43200,43200,43200,43200,43200,41200,41200,41200,41200,41200,41200,41200,41200,41200,41200,41200,41200,41200,41200,41200,41200,41200,41200,41200,41200,41200,41200,41200,41200,41200,41200,41200,41200,41200,41200,41200,41200,41200,41200,41200,41200,41200,41200,18100,18100,18100,18100,18100,18100,18100,18100,41200,41200,41200,41200,41200,18100,18100,18100,18100,18100,18100,18100,18100,18100,18100,18100,18100,18100,18100,18100,18100,18100,18100,18100,18100,18100,18100,18100,18100,18100,18100,18100,18100,18100,18100,18100,18100,18100,18100,18100,18100,18100,18100,18100,18100,301,301,301,301,301,301,301,301,301,301,301,301,301,301,301,301,301,301,301,301,301,301,301,301,301,301,301,301,301,301,301,301,301,301,301,301,301,301,301,301,301,301,301,301,301,301,301,301,301,301,301,301,301,301,301,301,301,301,301,301,301,301,301,301,301,301,301,301,301,301,301,301,301,301,301,301,301,301,301,301,301,301,301,301,301,301,301,301,301,301,301,301,301,301,301,301,301,301,301,301,301,301,301,301,301,301,301,301,301,301,301,301,301,301,301,301,301,301,301,301,301,301,301,301,301,301,301,301,301,301,301,301,301,301,301,301,301,301,301,301,301,301,301,301,301,301,301,301,301,301,301,301,301,301,301,301,301,301,301,301,301,301,301,301,301,301,301,301,301,301,301,301,301,301,301
301,301,301,301,301,301,301,301,301,301,301,301,301,301,301,301,301,301,301,301,301,301,301,301,301,301,301,301,301,301,301,301,301,301,301,301,301,301,301,301,301,301,301,301,301,301,301,301,301,301,301,301,301,301,301,301,43200,43200,43200,43200,43200,43200,43200,43200,43200,43200,43200,43200,43200,43200,43200,43200,43200,43200,43200,43200,43200,43200,43200,43200,43200,43200,43200,43200,43200,43200,43200,43200,43200,43200,43200,43200,43200,43200,43200,41200,41200,41200,41200,41200,41200,41200,41200,41200,41200,41200,41200,41200,41200,41200,41200,41200,41200,41200,41200,41200,41200,41200,41200,41200,41200,41200,41200,41200,41200,41200,41200,41200,41200,41200,41200,41200,41200,41200,41200,41200,41200,41200,41200,41200,41200,41200,41200,41200,41200,41200,41200,18100,18100,18100,18100,18100,18100,18100,18100,18100,18100,18100,18100,18100,18100,18100,18100,18100,18100,18100,18100,18100,18100,18100,18100,18100,18100,18100,18100,18100,18100,18100,18100,18100,18100,18100,18100,18100,301,301,301,301,301,301,301,301,301,301,301,301,301,301,301,301,301,301,301,301,301,301,301,301,301,301,301,301,301,301,301,301,301,301,301,301,301,301,301,301,301,301,301,301,301,301,301,301,301,301,301,301,301,301,301,301,301,301,301,301,301,301,301,301,301,301,301,301,301,301,301,301,301,301,301,301,301,301,301,301,301,301,301,301,301,301,301,301,301,301,301,301,301,301,301,301,301,301,301,301,301,301,301,301,301,301,301,301,301,301,301,301,301,301,301,301,301,301,301,301,301,301,301,301,301,301,301,301,301,301,301,301,301,301,301,301,301,301,301,301,301,301,301,301,301,301,301,301,301,301,301,301,301,301,301,301,301,301,301,301,301,301,301,301,301,301,301,301,301,301,301,301,301,301,301,301
301,301,301,301,301,301,301,301,301,301,301,301,301,301,301,301,301,301,301,301,301,301,301,301,301,301,301,301,301,301,301,301,301,301,301,301,301,301,301,301,301,301,301,301,301,301,301,301,301,301,301,301,301,301,301,301,301,43200,43200,43200,43200,43200,43200,43200,43200,43200,43200,43200,43200,43200,43200,43200,43200,43200,43200,43200,43200,43200,43200,43200,43200,43200,43200,43200,43200,43200,43200,43200,43200,43200,43200,43200,43200,43200,43200,43200,41200,41200,41200,41200,41200,41200,41200,41200,41200,41200,41200,41200,41200,41200,41200,41200,41200,41200,41200,41200,41200,41200,41200,41200,41200,41200,41200,41200,41200,41200,41200,41200,41200,41200,41200,41200,41200,41200,41200,41200,41200,41200,41200,41200,41200,41200,41200,41200,41200,41200,41200,41200,41200,41200,41200,41200,18100,18100,18100,18100,18100,18100,18100,18100,18100,18100,18100,18100,18100,18100,18100,18100,18100,18100,18100,18100,18100,18100,18100,18100,18100,18100,18100,18100,18100,18100,18100,301,301,301,301,301,301,301,301,301,301,301,301,301,301,301,301,301,301,301,301,301,301,301,301,301,301,301,301,301,301,301,301,301,301,301,301,301,301,301,301,301,301,301,301,301,301,301,301,301,301,301,301,301,301,301,301,301,301,301,301,301,301,301,301,301,301,301,301,301,301,301,301,301,301,301,301,301,301,301,301,301,301,301,301,301,301,301,301,301,301,301,301,301,301,301,301,301,301,301,301,301,301,301,301,301,301,301,301,301,301,301,301,301,301,301,301,301,301,301,301,301,301,301,301,301,301,301,301,301,301,301,301,301,301,301,301,301,301,301,301,301,301,301,301,301,301,301,301,301,301,301,301,301,301,301,301,301,301,301,301,301,301,301,301,301,301,301,301,301,301,301,301,301,301,301,301,301
301,301,301,301,301,301,301,301,301,301,301,301,301,301,301,301,301,301,301,301,301,301,301,301,301,301,301,301,301,301,301,301,301,301,301,301,301,301,301,301,301,301,301,301,301,301,301,301,301,301,301,301,301,301,301,301,301,301,43200,43200,43200,43200,43200,43200,43200,43200,43200,43200,43200,43200,43200,43200,43200,43200,43200,43200,43200,43200,43200,43200,43200,43200,43200,43200,43200,43200,43200,43200,43200,43200,43200,43200,43200,43200,43200,43200,43200,43200,43200,41200,41200,41200,41200,41200,41200,41200,41200,41200,41200,41200,41200,41200,41200,41200,41200,41200,41200,41200,41200,41200,41200,41200,41200,41200,41200,41200,41200,41200,41200,41200,41200,41200,41200,41200,41200,41200,41200,41200,41200,41200,41200,41200,41200,41200,41200,41200,41200,41200,41200,41200,41200,41200,41200,41200,41200,41200,41200,41200,41200,18100,18100,18100,18100,18100,18100,18100,18100,18100,18100,18100,18100,18100,18100,18100,18100,18100,18100,18100,18100,18100,18100,301,301,301,301,301,301,301,301,301,301,301,301,301,301,301,301,301,301,301,301,301,301,301,301,301,301,301,301,301,301,301,301,301,301,301,301,301,301,301,301,301,301,301,301,301,301,301,301,301,301,301,301,301,301,301,301,301,301,301,301,301,301,301,301,301,301,301,301,301,301,301,301,301,301,301,301,301,301,301,301,301,301,301,301,301,301,301,301,301,301,301,301,301,301,301,301,301,301,301,301,301,301,301,301,301,301,301,301,301,301,301,301,301,301,301,301,301,301,301,301,301,301,301,301,301,301,301,301,301,301,301,301,301,301,301,301,301,301,301,301,301,301,301,301,301,301,301,301,301,301,301,301,301,301,301,301,301,301,301,301,301,301,301,301,301,301,301,301,301,301,301,301,301,301,301,301,301,301,301
301,301,301,301,301,301,301,301,301,301,301,301,301,301,301,301,301,301,301,301,301,301,301,301,301,301,301,301,301,301,301,301,301,301,301,301,301,301,301,301,301,301,301,301,301,301,301,301,301,301,301,301,301,301,301,301,301,301,301,43200,43200,43200,43200,43200,43200,43200,43200,43200,43200,43200,43200,43200,43200,43200,43200,43200,43200,43200,43200,43200,43200,43200,43200,43200,43200,43200,43200,43200,43200,43200,43200,43200,43200,43200,43200,43200,43200,43200,43200,43200,43200,41200,41200,41200,41200,41200,41200,41200,41200,41200,41200,41200,41200,41200,41200,41200,41200,41200,41200,41200,41200,41200,41200,41200,41200,41200,41200,41200,41200,41200,41200,41200,41200,41200,41200,41200,41200,41200,41200,41200,41200,41200,41200,41200,41200,41200,41200,41200,41200,41200,41200,41200,41200,41200,41200,41200,41200,41200,41200,41200,41200,41200,41200,41200,41200,41200,41200,41200,41200,41200,41200,41200,41200,41200,41200,41200,41200,41200,41200,41200,301,301,301,301,301,301,301,301,301,301,301,301,301,301,301,301,301,301,301,301,301,301,301,301,301,301,301,301,301,301,301,301,301,301,301,301,301,301,301,301,301,301,301,301,301,301,301,301,301,301,301,301,301,301,301,301,301,301,301,301,301,301,301,301,301,301,301,301,301,301,301,301,301,301,301,301,301,301,301,301,301,301,301,301,301,301,301,301,301,301,301,301,301,301,301,301,301,301,301,301,301,301,301,301,301,301,301,301,301,301,301,301,301,301,301,301,301,301,301,301,301,301,301,301,301,301,301,301,301,301,301,301,301,301,301,301,301,301,301,301,301,301,301,301,301,301,301,301,301,301,301,301,301,301,301,301,301,301,301,301,301,301,301,301,301,301,301,301,301,301,301,301,301,301,301,301,301,301,301,301
301,301,301,301,301,301,301,301,301,301,301,301,301,301,301,301,301,301,301,301,301,301,301,301,301,301,301,301,301,301,301,301,301,301,301,301,301,301,301,301,301,301,301,301,301,301,301,301,301,301,301,301,301,301,301,301,301,301,43200,43200,43200,43200,43200,43200,43200,43200,43200,43200,43200,43200,43200,43200,43200,43200,43200,43200,43200,43200,43200,43200,43200,43200,43200,43200,43200,43200,43200,43200,43200,43200,43200,43200,43200,43200,43200,43200,43200,43200,43200,43200,43200,43200,43200,41200,41200,41200,41200,41200,41200,41200,41200,41200,41200,41200,41200,41200,41200,41200,41200,41200,41200,41200,41200,41200,41200,41200,41200,41200,41200,41200,41200,41200,41200,41200,41200,41200,41200,41200,41200,41200,41200,41200,41200,41200,41200,41200,41200,41200,41200,41200,41200,41200,41200,41200,41200,41200,41200,41200,41200,41200,41200,41200,41200,41200,41200,41200,41200,41200,41200,41200,41200,41200,41200,41200,41200,41200,41200,41200,301,301,301,301,301,301,301,301,301,301,301,301,301,301,301,301,301,301,301,301,301,301,301,301,301,301,301,301,301,301,301,301,301,301,301,301,301,301,301,301,301,301,301,301,301,301,301,301,301,301,301,301,301,301,301,301,301,301,301,301,301,301,301,301,301,301,301,301,301,301,301,301,301,301,301,301,301,301,301,301,301,301,301,301,301,301,301,301,301,301,301,301,301,301,301,301,301,301,301,301,301,301,301,301,301,301,301,301,301,301,301,301,301,301,301,301,301,301,301,301,301,301,301,301,301,301,301,301,301,301,301,301,301,301,301,301,301,301,301,301,301,301,301,301,301,301,301,301,301,301,301,301,301,301,301,301,301,301,301,301,301,301,301,301,301,301,301,301,301,301,301,301,301,301,301,301,301,301,301,301,301,301
301,301,301,301,301,301,301,301,301,301,301,301,301,301,301,301,301,301,301,301,301,301,301,301,301,301,301,301,301,301,301,301,301,301,301,301,301,301,301,301,301,301,301,301,301,301,301,301,301,301,301,301,301,301,301,43200,43200,43200,43200,43200,43200,43200,43200,43200,43200,43200,43200,43200,43200,43200,43200,43200,43200,43200,43200,43200,43200,43200,43200,43200,43200,43200,43200,43200,43200,43200,43200,43200,43200,43200,43200,43200,43200,43200,43200,43200,43200,43200,43200,43200,43200,43200,43200,43200,43200,41200,41200,41200,41200,41200,41200,41200,41200,41200,41200,41200,41200,41200,41200,41200,41200,41200,41200,41200,41200,41200,41200,41200,41200,41200,41200,41200,41200,41200,41200,41200,41200,41200,41200,41200,41200,41200,41200,41200,41200,41200,41200,41200,41200,41200,41200,41200,41200,41200,41200,41200,41200,41200,41200,41200,41200,41200,41200,41200,41200,41200,41200,41200,41200,41200,41200,41200,41200,41200,41200,41200,301,301,301,301,301,301,301,301,301,301,301,301,301,301,301,301,301,301,301,301,301,301,301,301,301,301,301,301,301,301,301,301,301,301,301,301,301,301,301,301,301,301,301,301,301,301,301,301,301,301,301,301,301,301,301,301,301,301,301,301,301,301,301,301,301,301,301,301,301,301,301,301,301,301,301,301,301,301,301,301,301,301,301,301,301,301,301,301,301,301,301,301,301,301,301,301,301,301,301,301,301,301,301,301,301,301,301,301,301,301,301,301,301,301,301,301,301,301,301,301,301,301,301,301,301,301,301,301,301,301,301,301,301,301,301,301,301,301,301,301,301,301,301,301,301,301,301,301,301,301,301,301,301,301,301,301,301,301,301,301,301,301,301,301,301,301,301,301,301,301,301,301,301,301,301,301,301,301,301,301,301,301,301,301
301,301,301,301,301,301,301,301,301,301,301,301,301,301,301,301,301,301,301,301,301,301,301,301,301,301,301,301,301,301,301,301,301,301,301,301,301,301,301,301,301,301,301,301,301,301,301,301,301,301,301,301,43200,43200,43200,43200,43200,43200,43200,43200,43200,43200,43200,43200,43200,43200,43200,43200,43200,43200,43200,43200,43200,43200,43200,43200,43200,43200,43200,43200,43200,43200,43200,43200,43200,43200,43200,43200,43200,43200,43200,43200,43200,43200,43200,43200,43200,43200,43200,43200,43200,43200,43200,43200,43200,41200,41200,41200,41200,41200,41200,41200,41200,41200,41200,41200,41200,41200,41200,41200,41200,41200,41200,41200,41200,41200,41200,41200,41200,41200,41200,41200,41200,41200,41200,41200,41200,41200,41200,41200,41200,41200,41200,41200,41200,41200,41200,41200,41200,41200,41200,41200,41200,41200,41200,41200,41200,41200,41200,41200,41200,41200,41200,41200,41200,41200,41200,41200,41200,41200,41200,41200,41200,301,301,301,301,301,301,301,301,301,301,301,301,301,301,301,301,301,301,301,301,301,301,301,301,301,301,301,301,301,301,301,301,301,301,301,301,301,301,301,301,301,301,301,301,301,301,301,301,301,301,301,301,301,301,301,301,301,301,301,301,301,301,301,301,301,301,301,301,301,301,301,301,301,301,301,301,301,301,301,301,301,301,301,301,301,301,301,301,301,301,301,301,301,301,301,301,301,301,301,301,301,301,301,301,301,301,301,301,301,301,301,301,301,301,301,301,301,301,301,301,301,301,301,301,301,301,301,301,301,301,301,301,301,301,301,301,301,301,301,301,301,301,301,301,301,301,301,301,301,301,301,301,301,301,301,301,301,301,301,301,301,301,301,301,301,301,301,301,301,301,301,301,301,301,301,301,301,301,301,301,301,301,301,301,301,301,301
301,301,301,301,301,301,301,301,301,301,301,301,301,301,301,301,301,301,301,301,301,301,301,301,301,301,301,301,301,301,301,301,301,301,301,301,301,301,301,301,301,301,301,301,301,301,301,301,301,301,301,301,43200,43200,43200,43200,43200,43200,43200,43200,43200,43200,43200,43200,43200,43200,43200,43200,43200,43200,43200,43200,43200,43200,43200,43200,43200,43200,43200,43200,43200,43200,43200,43200,43200,43200,43200,43200,43200,43200,43200,43200,43200,43200,43200,43200,301,301,301,301,301,301,301,301,301,41200,41200,41200,41200,41200,41200,41200,41200,41200,41200,41200,41200,41200,41200,41200,41200,41200,41200,41200,41200,41200,41200,41200,41200,41200,41200,41200,41200,41200,41200,41200,41200,41200,41200,41200,41200,41200,41200,41200,41200,41200,41200,41200,41200,41200,41200,41200,41200,41200,41200,41200,41200,41200,41200,41200,41200,41200,41200,41200,41200,41200,41200,41200,41200,301,301,301,301,301,301,301,301,301,301,301,301,301,301,301,301,301,301,301,301,301,301,301,301,301,301,301,301,301,301,301,301,301,301,301,301,301,301,301,301,301,301,301,301,301,301,301,301,301,301,301,301,301,301,301,301,301,301,301,301,301,301,301,301,301,301,301,301,301,301,301,301,301,301,301,301,301,301,301,301,301,301,301,301,301,301,301,301,301,301,301,301,301,301,301,301,301,301,301,301,301,301,301,301,301,301,301,301,301,301,301,301,301,301,301,301,301,301,301,301,301,301,301,301,301,301,301,301,301,301,301,301,301,301,301,301,301,301,301,301,301,301,301,301,301,301,301,301,301,301,301,301,301,301,301,301,301,301,301,301,301,301,301,301,301,301,301,301,301,301,301,301,301,301,301,301,301,301,301,301,301,301,301,301,301,301,301,301,301,301,301
301,301,301,301,301,301,301,301,301,301,301,301,301,301,301,301,301,301,301,301,301,301,301,301,301,301,301,301,301,301,301,301,301,301,301,301,301,301,301,301,301,301,301,301,301,301,301,301,301,301,301,301,301,301,301,301,301,301,301,301,301,301,301,301,301,301,301,301,301,301,301,301,301,301,301,301,301,301,301,301,301,301,301,301,301,301,301,301,301,301,301,301,301,301,301,301,301,301,301,301,301,301,301,301,41200,41200,41200,41200,41200,41200,41200,41200,41200,41200,41200,41200,41200,41200,41200,41200,41200,41200,41200,41200,41200,41200,41200,41200,41200,41200,41200,41200,41200,41200,41200,41200,41200,41200,41200,41200,41200,41200,41200,41200,41200,41200,41200,41200,41200,41200,41200,41200,41200,41200,41200,41200,41200,41200,41200,41200,41200,41200,41200,41200,301,301,301,301,301,301,301,301,301,301,301,301,301,301,301,301,301,301,301,301,301,301,301,301,301,301,301,301,301,301,301,301,301,301,301,301,301,301,301,301,301,301,301,301,301,301,301,301,301,301,301,301,301,301,301,301,301,301,301,301,301,301,301,301,301,301,301,301,301,301,301,301,301,301,301,301,301,301,301,301,301,301,301,301,301,301,301,301,301,301,301,301,301,301,301,301,301,301,301,301,301,301,301,301,301,301,301,301,301,301,301,301,301,301,301,301,301,301,301,301,301,301,301,301,301,301,301,301,301,301,301,301,301,301,301,301,301,301,301,301,301,301,301,301,301,301,301,301,301,301,301,301,301,301,301,301,301,301,301,301,301,301,301,301,301,301,301,301,301,301,301,301,301,301,301,301,301,301,301,301,301,301,301,301,301,301,301,301,301,301,301,301,301,301,301,301
301,301,301,301,301,301,301,301,301,301,301,301,301,301,301,301,301,301,301,301,301,301,301,301,301,301,301,301,301,301,301,301,301,301,301,301,301,301,301,301,301,301,301,301,301,301,301,301,301,301,301,301,301,301,301,301,301,301,301,301,301,301,301,301,301,301,301,301,301,301,301,301,301,301,301,301,301,301,301,301,301,301,301,301,301,301,301,301,301,301,301,301,301,301,301,301,301,301,301,301,301,301,41200,41200,41200,41200,41200,41200,41200,41200,41200,41200,41200,41200,41200,41200,41200,41200,41200,41200,41200,41200,41200,41200,41200,41200,41200,41200,41200,41200,41200,41200,41200,41200,41200,41200,41200,41200,41200,41200,41200,41200,41200,41200,41200,41200,41200,41200,41200,41200,41200,41200,41200,301,301,301,301,301,301,301,301,301,301,301,301,301,301,301,301,301,301,301,301,301,301,301,301,301,301,301,301,301,301,301,301,301,301,301,301,301,301,301,301,301,301,301,301,301,301,301,301,301,301,301,301,301,301,301,301,301,301,301,301,301,301,301,301,301,301,301,301,301,301,301,301,301,301,301,301,301,301,301,301,301,301,301,301,301,301,301,301,301,301,301,301,301,301,301,301,301,301,301,301,301,301,301,301,301,301,301,301,301,301,301,301,301,301,301,301,301,301,301,301,301,301,301,301,301,301,301,301,301,301,301,301,301,301,301,301,301,301,301,301,301,301,301,301,301,301,301,301,301,301,301,301,301,301,301,301,301,301,301,301,301,301,301,301,301,301,301,301,301,301,301,301,301,301,301,301,301,301,301,301,301,301,301,301,301,301,301,301,301,301,301,301,301,301,301,301,301,301,301,301,301,301,301,301,301,301,301
301,301,301,301,301,301,301,301,301,301,301,301,301,301,301,301,301,301,301,301,301,301,301,301,301,301,301,301,301,301,301,301,301,301,301,301,301,301,301,301,301,301,301,301,301,301,301,301,301,301,301,301,301,301,301,301,301,301,301,301,301,301,301,301,301,301,301,301,301,301,301,301,301,301,301,301,301,301,301,301,301,301,301,301,301,301,301,301,301,301,301,301,301,301,301,301,301,301,301,41200,41200,41200,41200,41200,41200,41200,41200,41200,41200,41200,41200,41200,41200,41200,41200,41200,41200,41200,41200,41200,301,301,301,301,301,301,301,301,301,301,301,301,301,301,301,301,301,301,301,301,301,301,301,301,301,301,301,301,301,301,301,301,301,301,301,301,301,301,301,301,301,301,301,301,301,301,301,301,301,301,301,301,301,301,301,301,301,301,301,301,301,301,301,301,301,301,301,301,301,301,301,301,301,301,301,301,301,301,301,301,301,301,301,301,301,301,301,301,301,301,301,301,301,301,301,301,301,301,301,301,301,301,301,301,301,301,301,301,301,301,301,301,301,301,301,301,301,301,301,301,301,301,301,301,301,301,301,301,301,301,301,301,301,301,301,301,301,301,301,301,301,301,301,301,301,301,301,301,301,301,301,301,301,301,301,301,301,301,301,301,301,301,301,301,301,301,301,301,301,301,301,301,301,301,301,301,301,301,301,301,301,301,301,301,301,301,301,301,301,301,301,301,301,301,301,301,301,301,301,301,301,301,301,301,301,301,301,301,301,301,301,301,301,301,301,301,301,301,301,301,301,301,301,301,301,301,301,301,301,301,301,301,301,301,301,301,301,301,301,301
301,301,301,301,301,301,301,301,301,301,301,301,301,301,301,301,301,301,301,301,301,301,301,301,301,301,301,301,301,301,301,301,301,301,301,301,301,301,301,301,301,301,301,301,301,301,301,301,301,301,301,301,301,301,301,301,301,301,301,301,301,301,301,301,301,301,301,301,301,301,301,301,301,301,301,301,301,301,301,301,301,301,301,301,301,301,301,301,301,301,301,301,301,301,301,301,301,301,301,301,301,301,301,301,301,301,301,301,301,301,301,301,301,301,301,301,301,301,301,301,301,301,301,301,301,301,301,301,301,301,301,301,301,301,301,301,301,301,301,301,301,301,301,301,301,301,301,301,301,301,301,301,301,301,301,301,301,301,301,301,301,301,301,301,301,301,301,301,301,301,301,301,301,301,301,301,301,301,301,301,301,301,301,301,301,301,301,301,301,301,301,301,301,301,301,301,301,301,301,301,301,301,301,301,301,301,301,301,301,301,301,301,301,301,301,301,301,301,301,301,301,301,301,301,301,301,301,301,301,301,301,301,301,301,301,301,301,301,301,301,301,301,301,301,301,301,301,301,301,301,301,301,301,301,301,301,301,301,301,301,301,301,301,301,301,301,301,301,301,301,301,301,301,301,301,301,301,301,301,301,301,301,301,301,301,301,301,301,301,301,301,301,301,301,301,301,301,301,301,301,301,301,301,301,301,301,301,301,301,301,301,301,301,301,301,301,301,301,301,301,301,301,301,301,301,301,301,301,301,301,301,301,301,301,301,301,301,301,301,301,301,301,301,301,301,301,301,301,301,301,301,301,301,301,301,301,301,301,301,301
301,301,301,301,301,301,301,301,301,301,301,301,301,301,301,301,301,301,301,301,301,301,301,301,301,301,301,301,301,301,301,301,301,301,301,301,301,301,301,301,301,301,301,301,301,301,301,301,301,301,301,301,301,301,301,301,301,301,301,301,301,301,301,301,301,301,301,301,301,301,301,301,301,301,301,301,301,301,301,301,301,301,301,301,301,301,301,301,301,301,301,301,301,301,301,301,301,301,301,301,301,301,301,301,301,301,301,301,301,301,301,301,301,301,301,301,301,301,301,301,301,301,301,301,301,301,301,301,301,301,301,301,301,301,301,301,301,301,301,301,301,301,301,301,301,301,301,301,301,301,301,301,301,301,301,301,301,301,301,301,301,301,301,301,301,301,301,301,301,301,301,301,301,301,301,301,301,301,301,301,301,301,301,301,301,301,301,301,301,301,301,301,301,301,301,301,301,301,301,301,301,301,301,301,301,301,301,301,301,301,301,301,301,301,301,301,301,301,301,301,301,301,301,301,301,301,301,301,301,301,301,301,301,301,301,301,301,301,301,301,301,301,301,301,301,301,301,301,301,301,301,301,301,301,301,301,301,301,301,301,301,301,301,301,301,301,301,301,301,301,301,301,301,301,301,301,301,301,301,301,301,301,301,301,301,301,301,301,301,301,301,301,301,301,301,301,301,301,301,301,301,301,301,301,301,301,301,301,301,301,301,301,301,301,301,301,301,301,301,301,301,301,301,301,301,301,301,301,301,301,301,301,301,301,301,301,301,301,301,301,301,301,301,301,301,301,301,301,301,301,301,301,301,301,301,301,301,301,301,301
