714,714,714,714,714,714,714,714,714,714,714,714,714,714,714,714,714,714,714,714,714,714,714,714,714,714,714,714,714,714,714,714,714,714,714,714,714,714,714,714,714,714,714,714,714,714,714,714,714,714,714,714,714,714,714,714,714,714,714,714,714,714,714,714,714,714,714,714,714,714,714,714,714,714,714,714,714,714,714,714,714,714,714,714,714,714,714,714,714,714,714,714,714,714,714,714,714,714,714,714,714,714,714,714,714,714,714,714,714,714,714,714,714,714,714,714,714,714,714,714,714,714,714,714,714,714,714,714,714,714,714,714,714,714,714,714,714,714,714,714,714,714,714,714,714,714,714,714,714,714,714,714,714,714,714,714,714,714,714,714,714,714,714,714,714,714,714,714,714,714,714,714,714,714,714,714,714,714,714,714,714,714,714,714,714,714,714,714,714,714,714,714,714,714,714,714,714,714,714,714,714,714,714,714,714,714,714,714,714,714,714,714,714,714,714,714,714,714,714,714,714,714,714,714,714,714,714,714,714,714,714,714,714,714,714,714,714,714,714,714,714,714,714,714,714,714,714,714,714,714,714,714,714,714,714,714,714,714,714,714,714,714,714,714,714,714,714,714,714,714,714,714,714,714,714,714,714,714,714,714,714,714,714,714,714,714,714,714,714,714,714,714,714,714,714,714,714,714,714,714,714,714,714,714,714,714,714,714,714,714,714,714,714,714,714,714,714,714,714,714,714,714,714,714,714,714,714,714,714,714,714,714,714,714,714,714,714,714,714,714,714,714,714,714,714,714,714,714,714,714,714,714,714,714,714,714,714,714,714,714
714,714,714,714,714,714,714,714,714,714,714,714,714,714,714,714,714,714,714,714,714,714,714,714,714,714,714,714,714,714,714,714,714,714,714,714,714,714,714,714,714,714,714,714,714,714,714,714,714,714,714,714,714,714,714,714,714,714,714,714,714,714,714,714,714,714,714,714,714,714,714,714,714,714,714,714,714,714,714,714,714,714,714,714,714,714,714,714,714,714,714,714,714,714,714,714,714,714,714,714,714,714,714,714,714,714,714,714,714,714,714,714,714,714,714,714,714,714,714,714,714,714,714,714,714,714,714,714,714,714,714,714,714,714,714,714,714,714,714,714,714,714,714,714,714,714,714,714,714,714,714,714,714,714,714,714,714,714,714,714,714,714,714,714,714,714,714,714,714,714,714,714,714,714,714,714,714,714,714,714,714,714,714,714,714,714,714,714,714,714,714,714,714,714,714,714,714,714,714,714,714,714,714,714,714,714,714,714,714,714,714,714,714,714,714,714,714,714,714,714,714,714,714,714,714,714,714,714,714,714,714,714,714,714,714,714,714,714,714,714,714,714,714,714,714,714,714,714,714,714,714,714,714,714,714,714,714,714,714,714,714,714,714,714,714,714,714,714,714,714,714,714,714,714,714,714,714,714,714,714,714,714,714,714,714,714,714,714,714,714,714,714,714,714,714,714,714,714,714,714,714,714,714,714,714,714,714,714,714,714,714,714,714,714,714,714,714,714,714,714,714,714,714,714,714,714,714,714,714,714,714,714,714,714,714,714,714,714,714,714,714,714,714,714,714,714,714,714,714,714,714,714,714,714,714,714,714,714,714,714
714,714,714,714,714,714,714,714,714,714,714,714,714,714,714,714,714,714,714,714,714,714,714,714,714,714,714,714,714,714,714,714,714,714,714,714,714,714,714,714,714,714,714,714,714,714,714,714,714,714,714,714,714,714,714,714,714,714,714,714,714,714,714,714,714,714,714,714,714,714,714,714,714,714,714,714,714,714,714,714,714,714,714,714,714,714,714,714,714,714,714,714,714,714,714,714,714,714,714,714,714,714,714,714,714,714,714,714,714,714,714,714,714,714,714,714,714,714,714,714,714,714,714,714,714,714,714,714,714,714,714,714,714,714,714,714,714,714,714,714,714,714,714,714,714,714,714,714,714,714,714,714,714,714,714,714,714,714,714,714,714,714,714,714,714,714,714,714,714,714,714,714,714,714,714,714,714,714,714,714,714,714,714,714,714,714,714,714,714,714,714,714,714,714,714,714,714,714,714,714,714,714,714,714,714,714,714,714,714,714,714,714,714,714,714,714,714,714,714,714,714,714,714,714,714,714,714,714,714,714,714,714,714,714,714,714,714,714,714,714,714,714,714,714,714,714,714,714,714,714,714,714,714,714,714,714,714,714,714,714,714,714,714,714,714,714,714,714,714,714,714,714,714,714,714,714,714,714,714,714,714,714,714,714,714,714,714,714,714,714,714,714,714,714,714,714,714,714,714,714,714,714,714,714,714,714,714,714,714,714,714,714,714,714,714,714,714,714,714,714,714,714,714,714,714,714,714,714,714,714,714,714,714,714,714,714,714,714,714,714,714,714,714,714,714,714,714,714,714,714,714,714,714,714,714,714,714,714,714,714
714,714,714,714,714,714,714,714,714,714,714,714,714,714,714,714,714,714,714,714,714,714,714,714,714,714,714,714,714,714,714,714,714,714,714,714,714,714,714,714,714,714,714,714,714,714,714,714,714,714,714,714,714,714,714,714,714,714,714,714,714,714,714,714,714,714,714,714,714,714,714,714,714,714,714,714,714,714,714,714,714,714,714,714,714,714,714,714,714,714,714,714,714,714,714,714,714,714,714,714,714,714,714,714,714,714,714,714,714,714,714,714,714,714,714,714,714,714,714,714,714,714,714,714,714,714,714,714,714,714,714,714,714,714,714,714,714,714,714,714,714,714,714,714,714,714,714,714,714,714,714,714,714,714,714,714,714,714,714,714,714,714,714,714,714,714,714,714,714,714,714,714,714,714,714,714,714,714,714,714,714,714,714,714,714,714,714,714,714,714,714,714,714,714,714,714,714,714,714,714,714,714,714,714,714,714,714,714,714,714,714,714,714,714,714,714,714,714,714,714,714,714,714,714,714,714,714,714,714,714,714,714,714,714,714,714,714,714,714,714,714,714,714,714,714,714,714,714,714,714,714,714,714,714,714,714,714,714,714,714,714,714,714,714,714,714,714,714,714,714,714,714,714,714,714,714,714,714,714,714,714,714,714,714,714,714,714,714,714,714,714,714,714,714,714,714,714,714,714,714,714,714,714,714,714,714,714,714,714,714,714,714,714,714,714,714,714,714,714,714,714,714,714,714,714,714,714,714,714,714,714,714,714,714,714,714,714,714,714,714,714,714,714,714,714,714,714,714,714,714,714,714,714,714,714,714,714,714,714,714
714,714,714,714,714,714,714,714,714,714,714,714,714,714,714,714,714,714,714,714,714,714,714,714,714,714,714,714,714,714,714,714,714,714,714,714,714,714,714,714,714,714,714,714,714,714,714,714,714,714,714,714,714,714,714,714,714,714,714,714,714,714,714,714,714,714,714,714,714,714,714,714,714,714,714,714,714,714,714,714,714,714,714,714,714,714,714,714,714,714,714,714,714,714,714,714,714,714,714,714,714,714,714,714,714,714,714,714,714,714,714,714,714,714,714,714,714,714,714,714,714,714,714,714,714,714,714,714,714,714,714,714,714,714,714,714,714,714,714,714,714,714,714,714,714,714,714,714,714,714,714,714,714,714,714,714,714,714,714,714,714,714,714,714,714,714,714,714,714,714,714,714,714,714,714,714,714,714,714,714,714,714,714,714,714,714,714,714,714,714,714,714,714,714,714,714,714,714,714,714,714,714,714,714,701,701,701,701,701,701,701,701,701,714,714,714,714,714,714,714,714,714,714,714,714,714,714,714,714,714,714,714,714,714,714,714,714,714,714,714,714,714,714,714,714,714,714,714,714,714,714,714,714,714,714,714,714,714,714,714,714,714,714,714,714,714,714,714,714,714,714,714,714,714,714,714,714,714,714,714,714,714,714,714,714,714,714,714,714,714,714,714,714,714,714,714,714,714,714,714,714,714,714,714,714,714,714,714,714,714,714,714,714,714,714,714,714,714,714,714,714,714,714,714,714,714,714,714,714,714,714,714,714,714,714,714,714,714,714,714,714,714,714,714,714,714,714,714,714,714,714,714,714,714,714,714,714,714,714,714
714,714,714,714,714,714,714,714,714,714,714,714,714,714,714,714,714,714,714,714,714,714,714,714,714,714,714,714,714,714,714,714,714,714,714,714,714,714,714,714,714,714,714,714,714,714,714,714,714,714,714,714,714,714,714,714,714,714,714,714,714,714,714,714,714,714,714,714,714,714,714,714,714,714,714,714,714,714,714,714,714,714,714,714,714,714,714,714,714,714,714,714,714,714,714,714,714,714,714,714,714,714,714,714,714,714,714,714,714,714,714,714,714,714,714,714,714,714,714,714,714,714,714,701,701,701,701,701,701,701,701,701,701,701,701,701,701,701,701,701,701,701,701,701,701,701,701,701,701,701,701,701,701,701,701,701,701,701,701,701,701,701,701,701,701,701,701,701,701,701,701,701,701,701,701,714,714,714,714,714,714,714,714,714,714,714,714,714,701,701,701,701,701,701,701,701,701,701,701,701,701,701,701,701,701,701,701,701,701,701,701,701,701,701,701,701,701,714,714,714,714,714,714,714,714,714,714,714,714,714,714,714,714,714,714,714,714,714,714,714,714,714,714,714,714,714,714,714,714,714,714,714,714,714,714,714,714,714,714,714,714,714,714,714,714,714,714,714,714,714,714,714,714,714,714,714,714,714,714,714,714,714,714,714,714,714,714,714,714,714,714,714,714,714,714,714,714,714,714,714,714,714,714,714,714,714,714,714,714,714,714,714,714,714,714,714,714,714,714,714,714,714,714,714,714,714,714,714,714,714,714,714,714,714,714,714,714,714,714,714,714,714,714,714,714,714,714,714,714,714,714,714,714,714,714,714,714,714,714,714
714,714,714,714,714,714,714,714,714,714,714,714,714,714,714,714,714,714,714,714,714,714,714,714,714,714,714,714,714,714,714,714,714,714,714,714,714,714,714,714,714,714,714,714,714,714,714,714,714,714,714,714,714,714,714,714,714,714,714,714,714,714,714,714,714,714,714,714,714,714,714,714,714,714,714,714,714,714,714,714,714,714,714,714,714,714,714,714,714,714,714,714,714,714,714,714,714,714,714,714,714,714,714,714,714,714,714,714,714,701,701,701,701,701,701,701,701,701,701,701,701,701,701,701,701,701,701,701,701,701,701,701,701,701,701,701,701,701,701,701,701,701,701,701,701,701,701,701,701,701,701,701,701,701,701,701,701,701,701,701,701,701,701,701,701,701,701,701,701,701,701,701,701,701,701,701,701,701,701,701,701,701,701,701,701,701,701,701,701,701,701,701,701,701,701,701,701,701,701,701,701,701,701,701,701,701,701,701,701,701,701,701,701,701,701,701,701,701,701,701,714,714,714,714,714,714,714,714,714,714,714,714,714,714,714,714,714,714,714,714,714,714,714,714,714,714,714,714,714,714,714,714,714,714,714,714,714,714,714,714,714,714,714,714,714,714,714,714,714,714,714,714,714,714,714,714,714,714,714,714,714,714,714,714,714,714,714,714,714,714,714,714,714,714,714,714,714,714,714,714,714,714,714,714,714,714,714,714,714,714,714,714,714,714,714,714,714,714,714,714,714,714,714,714,714,714,714,714,714,714,714,714,714,714,714,714,714,714,714,714,714,714,714,714,714,714,714,714,714,714,714,714,714,714,714,714,714,714,714,714
714,714,714,714,714,714,714,714,714,714,714,714,714,714,714,714,714,714,714,714,714,714,714,714,714,714,714,714,714,714,714,714,714,714,714,714,714,714,714,714,714,714,714,714,714,714,714,714,714,714,714,714,714,714,714,714,714,714,714,714,714,714,714,714,714,714,714,714,714,714,714,714,714,714,714,714,714,714,714,714,714,714,714,714,714,714,714,714,714,714,714,714,714,714,714,714,714,714,714,714,714,714,714,714,714,701,701,701,701,701,701,701,701,701,701,701,701,701,701,701,701,701,701,701,701,701,701,701,701,701,701,701,701,701,701,701,701,701,701,701,701,701,701,701,701,701,701,701,701,701,701,701,701,701,701,701,701,701,701,701,701,701,701,701,701,701,701,701,701,701,701,701,701,701,701,701,701,701,701,701,701,701,701,701,701,701,701,701,701,701,701,701,701,701,701,701,701,701,701,701,701,701,701,701,701,701,701,701,701,701,701,701,701,701,701,701,701,701,701,701,701,701,714,714,714,714,714,714,714,714,714,714,714,714,714,714,714,714,714,714,714,714,714,714,714,714,714,714,714,714,714,714,714,714,714,714,714,714,714,714,714,714,714,714,714,714,714,714,714,714,714,714,714,714,714,714,714,714,714,714,714,714,714,714,714,714,714,714,714,714,714,714,714,714,714,714,714,714,714,714,714,714,714,714,714,714,714,714,714,714,714,714,714,714,714,714,714,714,714,714,714,714,714,714,714,714,714,714,714,714,714,714,714,714,714,714,714,714,714,714,714,714,714,714,714,714,714,714,714,714,714,714,714,714,714,714,714,714,714,714
714,714,714,714,714,714,714,714,714,714,714,714,714,714,714,714,714,714,714,714,714,714,714,714,714,714,714,714,714,714,714,714,714,714,714,714,714,714,714,714,714,714,714,714,714,714,714,714,714,714,714,714,714,714,714,714,714,714,714,714,714,714,714,714,714,714,714,714,714,714,714,714,714,714,714,714,714,714,714,714,714,714,714,714,714,714,714,714,714,714,714,714,714,714,714,714,714,714,714,714,714,714,714,714,714,714,714,714,714,714,714,714,701,701,701,701,701,701,701,701,701,701,701,701,701,701,701,701,701,701,701,701,701,701,701,701,701,701,701,701,701,701,701,701,701,701,701,701,701,701,701,701,701,701,701,701,701,701,701,701,701,701,701,701,701,701,701,701,701,701,701,701,701,701,701,701,701,701,701,701,701,701,701,701,701,701,701,701,701,701,701,701,701,701,701,701,701,701,701,701,701,701,701,701,701,701,701,701,701,701,701,701,701,701,701,701,701,701,701,701,701,701,701,701,714,714,714,714,714,714,714,714,714,714,714,714,714,714,714,714,714,714,714,714,714,714,714,714,714,714,714,714,714,714,714,714,714,714,714,714,714,714,714,714,714,714,714,714,714,714,714,714,714,714,714,714,714,714,714,714,714,714,714,714,714,714,714,714,714,714,714,714,714,714,714,714,714,714,714,714,714,714,714,714,714,714,714,714,714,714,714,714,714,714,714,714,714,714,714,714,714,714,714,714,714,714,714,714,714,714,714,714,714,714,714,714,714,714,714,714,714,714,714,714,714,714,714,714,714,714,714,714,714,714,714,714,714,714,714,714
714,714,714,714,714,714,714,714,714,714,714,714,714,714,714,714,714,714,714,714,714,714,714,714,714,714,714,714,714,714,714,714,714,714,714,714,714,714,714,714,714,714,714,714,714,714,714,714,714,714,714,714,714,714,714,714,714,714,714,714,714,714,714,714,714,714,714,714,714,714,714,714,714,714,714,714,714,714,714,714,714,714,714,714,714,714,714,714,714,714,714,714,714,714,714,714,714,714,714,714,714,714,714,714,714,714,714,701,701,701,701,701,701,701,701,701,701,701,701,701,701,701,701,701,701,701,701,701,701,701,701,701,701,701,701,701,701,701,701,701,701,701,701,701,701,701,701,701,701,701,701,701,701,701,701,701,701,701,701,701,701,701,701,701,701,701,701,701,701,701,701,701,701,701,701,701,701,701,701,701,701,701,701,701,701,701,701,701,701,701,701,701,701,701,701,701,701,701,701,701,701,701,701,701,701,701,701,701,701,701,701,701,701,701,701,701,701,701,701,701,701,701,701,701,701,714,714,714,714,714,714,714,714,714,714,714,714,714,714,714,714,714,714,714,714,714,714,714,714,714,714,714,714,714,714,714,714,714,714,714,714,714,714,714,714,714,714,714,714,714,714,714,714,714,714,714,714,714,714,714,714,714,714,714,714,714,714,714,714,714,714,714,714,714,714,714,714,714,714,714,714,714,714,714,714,714,714,714,714,714,714,714,714,714,714,714,714,714,714,714,714,714,714,714,714,714,714,714,714,714,714,714,714,714,714,714,714,714,714,714,714,714,714,714,714,714,714,714,714,714,714,714,714,714,714,714,714,714,714,714
714,714,714,714,714,714,714,714,714,714,714,714,714,714,714,714,714,714,714,714,714,714,714,714,714,714,714,714,714,714,714,714,714,714,714,714,714,714,714,714,714,714,714,714,714,714,714,714,714,714,714,714,714,714,714,714,714,714,714,714,714,714,714,714,714,714,714,714,714,714,714,714,714,714,714,714,714,714,714,714,714,714,714,714,714,714,714,714,714,714,714,714,714,714,714,714,714,714,714,714,701,701,701,701,701,701,701,701,701,701,701,701,701,701,701,701,701,701,701,701,701,701,701,701,701,701,701,701,701,701,701,701,701,701,701,701,701,701,701,701,701,701,701,701,701,701,701,701,701,701,701,701,701,701,701,701,701,701,701,701,701,701,701,701,701,701,701,701,701,701,701,701,701,701,701,701,701,701,701,701,701,701,701,701,701,701,701,701,701,701,701,701,701,701,701,701,701,701,701,701,701,701,701,701,701,701,701,701,701,701,701,701,701,701,701,701,701,701,701,701,701,701,701,701,701,701,714,714,714,714,714,714,714,714,714,714,714,714,714,714,714,714,714,714,714,714,714,714,714,714,714,714,714,714,714,714,714,714,714,714,714,714,714,714,714,714,714,714,714,714,714,714,714,714,714,714,714,714,714,714,714,714,714,714,714,714,714,714,714,714,714,714,714,714,714,714,714,714,714,714,714,714,714,714,714,714,714,714,714,714,714,714,714,714,714,714,714,714,714,714,714,714,714,714,714,714,714,714,714,714,714,714,714,714,714,714,714,714,714,714,714,714,714,714,714,714,714,714,714,714,714,714,714,714,714,714,714,714,714,714
714,714,714,714,714,714,714,714,714,714,714,714,714,714,714,714,714,714,714,714,714,714,714,714,714,714,714,714,714,714,714,714,714,714,714,714,714,714,714,714,714,714,714,714,714,714,714,714,714,714,714,714,714,714,714,714,714,714,714,714,714,714,714,714,714,714,714,714,714,714,714,714,714,714,714,714,714,714,714,714,714,714,714,714,714,714,714,714,714,714,714,714,714,714,714,701,701,701,701,701,701,701,701,701,701,701,701,701,701,701,701,701,701,701,701,701,701,701,701,701,701,701,701,701,701,701,701,701,701,701,701,701,701,701,701,701,701,701,701,701,701,701,701,701,701,701,701,701,701,701,701,701,701,701,701,701,701,701,701,701,701,701,701,701,701,701,701,701,701,701,701,701,701,701,701,701,701,701,701,701,701,701,701,701,701,701,701,701,701,701,701,701,701,701,701,701,701,701,701,701,701,701,701,701,701,701,701,701,701,701,701,701,701,701,701,701,701,701,701,701,701,701,701,701,701,701,701,701,701,701,701,701,701,701,701,701,701,701,701,701,701,701,701,701,714,714,714,714,714,714,714,714,714,714,714,714,714,714,714,714,714,714,714,714,714,714,714,714,714,714,714,714,714,714,714,714,714,714,714,714,714,714,714,714,714,714,714,714,714,714,714,714,714,714,714,714,714,714,714,714,714,714,714,714,714,714,714,714,714,714,714,714,714,714,714,714,714,714,714,714,714,714,714,714,714,714,714,714,714,714,714,714,714,714,714,714,714,714,714,714,714,714,714,714,714,714,714,714,714,714,714,714,714,714,714,714,714,714,714,714
714,714,714,714,714,714,714,714,714,714,714,714,714,714,714,714,714,714,714,714,714,714,714,714,714,714,714,714,714,714,714,714,714,714,714,714,714,714,714,714,714,714,714,714,714,714,714,714,714,714,714,714,714,714,714,714,714,714,714,714,714,714,714,714,714,714,714,714,714,714,714,714,714,714,714,714,714,714,714,714,714,714,714,714,714,714,714,714,714,714,714,701,701,701,701,701,701,701,701,701,701,701,701,701,701,701,701,701,701,701,701,701,701,701,701,701,701,701,701,701,701,701,701,701,701,701,701,701,701,701,701,701,701,701,701,701,701,701,701,701,701,701,701,701,701,701,701,701,701,701,701,701,701,701,701,701,701,701,701,701,701,701,701,701,701,701,701,701,701,701,701,701,701,701,701,701,701,701,701,701,701,701,701,701,701,701,701,701,701,701,701,701,701,701,701,701,701,701,701,701,701,701,701,701,701,701,701,701,701,701,701,701,701,701,701,701,701,701,701,701,701,701,701,701,701,701,701,701,701,701,701,701,701,701,701,701,701,701,701,701,701,701,701,701,701,701,701,701,701,701,701,701,701,701,701,701,701,714,714,714,714,714,714,714,714,714,714,714,714,714,714,714,714,714,714,714,714,714,714,714,714,714,714,714,714,714,714,714,714,714,714,714,714,714,714,714,714,714,714,714,714,714,714,714,714,714,714,714,714,714,714,714,714,714,714,714,714,714,714,714,714,714,714,714,714,714,714,714,714,714,714,714,714,714,714,714,714,714,714,714,714,714,714,714,714,714,714,714,714,714,714,714,714,714,714,714,714,714,714,714
714,714,714,714,714,714,714,714,714,714,714,714,714,714,714,714,714,714,714,714,714,714,714,714,714,714,714,714,714,714,714,714,714,714,714,714,714,714,714,714,714,714,714,714,714,714,714,714,714,714,714,714,714,714,714,714,714,714,714,714,714,714,714,714,714,714,714,714,714,714,714,714,714,714,714,714,714,714,714,714,714,714,714,714,714,714,714,714,701,701,701,701,701,701,701,701,701,701,701,701,701,701,701,701,701,701,701,701,701,701,701,701,701,701,701,701,701,701,701,701,701,701,701,701,701,701,701,701,701,701,701,701,701,701,701,701,701,701,701,701,701,701,701,701,701,701,701,701,701,701,701,701,701,701,701,701,701,701,701,701,701,701,701,701,701,701,701,701,701,701,701,701,701,701,701,701,701,701,701,701,701,701,701,701,701,701,701,701,701,701,701,701,701,701,701,701,701,701,701,701,701,701,701,701,701,701,701,701,701,701,701,701,701,701,701,701,701,701,701,701,701,701,701,701,701,701,701,701,701,701,701,701,701,701,701,701,701,701,701,701,701,701,701,701,701,701,701,701,701,701,701,701,701,701,701,701,701,701,701,701,701,701,701,701,701,701,701,714,714,714,714,714,714,714,714,714,714,714,714,714,714,714,714,714,714,714,714,714,714,714,714,714,714,714,714,714,714,714,714,714,714,714,714,714,714,714,714,714,714,714,714,714,714,714,714,714,714,714,714,714,714,714,714,714,714,714,714,714,714,714,714,714,714,714,714,714,714,714,714,714,714,714,714,714,714,714,714,714,714,714,714,714,714,714,714,714,714,714,714,714
714,714,714,714,714,714,714,714,714,714,714,714,714,714,714,714,714,714,714,714,714,714,714,714,714,714,714,714,714,714,714,714,714,714,714,714,714,714,714,714,714,714,714,714,714,714,714,714,714,714,714,714,714,714,714,714,714,714,714,714,714,714,714,714,714,714,714,714,714,714,714,714,714,714,714,714,714,714,714,714,714,714,714,714,714,714,701,701,701,701,701,701,701,701,701,701,701,701,701,701,701,701,701,701,701,701,701,701,701,701,701,701,701,701,701,701,701,701,701,701,701,701,701,701,701,701,701,701,701,701,701,701,701,701,701,701,701,701,701,701,701,701,701,701,701,701,701,701,701,701,701,701,701,701,701,701,701,701,701,701,701,701,701,701,701,701,701,701,701,701,701,701,701,701,701,701,701,701,701,701,701,701,701,701,701,701,701,701,701,701,701,701,701,701,701,701,701,701,701,701,701,701,701,701,701,701,701,701,701,701,701,701,701,701,701,701,701,701,701,701,701,701,701,701,701,701,701,701,701,701,701,701,701,701,701,701,701,701,701,701,701,701,701,701,701,701,701,701,701,701,701,701,701,701,701,701,701,701,701,701,701,701,701,701,701,701,701,714,714,714,714,714,714,714,714,714,714,714,714,714,714,714,714,714,714,714,714,714,714,714,714,714,714,714,714,714,714,714,714,714,714,714,714,714,714,714,714,714,714,714,714,714,714,714,714,714,714,714,714,714,714,714,714,714,714,714,714,714,714,714,714,714,714,714,714,714,714,714,714,714,714,714,714,714,714,714,714,714,714,714,714,714,714,714,714,714,714,714,714,714
714,714,714,714,714,714,714,714,714,714,714,714,714,714,714,714,714,714,714,714,714,714,714,714,714,714,714,714,714,714,714,714,714,714,714,714,714,714,714,714,714,714,714,714,714,714,714,714,714,714,714,714,714,714,714,714,714,714,714,714,714,714,714,714,714,714,714,714,714,714,714,714,714,714,714,714,714,714,714,714,714,714,714,714,701,701,701,701,701,701,701,701,701,701,701,701,701,701,701,701,701,701,701,701,701,701,701,701,701,701,701,701,701,701,701,701,701,701,701,701,701,701,701,701,701,701,701,701,701,701,701,701,701,701,701,701,701,701,701,701,701,701,701,701,701,701,701,701,701,701,701,701,701,701,701,701,701,701,701,701,701,701,701,701,701,701,701,701,701,701,701,701,701,701,701,701,701,701,701,701,701,701,701,701,701,701,701,701,701,701,701,701,701,701,701,701,701,701,701,701,701,701,701,701,701,701,701,701,701,701,701,701,701,701,701,701,701,701,701,701,701,701,701,701,701,701,701,701,701,701,701,701,701,701,701,701,701,701,701,701,701,701,701,701,701,701,701,701,701,701,701,701,701,701,701,701,701,701,701,701,701,701,701,701,701,701,714,714,714,714,714,714,714,714,714,714,714,714,714,714,714,714,714,714,714,714,714,714,714,714,714,714,714,714,714,714,714,714,714,714,714,714,714,714,714,714,714,714,714,714,714,714,714,714,714,714,714,714,714,714,714,714,714,714,714,714,714,714,714,714,714,714,714,714,714,714,714,714,714,714,714,714,714,714,714,714,714,714,714,714,714,714,714,714,714,714,714,714,714,714
714,714,714,714,714,714,714,714,714,714,714,714,714,714,714,714,714,714,714,714,714,714,714,714,714,714,714,714,714,714,714,714,714,714,714,714,714,714,714,714,714,714,714,714,714,714,714,714,714,714,714,714,714,714,714,714,714,714,714,714,714,714,714,714,714,714,714,714,714,714,714,714,714,714,714,714,714,714,714,714,714,714,714,701,701,701,701,701,701,701,701,701,701,701,701,701,701,701,701,701,701,701,701,701,701,701,701,701,701,701,701,701,701,701,701,701,701,701,701,701,701,701,701,701,701,701,701,701,701,701,701,701,701,701,701,701,701,701,701,701,701,701,701,701,701,701,701,701,701,701,701,701,701,701,701,701,701,701,701,701,701,701,701,701,701,701,701,701,701,701,701,701,701,701,701,701,701,701,701,701,701,701,701,701,701,701,701,701,701,701,701,701,701,701,701,701,701,701,701,701,701,701,701,701,701,701,701,701,701,701,701,701,701,701,701,701,701,701,701,701,701,701,701,701,701,701,701,701,701,701,701,701,701,701,701,701,701,701,701,701,701,701,701,701,701,701,701,701,701,701,701,701,701,701,701,701,701,701,701,701,701,701,701,701,701,701,714,714,714,714,714,714,714,714,714,714,714,714,714,714,714,714,714,714,714,714,714,714,714,714,714,714,714,714,714,714,714,714,714,714,714,714,714,714,714,714,714,714,714,714,714,714,714,714,714,714,714,714,714,714,714,714,714,714,714,714,714,714,714,714,714,714,714,714,714,714,714,714,714,714,714,714,714,714,714,714,714,714,714,714,714,714,714,714,714,714,714,714,714,714
714,714,714,714,714,714,714,714,714,714,714,714,714,714,714,714,714,714,714,714,714,714,714,714,714,714,714,714,714,714,714,714,714,714,714,714,714,714,714,714,714,714,714,714,714,714,714,714,714,714,714,714,714,714,714,714,714,714,714,714,714,714,714,714,714,714,714,714,714,714,714,714,714,714,714,714,714,714,714,714,714,701,701,701,701,701,701,701,701,701,701,701,701,701,701,701,701,701,701,701,701,701,701,701,701,701,701,701,701,701,701,701,701,701,701,701,701,701,701,701,701,701,701,701,701,701,701,701,701,701,701,701,701,701,701,701,701,701,701,701,701,701,701,701,701,701,701,701,701,701,701,701,701,701,701,701,701,701,701,701,701,701,701,701,701,701,701,701,701,701,701,701,701,701,701,701,701,701,701,701,701,701,701,701,701,701,701,701,701,701,701,701,701,701,701,701,701,701,701,701,701,701,701,701,701,701,701,701,701,701,701,701,701,701,701,701,701,701,701,701,701,701,701,701,701,701,701,701,701,701,701,701,701,701,701,701,701,701,701,701,701,701,701,701,701,701,701,701,701,701,701,701,701,701,701,701,701,701,701,701,701,701,701,701,701,714,714,714,714,714,714,714,714,714,714,714,714,714,714,714,714,714,714,714,714,714,714,714,714,714,714,714,714,714,714,714,714,714,714,714,714,714,714,714,714,714,714,714,714,714,714,714,714,714,714,714,714,714,714,714,714,714,714,714,714,714,714,714,714,714,714,714,714,714,714,714,714,714,714,714,714,714,714,714,714,714,714,714,714,714,714,714,714,714,714,714,714,714,714,714
714,714,714,714,714,714,714,714,714,714,714,714,714,714,714,714,714,714,714,714,714,714,714,714,714,714,714,714,714,714,714,714,714,714,714,714,714,714,714,714,714,714,714,714,714,714,714,714,714,714,714,714,714,714,714,714,714,714,714,714,714,714,714,714,714,714,714,714,714,714,714,714,714,714,714,714,714,714,714,714,701,701,701,701,701,701,701,701,701,701,701,701,701,701,701,701,701,701,701,701,701,701,701,701,701,701,701,701,701,701,701,701,701,701,701,701,701,701,701,701,701,701,701,701,701,701,701,701,701,701,701,701,701,701,701,701,701,701,701,701,701,701,701,701,701,701,701,701,701,701,701,701,701,701,701,701,701,701,701,701,701,701,701,701,701,701,701,701,701,701,701,701,701,701,701,701,701,701,701,701,701,701,701,701,701,701,701,701,701,701,701,701,701,701,701,701,701,701,701,701,701,701,701,701,701,701,701,701,701,701,701,701,701,701,701,701,701,701,701,701,701,701,701,701,701,701,701,701,701,701,701,701,701,701,701,701,701,701,701,701,701,701,701,701,701,701,701,701,701,701,701,701,701,701,701,701,701,701,701,701,701,701,701,701,701,714,714,714,714,714,714,714,714,714,714,714,714,714,714,714,714,714,714,714,714,714,714,714,714,714,714,714,714,714,714,714,714,714,714,714,714,714,714,714,714,714,714,714,714,714,714,714,714,714,714,714,714,714,714,714,714,714,714,714,714,714,714,714,714,714,714,714,714,714,714,714,714,714,714,714,714,714,714,714,714,714,714,714,714,714,714,714,714,714,714,714,714,714,714,714
714,714,714,714,714,714,714,714,714,714,714,714,714,714,714,714,714,714,714,714,714,714,714,714,714,714,714,714,714,714,714,714,714,714,714,714,714,714,714,714,714,714,714,714,714,714,714,714,714,714,714,714,714,714,714,714,714,714,714,714,714,714,714,714,714,714,714,714,714,714,714,714,714,714,714,714,714,714,714,701,701,701,701,701,701,701,701,701,701,701,701,701,701,701,701,701,701,701,701,701,701,701,701,701,701,701,701,701,701,701,701,701,701,701,701,701,701,701,701,701,701,701,701,701,701,701,701,701,701,701,701,701,701,701,701,701,701,701,701,701,701,701,701,701,701,701,701,701,701,701,701,701,701,701,701,701,701,701,701,701,701,701,701,701,701,701,701,701,701,701,701,701,701,701,701,701,701,701,701,701,701,701,701,701,701,701,701,701,701,701,701,701,701,701,701,701,701,701,701,701,701,701,701,701,701,701,701,701,701,701,701,701,701,701,701,701,701,701,701,701,701,701,701,701,701,701,701,701,701,701,701,701,701,701,701,701,701,701,701,701,701,701,701,701,701,701,701,701,701,701,701,701,701,701,701,701,701,701,701,701,701,701,701,701,701,714,714,714,714,714,714,714,714,714,714,714,714,714,714,714,714,714,714,714,714,714,714,714,714,714,714,714,714,714,714,714,714,714,714,714,714,714,714,714,714,714,714,714,714,714,714,714,714,714,714,714,714,714,714,714,714,714,714,714,714,714,714,714,714,714,714,714,714,714,714,714,714,714,714,714,714,714,714,714,714,714,714,714,714,714,714,714,714,714,714,714,714,714,714,714
714,714,714,714,714,714,714,714,714,714,714,714,714,714,714,714,714,714,714,714,714,714,714,714,714,714,714,714,714,714,714,714,714,714,714,714,714,714,714,714,714,714,714,714,714,714,714,714,714,714,714,714,714,714,714,714,714,714,714,714,714,714,714,714,714,714,714,714,714,714,714,714,714,714,714,714,714,714,701,701,701,701,701,701,701,701,701,701,701,701,701,701,701,701,701,701,701,701,701,701,701,701,701,701,701,701,701,701,701,701,701,701,701,701,701,701,701,701,701,701,701,701,701,701,701,701,701,701,701,701,701,701,701,701,701,701,701,701,701,701,701,701,701,701,701,701,701,701,701,701,701,701,701,701,701,701,701,701,701,701,701,701,701,701,701,701,701,701,701,701,701,701,701,701,701,701,701,701,701,701,701,701,701,701,701,701,701,701,701,701,701,701,701,701,701,701,701,701,701,701,701,701,701,701,701,701,701,701,701,701,701,701,701,701,701,701,701,701,701,701,701,701,701,701,701,701,701,701,701,701,701,701,701,701,701,701,701,701,701,701,701,701,701,701,701,701,701,701,701,701,701,701,701,701,701,701,701,701,701,701,701,701,701,701,714,714,714,714,714,714,714,714,714,714,714,714,714,714,714,714,714,714,714,101,101,101,714,714,714,714,714,714,714,714,714,714,714,714,714,714,714,714,714,714,714,714,714,714,714,714,714,714,714,714,714,714,714,714,714,714,714,714,714,714,714,714,714,714,714,714,714,714,714,714,714,714,714,714,714,714,714,714,714,714,714,714,714,714,714,714,714,714,714,714,714,714,714,714,714,714
714,714,714,714,714,714,714,714,714,714,714,714,714,714,714,714,714,714,714,714,714,714,714,714,714,714,714,714,714,714,714,714,714,714,714,714,714,714,714,714,714,714,714,714,714,714,714,714,714,714,714,714,714,714,714,714,714,714,714,714,714,714,714,714,714,714,714,714,714,714,714,714,714,714,714,714,714,701,701,701,701,701,701,701,701,701,701,701,701,701,701,701,701,701,701,701,701,701,701,701,701,701,701,701,701,701,701,701,701,701,701,701,701,701,701,701,701,701,701,701,701,701,701,701,701,701,701,701,701,701,701,701,701,701,701,701,701,701,701,701,701,701,701,701,701,701,701,701,701,701,701,701,701,701,701,701,701,701,701,701,701,701,701,701,701,701,701,701,701,701,701,701,701,701,701,701,701,701,701,701,701,701,701,701,701,701,701,701,701,701,701,701,701,701,701,701,701,701,701,701,701,701,701,701,701,701,701,701,701,701,701,701,701,701,701,701,701,701,701,701,701,701,701,701,701,701,701,701,701,701,701,701,701,701,701,701,701,701,701,701,701,701,701,701,701,701,701,701,701,701,701,701,701,701,701,701,701,701,701,701,701,701,701,701,714,714,714,714,714,714,714,714,714,714,714,714,714,714,714,714,714,714,101,101,101,101,101,101,101,101,714,714,714,714,714,714,714,714,714,714,714,714,714,714,101,101,714,714,714,714,714,714,714,714,714,714,714,714,714,714,714,714,714,714,714,714,714,714,714,714,714,714,714,714,714,714,714,714,714,714,714,714,714,714,714,714,714,714,714,714,714,714,714,714,714,714,714,714,714,714
714,714,714,714,714,714,714,714,714,714,714,714,714,714,714,714,714,714,714,714,714,714,714,714,714,714,714,714,714,714,714,714,714,714,714,714,714,714,714,714,714,714,714,714,714,714,714,714,714,714,714,714,714,714,714,714,714,714,714,714,714,714,714,714,714,714,714,714,714,714,714,714,714,714,714,714,714,701,701,701,701,701,701,701,701,701,701,701,701,701,701,701,701,701,701,701,701,701,701,701,701,701,701,701,701,701,701,701,701,701,701,701,701,701,701,701,701,701,701,701,701,701,701,701,701,701,701,701,701,701,701,701,701,701,701,701,701,701,701,701,701,701,701,701,701,701,701,701,701,701,701,701,701,701,701,701,701,701,701,701,701,701,701,701,701,701,701,701,701,701,701,701,701,701,701,701,701,701,701,701,701,701,701,701,701,701,701,701,701,701,701,701,701,701,701,701,701,701,701,701,701,701,701,701,701,701,701,701,701,701,701,701,701,701,701,701,701,701,701,701,701,701,701,701,701,701,701,701,701,701,701,701,701,701,701,701,701,701,701,701,701,701,701,701,701,701,701,701,701,701,701,701,701,701,701,701,701,701,701,701,701,701,701,714,714,714,714,714,714,714,714,714,714,714,714,714,714,714,714,714,101,101,101,101,101,101,101,101,101,101,101,101,101,714,714,714,714,714,714,714,714,101,101,101,101,101,101,101,714,714,714,714,714,714,714,714,714,714,714,714,714,714,714,714,714,714,714,714,714,714,714,714,714,714,714,714,714,714,714,714,714,714,714,714,714,714,714,714,714,714,714,714,714,714,714,714,714,714,714,714
714,714,714,714,714,714,714,714,714,714,714,714,714,714,714,714,714,714,714,714,714,714,714,714,714,714,714,714,714,714,714,714,714,714,714,714,714,714,714,714,714,714,714,714,714,714,714,714,714,714,714,714,714,714,714,714,714,714,714,714,714,714,714,714,714,714,714,714,714,714,714,714,714,714,714,714,701,701,701,701,701,701,701,701,701,701,701,701,701,701,701,701,701,701,701,701,701,701,701,701,701,701,701,701,701,701,701,701,701,701,701,701,701,701,701,701,701,701,701,701,701,701,701,701,701,701,701,701,701,701,701,701,701,701,701,701,701,701,701,701,701,701,701,701,701,701,701,701,701,701,701,701,701,701,701,701,701,701,701,701,701,701,701,701,701,701,701,701,701,701,701,701,701,701,701,701,701,701,701,701,701,701,701,701,701,701,701,701,701,701,701,701,701,701,701,701,701,701,701,701,701,701,701,701,701,701,701,701,701,701,701,701,701,701,701,701,701,701,701,701,701,701,701,701,701,701,701,701,701,701,701,701,701,701,701,701,701,701,701,701,701,701,701,701,701,701,701,701,701,701,701,701,701,701,701,701,701,701,701,701,701,701,701,714,714,714,714,714,714,714,714,714,714,714,714,714,714,714,714,101,101,101,101,101,101,101,101,101,101,101,101,101,101,101,101,101,714,714,714,101,101,101,101,101,101,101,101,101,101,101,714,714,714,714,714,714,714,101,714,714,714,714,714,714,714,714,714,714,714,714,714,714,714,714,714,714,714,714,714,714,714,714,714,714,714,714,714,714,714,714,714,714,714,714,714,714,714,714,714,714
714,714,714,714,714,714,714,714,714,714,714,714,714,714,714,714,714,714,714,714,714,714,714,714,714,714,714,714,714,714,714,714,714,714,714,714,714,714,714,714,714,714,714,714,714,714,714,714,714,714,714,714,714,714,714,714,714,714,714,714,714,714,714,714,714,714,714,714,714,714,714,714,714,714,714,701,701,701,701,701,701,701,701,701,701,701,701,701,701,701,701,701,701,701,701,701,701,701,701,701,701,701,701,701,701,701,701,701,701,701,701,701,701,701,701,701,701,701,701,701,701,701,701,701,701,701,701,701,701,701,701,701,701,701,701,701,701,701,701,701,701,701,701,701,701,701,701,701,701,701,701,701,701,701,701,701,701,701,701,701,701,701,701,701,701,701,701,701,701,701,701,701,701,701,701,701,701,701,701,701,701,701,701,701,701,701,701,701,701,701,701,701,701,701,701,701,701,701,701,701,701,701,701,701,701,701,701,701,701,701,701,701,701,701,701,701,701,701,701,701,701,701,701,701,701,701,701,701,701,701,701,701,701,701,701,701,701,701,701,701,701,701,701,701,701,701,701,701,701,701,701,701,701,701,701,701,701,701,701,701,701,701,701,714,714,714,714,714,714,714,714,714,714,714,714,714,714,714,101,101,101,101,101,101,101,101,101,101,101,101,101,101,101,101,101,101,101,101,101,101,101,101,101,101,101,101,101,101,101,101,101,101,101,101,101,101,101,101,101,101,714,714,714,714,714,714,714,714,714,714,714,714,714,714,714,714,714,714,714,714,714,714,714,714,714,714,714,714,714,714,714,714,714,714,714,714,714,714,714,714
714,714,714,714,714,714,714,714,714,714,714,714,714,714,714,714,714,714,714,714,714,714,714,714,714,714,714,714,714,714,714,714,714,714,714,714,714,714,714,714,714,714,714,714,714,714,714,714,714,714,714,714,714,714,714,714,714,714,714,714,714,714,714,714,714,714,714,714,714,714,714,714,714,714,714,701,701,701,701,701,701,701,701,701,701,701,701,701,701,701,701,701,701,701,701,701,701,701,701,701,701,701,701,701,701,701,701,701,701,701,701,701,701,701,701,701,701,701,701,701,701,701,701,701,701,701,701,701,701,701,701,701,701,701,701,701,701,701,701,701,701,701,701,701,701,701,701,701,701,701,701,701,701,701,701,701,701,701,701,701,701,701,701,701,701,701,701,701,701,701,701,701,701,701,701,701,701,701,701,701,701,701,701,701,701,701,701,701,701,701,701,701,701,701,701,701,701,701,701,701,701,701,701,701,701,701,701,701,701,701,701,701,701,701,701,701,701,701,701,701,701,701,701,701,701,701,701,701,701,701,701,701,701,701,701,701,701,701,701,701,701,701,701,701,701,701,701,701,701,701,701,701,701,701,701,701,701,701,701,701,701,701,701,714,714,714,714,714,714,714,714,714,714,714,714,714,714,101,101,101,101,101,101,101,101,101,101,101,101,101,101,101,101,101,101,101,101,101,101,101,101,101,101,101,101,101,101,101,101,101,101,101,101,101,101,101,101,101,101,101,101,714,714,714,714,101,101,714,714,714,714,714,714,714,714,714,714,714,714,714,714,714,714,714,714,714,714,714,714,714,714,714,714,714,714,714,714,714,714,714
714,714,714,714,714,714,714,714,714,714,714,714,714,714,714,714,714,714,714,714,714,714,714,714,714,714,714,714,714,714,714,714,714,714,714,714,714,714,714,714,714,714,714,714,714,714,714,714,714,714,714,714,714,714,714,714,714,714,714,714,714,714,714,714,714,714,714,714,714,714,714,714,714,714,701,701,701,701,701,701,701,701,701,701,701,701,701,701,701,701,701,701,701,701,701,701,701,701,701,701,701,701,701,701,701,701,701,701,701,701,701,701,701,701,701,701,701,701,701,701,701,701,701,701,701,701,701,701,701,701,701,701,701,701,701,701,701,701,701,701,701,701,701,701,701,701,701,701,701,701,701,701,701,701,701,701,701,701,701,701,701,701,701,701,701,701,701,701,701,701,701,701,701,701,701,701,701,701,701,701,701,701,701,701,701,701,701,701,701,701,701,701,701,701,701,701,701,701,701,701,701,701,701,701,701,701,701,701,701,701,701,701,701,701,701,701,701,701,701,701,701,701,701,701,701,701,701,701,701,701,701,701,701,701,701,701,701,701,701,701,701,701,701,701,701,701,701,701,701,701,701,701,701,701,701,701,701,701,701,701,701,701,701,714,714,714,714,714,714,714,714,714,714,714,714,714,714,101,101,101,101,101,101,101,101,101,101,101,101,101,101,101,101,101,101,101,101,101,101,101,101,101,101,101,101,101,101,101,101,101,101,101,101,101,101,101,101,101,101,101,101,101,101,101,101,101,101,101,714,714,714,714,714,714,714,714,714,714,714,714,714,714,714,714,714,714,714,714,714,714,714,714,714,714,714,714,714,714,714,714
714,714,714,714,714,714,714,714,714,714,714,714,714,714,714,714,714,714,714,714,714,714,714,714,714,714,714,714,714,714,714,714,714,714,714,714,714,714,714,714,714,714,714,714,714,714,714,714,714,714,714,714,714,714,714,714,714,714,714,714,714,714,714,714,714,714,714,714,714,714,714,714,714,714,701,701,701,701,701,701,701,701,701,701,701,701,701,701,701,701,701,701,701,701,701,701,701,701,701,701,701,701,701,701,701,701,701,701,701,701,701,701,701,701,701,701,701,701,701,701,701,701,701,701,701,701,701,701,701,701,701,701,701,701,701,701,701,701,701,701,701,701,701,701,701,701,701,701,701,701,701,701,701,701,701,701,701,701,701,701,701,701,701,701,701,701,701,701,701,701,701,701,701,701,701,701,701,701,701,701,701,701,701,701,701,701,701,701,701,701,701,701,701,701,701,701,701,701,701,701,701,701,701,701,701,701,701,701,701,701,701,701,701,701,701,701,701,701,701,701,701,701,701,701,701,701,701,701,701,701,701,701,701,701,701,701,701,701,701,701,701,701,701,701,701,701,701,701,701,701,701,701,701,701,701,701,701,701,701,701,701,701,701,714,714,714,714,714,714,714,714,714,714,714,714,714,101,101,101,101,101,101,101,101,101,101,101,101,101,101,101,101,101,101,101,101,101,101,101,101,101,101,101,101,101,101,101,101,101,101,101,101,101,101,101,101,101,101,101,101,101,101,101,101,101,101,101,101,101,101,101,101,101,101,101,101,101,101,714,714,714,714,714,714,714,714,714,714,714,714,714,714,714,714,714,714,714,714,714,714
714,714,714,714,714,714,714,714,714,714,714,714,714,714,714,714,714,714,714,714,714,714,714,714,714,714,714,714,714,714,714,714,714,714,714,714,714,714,714,714,714,714,714,714,714,714,714,714,714,714,714,714,714,714,714,714,714,714,714,714,714,714,714,714,714,714,714,714,714,714,714,701,701,701,701,701,701,701,701,701,701,701,701,701,701,701,701,701,701,701,701,701,701,701,701,701,701,701,701,701,701,701,701,701,701,701,701,701,701,701,701,701,701,701,701,701,701,701,701,701,701,701,701,701,701,701,701,701,701,701,701,701,701,701,701,701,701,701,701,701,701,701,701,701,701,701,701,701,701,701,701,701,701,701,701,701,701,701,701,701,701,701,701,701,701,701,701,701,701,701,701,701,701,701,701,701,701,701,701,701,701,701,701,701,701,701,701,701,701,701,701,701,701,701,701,701,701,701,701,701,701,701,701,701,701,701,701,701,701,701,701,701,701,701,701,701,701,701,701,701,701,701,701,701,701,701,701,701,701,701,701,701,701,701,701,701,701,701,701,701,701,701,701,701,701,701,701,701,701,701,701,701,701,701,701,701,701,701,701,701,701,701,701,714,714,714,714,714,714,714,714,714,714,714,714,101,101,101,101,101,101,101,101,101,101,101,101,101,101,101,101,101,101,101,101,101,101,101,101,101,101,101,101,101,101,101,101,101,101,101,101,101,101,101,101,101,101,101,101,101,101,101,101,101,101,101,101,101,101,101,101,101,101,101,101,101,101,101,101,101,101,101,101,101,101,101,101,101,714,714,714,714,714,714,714,714,714,714,714,714
714,714,714,714,714,714,714,714,714,714,714,714,714,714,714,714,714,714,714,714,714,714,714,714,714,714,714,714,714,714,714,714,714,714,714,714,714,714,714,714,714,714,714,714,714,714,714,714,714,714,714,714,714,714,714,714,714,714,714,714,714,714,714,714,714,714,714,714,714,701,701,701,701,701,701,701,701,701,701,701,701,701,701,701,701,701,701,701,701,701,701,701,701,701,701,701,701,701,701,701,701,701,701,701,701,701,701,701,701,701,701,701,701,701,701,701,701,701,701,701,701,701,701,701,701,701,701,701,701,701,701,701,701,701,701,701,701,701,701,701,701,701,701,701,701,701,701,701,701,701,701,701,701,701,701,701,701,701,701,701,701,701,701,701,701,701,701,701,701,701,701,701,701,701,701,701,701,701,701,701,701,701,701,701,701,701,701,701,701,701,701,701,701,701,701,701,701,701,701,701,701,701,701,701,701,701,701,701,701,701,701,701,701,701,701,701,701,701,701,701,701,701,701,701,701,701,701,701,701,701,701,701,701,701,701,701,701,701,701,701,701,701,701,701,701,701,701,701,701,701,701,701,701,701,701,701,701,701,701,701,701,701,714,714,714,714,714,714,714,714,714,714,714,714,101,101,101,101,101,101,101,101,101,101,101,101,101,101,101,101,101,101,101,101,101,101,101,101,101,101,101,101,101,101,101,101,101,101,101,101,101,101,101,101,101,101,101,101,101,101,101,101,101,101,101,101,101,101,101,101,101,101,101,101,101,101,101,101,101,101,101,101,101,101,101,101,101,101,101,101,101,101,101,714,714,714,714,714,714,714
714,714,714,714,714,714,714,714,714,714,714,714,714,714,714,714,714,714,714,714,714,714,714,714,714,714,714,714,714,714,714,714,714,714,714,714,714,714,714,714,714,714,714,714,714,714,714,714,714,714,714,714,714,714,714,714,714,714,714,714,714,714,714,714,714,714,714,701,701,701,701,701,701,701,701,701,701,701,701,701,701,701,701,701,701,701,701,701,701,701,701,701,701,701,701,701,701,701,701,701,701,701,701,701,701,701,701,701,701,701,701,701,701,701,701,701,701,701,701,701,701,701,701,701,701,701,701,701,701,701,701,701,701,701,701,701,701,701,701,701,701,701,701,701,701,701,701,701,701,701,701,701,701,701,701,701,701,701,701,701,701,701,701,701,701,701,701,701,701,701,701,701,701,701,701,701,701,701,701,701,701,701,701,701,701,701,701,701,701,701,701,701,701,701,701,701,701,701,701,701,701,701,701,701,701,701,701,701,701,701,701,701,701,701,701,701,701,701,701,701,701,701,701,701,701,701,701,701,701,701,701,701,701,701,701,701,701,701,701,701,701,701,701,701,701,701,701,701,701,701,701,701,701,701,701,701,701,701,701,701,701,701,714,714,714,714,714,714,714,714,714,714,714,714,101,101,101,101,101,101,101,101,101,101,101,101,101,101,101,101,101,101,101,101,101,101,101,101,101,101,101,101,101,101,101,101,101,101,101,101,101,101,101,101,101,101,101,101,101,101,101,101,101,101,101,101,101,101,101,101,101,101,101,101,101,101,101,101,101,101,101,101,101,101,101,101,101,101,101,101,101,101,101,101,101,101,101,714,714,714
714,714,714,714,714,714,714,714,714,714,714,714,714,714,714,714,714,714,714,714,714,714,714,714,714,714,714,714,714,714,714,714,714,714,714,714,714,714,714,714,714,714,714,714,714,714,714,714,714,714,714,714,714,714,714,714,714,714,714,714,714,714,714,714,714,701,701,701,701,701,701,701,701,701,701,701,701,701,701,701,701,701,701,701,701,701,701,701,701,701,701,701,701,701,701,701,701,701,701,701,701,701,701,701,701,701,701,701,701,701,701,701,701,701,701,701,701,701,701,701,701,701,701,701,701,701,701,701,701,701,701,701,701,701,701,701,701,701,701,701,701,701,701,701,701,701,701,701,701,701,701,701,701,701,701,701,701,701,701,701,701,701,701,701,701,701,701,701,701,701,701,701,701,701,701,701,701,701,701,701,701,701,701,701,701,701,701,701,701,701,701,701,701,701,701,701,701,701,701,701,701,701,701,701,701,701,701,701,701,701,701,701,701,701,701,701,701,701,701,701,701,701,701,701,701,701,701,701,701,701,701,701,701,701,701,701,701,701,701,701,701,701,701,701,701,701,701,701,701,701,701,701,701,701,701,701,701,701,701,701,701,701,101,101,101,101,101,101,101,101,714,714,714,101,101,101,101,101,101,101,101,101,101,101,101,101,101,101,101,101,101,101,101,101,101,101,101,101,101,101,101,101,101,101,101,101,101,101,101,101,101,101,101,101,101,101,101,101,101,101,101,101,101,101,101,101,101,101,101,101,101,101,101,101,101,101,101,101,101,101,101,101,101,101,101,101,101,101,101,101,101,101,101,101,101,101,101,101,101,714
101,714,714,714,714,714,714,714,714,714,714,714,714,714,714,714,714,714,714,714,714,714,714,714,714,714,714,714,714,714,714,714,714,714,714,714,714,714,714,714,714,714,714,714,714,714,714,714,714,714,714,714,714,714,714,714,714,714,714,714,714,714,714,701,701,701,701,701,701,701,701,701,701,701,701,701,701,701,701,701,701,701,701,701,701,701,701,701,701,701,701,701,701,701,701,701,701,701,701,701,701,701,701,701,701,701,701,701,701,701,701,701,701,701,701,701,701,701,701,701,701,701,701,701,701,701,701,701,701,701,701,701,701,701,701,701,701,701,701,701,701,701,701,701,701,701,701,701,701,701,701,701,701,701,701,701,701,701,701,701,701,701,701,701,701,701,701,701,701,701,701,701,701,701,701,701,701,701,701,701,701,701,701,701,701,701,701,701,701,701,701,701,701,701,701,701,701,701,701,701,701,701,701,701,701,701,701,701,701,701,701,701,701,701,701,701,701,701,701,701,701,701,701,701,701,701,701,701,701,701,701,701,701,701,701,701,701,701,701,701,701,701,701,701,701,701,701,701,701,701,701,701,701,701,701,701,701,701,701,701,701,101,101,101,101,101,101,101,101,101,101,101,101,101,101,101,101,101,101,101,101,101,101,101,101,101,101,101,101,101,101,101,101,101,101,101,101,101,101,101,101,101,101,101,101,101,101,101,101,101,101,101,101,101,101,101,101,101,101,101,101,101,101,101,101,101,101,101,101,101,101,101,101,101,101,101,101,101,101,101,101,101,101,101,101,101,101,101,101,101,101,101,101,101,101,101,101,101,101,101
101,101,714,714,714,714,714,714,714,714,714,714,714,714,714,714,714,714,714,714,714,714,714,714,714,714,714,714,714,714,714,714,714,714,714,714,714,714,714,714,714,714,714,714,714,714,714,714,714,714,714,714,714,714,714,714,714,714,714,714,714,714,701,701,701,701,701,701,701,701,701,701,701,701,701,701,701,701,701,701,701,701,701,701,701,701,701,701,701,701,701,701,701,701,701,701,701,701,701,701,701,701,701,701,701,701,701,701,701,701,701,701,701,701,701,701,701,701,701,701,701,701,701,701,701,701,701,701,701,701,701,701,701,701,701,701,701,701,701,701,701,701,701,701,701,701,701,701,701,701,701,701,701,701,701,701,701,701,701,701,701,701,701,701,701,701,701,701,701,701,701,701,701,701,701,701,701,701,701,701,701,701,701,701,701,701,701,701,701,701,701,701,701,701,701,701,701,701,701,701,701,701,701,701,701,701,701,701,701,701,701,701,701,701,701,701,701,701,701,701,701,701,701,701,701,701,701,701,701,701,701,701,701,701,701,701,701,701,701,701,701,701,701,701,701,701,701,701,701,701,701,701,701,701,701,701,701,701,701,701,701,101,101,101,101,101,101,101,101,101,101,101,101,101,101,101,101,101,101,101,101,101,101,101,101,101,101,101,101,101,101,101,101,101,101,101,101,101,101,101,101,101,101,101,101,101,101,101,101,101,101,101,101,101,101,101,101,101,101,101,101,101,101,101,101,101,101,101,101,101,101,101,101,101,101,101,101,101,101,101,101,101,101,101,101,101,101,101,101,101,101,101,101,101,101,101,101,101,101,101
101,101,101,101,714,714,714,714,714,714,714,714,714,714,714,714,714,714,714,714,714,714,714,714,714,714,714,714,714,714,714,714,714,714,714,714,714,714,714,714,714,714,714,714,714,714,714,714,714,714,714,714,714,714,714,714,714,714,714,714,701,701,701,701,701,701,701,701,701,701,701,701,701,701,701,701,701,701,701,701,701,701,701,701,701,701,701,701,701,701,701,701,701,701,701,701,701,701,701,701,701,701,701,701,701,701,701,701,701,701,701,701,701,701,701,701,701,701,701,701,701,701,701,701,701,701,701,701,701,701,701,701,701,701,701,701,701,701,701,701,701,701,701,701,701,701,701,701,701,701,701,701,701,701,701,701,701,701,701,701,701,701,701,701,701,701,701,701,701,701,701,701,701,701,701,701,701,701,701,701,701,701,701,701,701,701,701,701,701,701,701,701,701,701,701,701,701,701,701,701,701,701,701,701,701,701,701,701,701,701,701,701,701,701,701,701,701,701,701,701,701,701,701,701,701,701,701,701,701,701,701,701,701,701,701,701,701,701,701,701,701,701,701,701,701,701,701,701,701,701,701,701,701,701,701,701,701,701,701,701,101,101,101,101,101,101,101,101,101,101,101,101,101,101,101,101,101,101,101,101,101,101,101,101,101,101,101,101,101,101,101,101,101,101,101,101,101,101,101,101,101,101,101,101,101,101,101,101,101,101,101,101,101,101,101,101,101,101,101,101,101,101,101,101,101,101,101,101,101,101,101,101,101,101,101,101,101,101,101,101,101,101,101,101,101,101,101,101,101,101,101,101,101,101,101,101,101,101,101,101
101,101,101,101,101,714,714,714,714,714,714,714,714,714,714,714,714,714,714,714,714,714,714,714,714,714,714,714,714,714,714,714,714,714,714,714,714,714,714,714,714,714,714,714,714,714,714,714,714,714,714,714,714,714,714,714,714,714,701,701,701,701,701,701,701,701,701,701,701,701,701,701,701,701,701,701,701,701,701,701,701,701,701,701,701,701,701,701,701,701,701,701,701,701,701,701,701,701,701,701,701,701,701,701,701,701,701,701,701,701,701,701,701,701,701,701,701,701,701,701,701,701,701,701,701,701,701,701,701,701,701,701,701,701,701,701,701,701,701,701,701,701,701,701,701,701,701,701,701,701,701,701,701,701,701,701,701,701,701,701,701,701,701,701,701,701,701,701,701,701,701,701,701,701,701,701,701,701,701,701,701,701,701,701,701,701,701,701,701,701,701,701,701,701,701,701,701,701,701,701,701,701,701,701,701,701,701,701,701,701,701,701,701,701,701,701,701,701,701,701,701,701,701,701,701,701,701,701,701,701,701,701,701,701,701,701,701,701,701,701,701,701,701,701,701,701,701,701,701,701,701,701,701,701,701,701,701,701,701,701,101,101,101,101,101,101,101,101,101,101,101,101,101,101,101,101,101,101,101,101,101,101,101,101,101,101,101,101,101,101,101,101,101,101,101,101,101,101,101,101,101,101,101,101,101,101,101,101,101,101,101,101,101,101,101,101,101,101,101,101,101,101,101,101,101,101,101,101,101,101,101,101,101,101,101,101,101,101,101,101,101,101,101,101,101,101,101,101,101,101,101,101,101,101,101,101,101,101,101,101
101,101,101,101,101,101,101,714,714,714,714,714,714,714,714,714,714,714,714,714,714,714,714,714,714,714,714,714,714,714,714,714,714,714,714,714,714,714,714,714,714,714,714,714,714,714,714,714,714,714,714,714,714,714,714,714,714,701,701,701,701,701,701,701,701,701,701,701,701,701,701,701,701,701,701,701,701,701,701,701,701,701,701,701,701,701,701,701,701,701,701,701,701,701,701,701,701,701,701,701,701,701,701,701,701,701,701,701,701,701,701,701,701,701,701,701,701,701,701,701,701,701,701,701,701,701,701,701,701,701,701,701,701,701,701,701,701,701,701,701,701,701,701,701,701,701,701,701,701,701,701,701,701,701,701,701,701,701,701,701,701,701,701,701,701,701,701,701,701,701,701,701,701,701,701,701,701,701,701,701,701,701,701,701,701,701,701,701,701,701,701,701,701,701,701,701,701,701,701,701,701,701,701,701,701,701,701,701,701,701,701,701,701,701,701,701,701,701,701,701,701,701,701,701,701,701,701,701,701,701,701,701,701,701,701,701,701,701,701,701,701,701,701,701,701,701,701,701,701,701,701,701,701,701,701,701,701,701,701,101,101,101,101,101,101,101,101,101,101,101,101,101,101,101,101,101,101,101,101,101,101,101,101,101,101,101,101,101,101,101,101,101,101,101,101,101,101,101,101,101,101,101,101,101,101,101,101,101,101,101,101,101,101,101,101,101,101,101,101,101,101,101,101,101,101,101,101,101,101,101,101,101,101,101,101,101,101,101,101,101,101,101,101,101,101,101,101,101,101,101,101,101,101,101,101,101,101,101,101,101
101,101,101,101,101,101,101,101,714,714,714,714,714,714,714,714,714,714,714,714,714,714,714,714,714,714,714,714,714,714,714,714,714,714,714,714,714,714,714,714,714,714,714,714,714,714,714,714,714,714,701,701,701,701,701,701,701,701,701,701,701,701,701,701,701,701,701,701,701,701,701,701,701,701,701,701,701,701,701,701,701,701,701,701,701,701,701,701,701,701,701,701,701,701,701,701,701,701,701,701,701,701,701,701,701,701,701,701,701,701,701,701,701,701,701,701,701,701,701,701,701,701,701,701,701,701,701,701,701,701,701,701,701,701,701,701,701,701,701,701,701,701,701,701,701,701,701,701,701,701,701,701,701,701,701,701,701,701,701,701,701,701,701,701,701,701,701,701,701,701,701,701,701,701,701,701,701,701,701,701,701,701,701,701,701,701,701,701,701,701,701,701,701,701,701,701,701,701,701,701,701,701,701,701,701,701,701,701,701,701,701,701,701,701,701,701,701,701,701,701,701,701,701,701,701,701,701,701,701,701,701,701,701,701,701,701,701,701,701,701,701,701,701,701,701,701,701,701,701,701,701,701,701,701,701,701,701,701,701,101,101,101,101,101,101,101,101,101,101,101,101,101,101,101,101,101,101,101,101,101,101,101,101,101,101,101,101,101,101,101,101,101,101,101,101,101,101,101,101,101,101,101,101,101,101,101,101,101,101,101,101,101,101,101,101,101,101,101,101,101,101,101,101,101,101,101,101,101,101,101,101,101,101,101,101,101,101,101,101,101,101,101,101,101,101,101,101,101,101,101,101,101,101,101,101,101,101,101,101,101
101,101,101,101,101,101,101,101,101,714,714,714,714,714,714,714,714,714,714,714,714,714,714,714,714,714,714,714,714,714,714,714,714,714,714,714,714,714,714,714,714,714,714,714,714,701,701,701,701,701,701,701,701,701,701,701,701,701,701,701,701,701,701,701,701,701,701,701,701,701,701,701,701,701,701,701,701,701,701,701,701,701,701,701,701,701,701,701,701,701,701,701,701,701,701,701,701,701,701,701,701,701,701,701,701,701,701,701,701,701,701,701,701,701,701,701,701,701,701,701,701,701,701,701,701,701,701,701,701,701,701,701,701,701,701,701,701,701,701,701,701,701,701,701,701,701,701,701,701,701,701,701,701,701,701,701,701,701,701,701,701,701,701,701,701,701,701,701,701,701,701,701,701,701,701,701,701,701,701,701,701,701,701,701,701,701,701,701,701,701,701,701,701,701,701,701,701,701,701,701,701,701,701,701,701,701,701,701,701,701,701,701,701,701,701,701,701,701,701,701,701,701,701,701,701,701,701,701,701,701,701,701,701,701,701,701,701,701,701,701,701,701,701,701,701,701,701,701,701,701,701,701,701,701,701,701,701,701,101,101,101,101,101,101,101,101,101,101,101,101,101,101,101,101,101,101,101,101,101,101,101,101,101,101,101,101,101,101,101,101,101,101,101,101,101,101,101,101,101,101,101,101,101,101,101,101,101,101,101,101,101,101,101,101,101,101,101,101,101,101,101,101,101,101,101,101,101,101,101,101,101,101,101,101,101,101,101,101,101,101,101,101,101,101,101,101,101,101,101,101,101,101,101,101,101,101,101,101,101,101
101,101,101,101,101,101,101,101,101,101,714,714,714,714,714,714,714,714,714,714,714,714,714,714,714,714,714,714,714,714,714,714,714,714,714,714,714,714,714,714,701,701,701,701,701,701,701,701,701,701,701,701,701,701,701,701,701,701,701,701,701,701,701,701,701,701,701,701,701,701,701,701,701,701,701,701,701,701,701,701,701,701,701,701,701,701,701,701,701,701,701,701,701,701,701,701,701,701,701,701,701,701,701,701,701,701,701,701,701,701,701,701,701,701,701,701,701,701,701,701,701,701,701,701,701,701,701,701,701,701,701,701,701,701,701,701,701,701,701,701,701,701,701,701,701,701,701,701,701,701,701,701,701,701,701,701,701,701,701,701,701,701,701,701,701,701,701,701,701,701,701,701,701,701,701,701,701,701,701,701,701,701,701,701,701,701,701,701,701,701,701,701,701,701,701,701,701,701,701,701,701,701,701,701,701,701,701,701,701,701,701,701,701,701,701,701,701,701,701,701,701,701,701,701,701,701,701,701,701,701,701,701,701,701,701,701,701,701,701,701,701,701,701,701,701,701,701,701,701,701,701,701,701,701,701,701,701,101,101,101,101,101,101,101,101,101,101,101,101,101,101,101,101,101,101,101,101,101,101,101,101,101,101,101,101,101,101,101,101,101,101,101,101,101,101,101,101,101,101,101,101,101,101,101,101,101,101,101,101,101,101,101,101,101,101,101,101,101,101,101,101,101,101,101,101,101,101,101,101,101,101,101,101,101,101,101,101,101,101,101,101,101,101,101,101,101,101,101,101,101,101,101,101,101,101,101,101,101,101,101
101,101,101,101,101,101,101,101,101,101,101,714,714,714,714,714,714,714,714,714,714,714,714,714,714,714,714,714,714,714,714,714,714,714,714,714,701,701,701,701,701,701,701,701,701,701,701,701,701,701,701,701,701,701,701,701,701,701,701,701,701,701,701,701,701,701,701,701,701,701,701,701,701,701,701,701,701,701,701,701,701,701,701,701,701,701,701,701,701,701,701,701,701,701,701,701,701,701,701,701,701,701,701,701,701,701,701,701,701,701,701,701,701,701,701,701,701,701,701,701,701,701,701,701,701,701,701,701,701,701,701,701,701,701,701,701,701,701,701,701,701,701,701,701,701,701,701,701,701,701,701,701,701,701,701,701,701,701,701,701,701,701,701,701,701,701,701,701,701,701,701,701,701,701,701,701,701,701,701,701,701,701,701,701,701,701,701,701,701,701,701,701,701,701,701,701,701,701,701,701,701,701,701,701,701,701,701,701,701,701,701,701,701,701,701,701,701,701,701,701,701,701,701,701,701,701,701,701,701,701,701,701,701,701,701,701,701,701,701,701,701,701,701,701,701,701,701,701,701,701,701,701,701,701,701,701,701,101,101,101,101,101,101,101,101,101,101,101,101,101,101,101,101,101,101,101,101,101,101,101,101,101,101,101,101,101,101,101,101,101,101,101,101,101,101,101,101,101,101,101,101,101,101,101,101,101,101,101,101,101,101,101,101,101,101,101,101,101,101,101,101,101,101,101,101,101,101,101,101,101,101,101,101,101,101,101,101,101,101,101,101,101,101,101,101,101,101,101,101,101,101,101,101,101,101,101,101,101,101,101
101,101,101,101,101,101,101,101,101,101,101,101,714,714,714,714,714,714,714,714,714,714,714,714,714,714,714,714,714,714,714,714,701,701,701,701,701,701,701,701,701,701,701,701,701,701,701,701,701,701,701,701,701,701,701,701,701,701,701,701,701,701,701,701,701,701,701,701,701,701,701,701,701,701,701,701,701,701,701,701,701,701,701,701,701,701,701,701,701,701,701,701,701,701,701,701,701,701,701,701,701,701,701,701,701,701,701,701,701,701,701,701,701,701,701,701,701,701,701,701,701,701,701,701,701,701,701,701,701,701,701,701,701,701,701,701,701,701,701,701,701,701,701,701,701,701,701,701,701,701,701,701,701,701,701,701,701,701,701,701,701,701,701,701,701,701,701,701,701,701,701,701,701,701,701,701,701,701,701,701,701,701,701,701,701,701,701,701,701,701,701,701,701,701,701,701,701,701,701,701,701,701,701,701,701,701,701,701,701,701,701,701,701,701,701,701,701,701,701,701,701,701,701,701,701,701,701,701,701,701,701,701,701,701,701,701,701,701,701,701,701,701,701,701,701,701,701,701,701,701,701,701,701,701,701,701,101,101,101,101,101,101,101,101,101,101,101,101,101,101,101,101,101,101,101,101,101,101,101,101,101,101,101,101,101,101,101,101,101,101,101,101,101,101,101,101,101,101,101,101,101,101,101,101,101,101,101,101,101,101,101,101,101,101,101,101,101,101,101,101,101,101,101,101,101,101,101,101,101,101,101,101,101,101,101,101,101,101,101,101,101,101,101,101,101,101,101,101,101,101,101,101,101,101,101,101,101,101,101,101
101,101,101,101,101,101,101,101,101,101,101,101,101,101,714,714,714,714,714,714,714,714,714,714,714,714,714,714,714,701,701,701,701,701,701,701,701,701,701,701,701,701,701,701,701,701,701,701,701,701,701,701,701,701,701,701,701,701,701,701,701,701,701,701,701,701,701,701,701,701,701,701,701,701,701,701,701,701,701,701,701,701,701,701,701,701,701,701,701,701,701,701,701,701,701,701,701,701,701,701,701,701,701,701,701,701,701,701,701,701,701,701,701,701,701,701,701,701,701,701,701,701,701,701,701,701,701,701,701,701,701,701,701,701,701,701,701,701,701,701,701,701,701,701,701,701,701,701,701,701,701,701,701,701,701,701,701,701,701,701,701,701,701,701,701,701,701,701,701,701,701,701,701,701,701,701,701,701,701,701,701,701,701,701,701,701,701,701,701,701,701,701,701,701,701,701,701,701,701,701,701,701,701,701,701,701,701,701,701,701,701,701,701,701,701,701,701,701,701,701,701,701,701,701,701,701,701,701,701,701,701,701,701,701,701,701,701,701,701,701,701,701,701,701,701,701,701,701,701,701,701,701,701,701,701,701,101,101,101,101,101,101,101,101,101,101,101,101,101,101,101,101,101,101,101,101,101,101,101,101,101,101,101,101,101,101,101,101,101,101,101,101,101,101,101,101,101,101,101,101,101,101,101,101,101,101,101,101,101,101,101,101,101,101,101,101,101,101,101,101,101,101,101,101,101,101,101,101,101,101,101,101,101,101,101,101,101,101,101,101,101,101,101,101,101,101,101,101,101,101,101,101,101,101,101,101,101,101,101,101
101,101,101,101,101,101,101,101,101,101,101,101,101,101,101,714,714,714,714,714,714,714,714,714,714,714,701,701,701,701,701,701,701,701,701,701,701,701,701,701,701,701,701,701,701,701,701,701,701,701,701,701,701,701,701,701,701,701,701,701,701,701,701,701,701,701,701,701,701,701,701,701,701,701,701,701,701,701,701,701,701,701,701,701,701,701,701,701,701,701,701,701,701,701,701,701,701,701,701,701,701,701,701,701,701,701,701,701,701,701,701,701,701,701,701,701,701,701,701,701,701,701,701,701,701,701,701,701,701,701,701,701,701,701,701,701,701,701,701,701,701,701,701,701,701,701,701,701,701,701,701,701,701,701,701,701,701,701,701,701,701,701,701,701,701,701,701,701,701,701,701,701,701,701,701,701,701,701,701,701,701,701,701,701,701,701,701,701,701,701,701,701,701,701,701,701,701,701,701,701,701,701,701,701,701,701,701,701,701,701,701,701,701,701,701,701,701,701,701,701,701,701,701,701,701,701,701,701,701,701,701,701,701,701,701,701,701,701,701,701,701,701,701,701,701,701,701,701,701,701,701,701,701,701,701,101,101,101,101,101,101,101,101,101,101,101,101,101,101,101,101,101,101,101,101,101,101,101,101,101,101,101,101,101,101,101,101,101,101,101,101,101,101,101,101,101,101,101,101,101,101,101,101,101,101,101,101,101,101,101,101,101,101,101,101,101,101,101,101,101,101,101,101,101,101,101,101,101,101,101,101,101,101,101,101,101,101,101,101,101,101,101,101,101,101,101,101,101,101,101,101,101,101,101,101,101,101,101,101,101
101,101,101,101,101,101,101,101,101,101,101,101,101,101,101,101,714,714,714,714,714,714,701,701,701,701,701,701,701,701,701,701,701,701,701,701,701,701,701,701,701,701,701,701,701,701,701,701,701,701,701,701,701,701,701,701,701,701,701,701,701,701,701,701,701,701,701,701,701,701,701,701,701,701,701,701,701,701,701,701,701,701,701,701,701,701,701,701,701,701,701,701,701,701,701,701,701,701,701,701,701,701,701,701,701,701,701,701,701,701,701,701,701,701,701,701,701,701,701,701,701,701,701,701,701,701,701,701,701,701,701,701,701,701,701,701,701,701,701,701,701,701,701,701,701,701,701,701,701,701,701,701,701,701,701,701,701,701,701,701,701,701,701,701,701,701,701,701,701,701,701,701,701,701,701,701,701,701,701,701,701,701,701,701,701,701,701,701,701,701,701,701,701,701,701,701,701,701,701,701,701,701,701,701,701,701,701,701,701,701,701,701,701,701,701,701,701,701,701,701,701,701,701,701,701,701,701,701,701,701,701,701,701,701,701,701,701,701,701,701,701,701,701,701,701,701,701,701,701,701,701,701,701,701,101,101,101,101,101,101,101,101,101,101,101,101,101,101,101,101,101,101,101,101,101,101,101,101,101,101,101,101,101,101,101,101,101,101,101,101,101,101,101,101,101,101,101,101,101,101,101,101,101,101,101,101,101,101,101,101,101,101,101,101,101,101,101,101,101,101,101,101,101,101,101,101,101,101,101,101,101,101,101,101,101,101,101,101,101,101,101,101,101,101,101,101,101,101,101,101,101,101,101,101,101,101,101,101,101,101
101,101,101,101,101,101,101,101,101,101,101,101,101,101,101,101,101,701,701,701,701,701,701,701,701,701,701,701,701,701,701,701,701,701,701,701,701,701,701,701,701,701,701,701,701,701,701,701,701,701,701,701,701,701,701,701,701,701,701,701,701,701,701,701,701,701,701,701,701,701,701,701,701,701,701,701,701,701,701,701,701,701,701,701,701,701,701,701,701,701,701,701,701,701,701,701,701,701,701,701,701,701,701,701,701,701,701,701,701,701,701,701,701,701,701,701,701,701,701,701,701,701,701,701,701,701,701,701,701,701,701,701,701,701,701,701,701,701,701,701,701,701,701,701,701,701,701,701,701,701,701,701,701,701,701,701,701,701,701,701,701,701,701,701,701,701,701,701,701,701,701,701,701,701,701,701,701,701,701,701,701,701,701,701,701,701,701,701,701,701,701,701,701,701,701,701,701,701,701,701,701,701,701,701,701,701,701,701,701,701,701,701,701,701,701,701,701,701,701,701,701,701,701,701,701,701,701,701,701,701,701,701,701,701,701,701,701,701,701,701,701,701,701,701,701,701,701,701,701,701,701,701,701,101,101,101,101,101,101,101,101,101,101,101,101,101,101,101,101,101,101,101,101,101,101,101,101,101,101,101,101,101,101,101,101,101,101,101,101,101,101,101,101,101,101,101,101,101,101,101,101,101,101,101,101,101,101,101,101,101,101,101,101,101,101,101,101,101,101,101,101,101,101,101,101,101,101,101,101,101,101,101,101,101,101,101,101,101,101,101,101,101,101,101,101,101,101,101,101,101,101,101,101,101,101,101,101,101,101,101
101,101,101,101,101,101,101,101,101,101,101,101,101,101,101,101,701,701,701,701,701,701,701,701,701,701,701,701,701,701,701,701,701,701,701,701,701,701,701,701,701,701,701,701,701,701,701,701,701,701,701,701,701,701,701,701,701,701,701,701,701,701,701,701,701,701,701,701,701,701,701,701,701,701,701,701,701,701,701,701,701,701,701,701,701,701,701,701,701,701,701,701,701,701,701,701,701,701,701,701,701,701,701,701,701,701,701,701,701,701,701,701,701,701,701,701,701,701,701,701,701,701,701,701,701,701,701,701,701,701,701,701,701,701,701,701,701,701,701,701,701,701,701,701,701,701,701,701,701,701,701,701,701,701,701,701,701,701,701,701,701,701,701,701,701,701,701,701,701,701,701,701,701,701,701,701,701,701,701,701,701,701,701,701,701,701,701,701,701,701,701,701,701,701,701,701,701,701,701,701,701,701,701,701,701,701,701,701,701,701,701,701,701,701,701,701,701,701,701,701,701,701,701,701,701,701,701,701,701,701,701,701,701,701,701,701,701,701,701,701,701,701,701,701,701,701,701,701,701,701,701,701,701,101,101,101,101,101,101,101,101,101,101,101,101,101,101,101,101,101,101,101,101,101,101,101,101,101,101,101,101,101,101,101,101,101,101,101,101,101,101,101,101,101,101,101,101,101,101,101,101,101,101,101,101,101,101,101,101,101,101,101,101,101,101,101,101,101,101,101,101,101,101,101,101,101,101,101,101,101,101,101,101,101,101,101,101,101,101,101,101,101,101,101,101,101,101,101,101,101,101,101,101,101,101,101,101,101,101,101
101,101,101,101,101,101,101,101,101,101,101,101,101,101,101,101,701,701,701,701,701,701,701,701,701,701,701,701,701,701,701,701,701,701,701,701,701,701,701,701,701,701,701,701,701,701,701,701,701,701,701,701,701,701,701,701,701,701,701,701,701,701,701,701,701,701,701,701,701,701,701,701,701,701,701,701,701,701,701,701,701,701,701,701,701,701,701,701,701,701,701,701,701,701,701,701,701,701,701,701,701,701,701,701,701,701,701,701,701,701,701,701,701,701,701,701,701,701,701,701,701,701,701,701,701,701,701,701,701,701,701,701,701,701,701,701,701,701,701,701,701,701,701,701,701,701,701,701,701,701,701,701,701,701,701,701,701,701,701,701,701,701,701,701,701,701,701,701,701,701,701,701,701,701,701,701,701,701,701,701,701,701,701,701,701,701,701,701,701,701,701,701,701,701,701,701,701,701,701,701,701,701,701,701,701,701,701,701,701,701,701,701,701,701,701,701,701,701,701,701,701,701,701,701,701,701,701,701,701,701,701,701,701,701,701,701,701,701,701,701,701,701,701,701,701,701,701,701,701,701,701,701,101,101,101,101,101,101,101,101,101,101,101,101,101,101,101,101,101,101,101,101,101,101,101,101,101,101,101,101,101,101,101,101,101,101,101,101,101,101,101,101,101,101,101,101,101,101,101,101,101,101,101,101,101,101,101,101,101,101,101,101,101,101,101,101,101,101,101,101,101,101,101,101,101,101,101,101,101,101,101,101,101,101,101,101,101,101,101,101,101,101,101,101,101,101,101,101,101,101,101,101,101,101,101,101,101,101,101,101
101,101,101,101,101,101,101,101,101,101,101,101,101,101,101,101,701,701,701,701,701,701,701,701,701,701,701,701,701,701,701,701,701,701,701,701,701,701,701,701,701,701,701,701,701,701,701,701,701,701,701,701,701,701,701,701,701,701,701,701,701,701,701,701,701,701,701,701,701,701,701,701,701,701,701,701,701,701,701,701,701,701,701,701,701,701,701,701,701,701,701,701,701,701,701,701,701,701,701,701,701,701,701,701,701,701,701,701,701,701,701,701,701,701,701,701,701,701,701,701,701,701,701,701,701,701,701,701,701,701,701,701,701,701,701,701,701,701,701,701,701,701,701,701,701,701,701,701,701,701,701,701,701,701,701,701,701,701,701,701,701,701,701,701,701,701,701,701,701,701,701,701,701,701,701,701,701,701,701,701,701,701,701,701,701,701,701,701,701,701,701,701,701,701,701,701,701,701,701,701,701,701,701,701,701,701,701,701,701,701,701,701,701,701,701,701,701,701,701,701,701,701,701,701,701,701,701,701,701,701,701,701,701,701,701,701,701,701,701,701,701,701,701,701,701,701,701,701,701,701,701,101,101,101,101,101,101,101,101,101,101,101,101,101,101,101,101,101,101,101,101,101,101,101,101,101,101,101,101,101,101,101,101,101,101,101,101,101,101,101,101,101,101,101,101,101,101,101,101,101,101,101,101,101,101,101,101,101,101,101,101,101,101,101,101,101,101,101,101,101,101,101,101,101,101,101,101,101,101,101,101,101,101,101,101,101,101,101,101,101,101,101,101,101,101,101,101,101,101,101,101,101,101,101,101,101,101,101,101,101
101,101,101,101,101,101,101,101,101,101,101,101,101,101,101,101,701,701,701,701,701,701,701,701,701,701,701,701,701,701,701,701,701,701,701,701,701,701,701,701,701,701,701,701,701,701,701,701,701,701,701,701,701,701,701,701,701,701,701,701,701,701,701,701,701,701,701,701,701,701,701,701,701,701,701,701,701,701,701,701,701,701,701,701,701,701,701,701,701,701,701,701,701,701,701,701,701,701,701,701,701,701,701,701,701,701,701,701,701,701,701,701,701,701,701,701,701,701,701,701,701,701,701,701,701,701,701,701,701,701,701,701,701,701,701,701,701,701,701,701,701,701,701,701,701,701,701,701,701,701,701,701,701,701,701,701,701,701,701,701,701,701,701,701,701,701,701,701,701,701,701,701,701,701,701,701,701,701,701,701,701,701,701,701,701,701,701,701,701,701,701,701,701,701,701,701,701,701,701,701,701,701,701,701,701,701,701,701,701,701,701,701,701,701,701,701,701,701,701,701,701,701,701,701,701,701,701,701,701,701,701,701,701,701,701,701,701,701,701,701,701,701,701,701,701,701,701,701,701,701,701,101,101,101,101,101,101,101,101,101,101,101,101,101,101,101,101,101,101,101,101,101,101,101,101,101,101,101,101,101,101,101,101,101,101,101,101,101,101,101,101,101,101,101,101,101,101,101,101,101,101,101,101,101,101,101,101,101,101,101,101,101,101,101,101,101,101,101,101,101,101,101,101,101,101,101,101,101,101,101,101,101,101,101,101,101,101,101,101,101,101,101,101,101,101,101,101,101,101,101,101,101,101,101,101,101,101,101,101,101
101,101,101,101,101,101,101,101,101,101,101,101,101,101,101,101,701,701,701,701,701,701,701,701,701,701,701,701,701,701,701,701,701,701,701,701,701,701,701,701,701,701,701,701,701,701,701,701,701,701,701,701,701,701,701,701,701,701,701,701,701,701,701,701,701,701,701,701,701,701,701,701,701,701,701,701,701,701,701,701,701,701,701,701,701,701,701,701,701,701,701,701,701,701,701,701,701,701,701,701,701,701,701,701,701,701,701,701,701,701,701,701,701,701,701,701,701,701,701,701,701,701,701,701,701,701,701,701,701,701,701,701,701,701,701,701,701,701,701,701,701,701,701,701,701,701,701,701,701,701,701,701,701,701,701,701,701,701,701,701,701,701,701,701,701,701,701,701,701,701,701,701,701,701,701,701,701,701,701,701,701,701,701,701,701,701,701,701,701,701,701,701,701,701,701,701,701,701,701,701,701,701,701,701,701,701,701,701,701,701,701,701,701,701,701,701,701,701,701,701,701,701,701,701,701,701,701,701,701,701,701,701,701,701,701,701,701,701,701,701,701,701,701,701,701,701,701,701,701,701,101,101,101,101,101,101,101,101,101,101,101,101,101,101,101,101,101,101,101,101,101,101,101,101,101,101,101,101,101,101,101,101,101,101,101,101,101,101,101,101,101,101,101,101,101,101,101,101,101,101,101,101,101,101,101,101,101,101,101,101,101,101,101,101,101,101,101,101,101,101,101,101,101,101,101,101,101,101,101,101,101,101,101,101,101,101,101,101,101,101,101,101,101,101,101,101,101,101,101,101,101,101,101,101,101,101,101,101,101,101
101,101,101,101,101,101,101,101,101,101,101,101,101,101,101,101,701,701,701,701,701,701,701,701,701,701,701,701,701,701,701,701,701,701,701,701,701,701,701,701,701,701,701,701,701,701,701,701,701,701,701,701,701,701,701,701,701,701,701,701,701,701,701,701,701,701,701,701,701,701,701,701,701,701,701,701,701,701,701,701,701,701,701,701,701,701,701,701,701,701,701,701,701,701,701,701,701,701,701,701,701,701,701,701,701,701,701,701,701,701,701,701,701,701,701,701,701,701,701,701,701,701,701,701,701,701,701,701,701,701,701,701,701,701,701,701,701,701,701,701,701,701,701,701,701,701,701,701,701,701,701,701,701,701,701,701,701,701,701,701,701,701,701,701,701,701,701,701,701,701,701,701,701,701,701,701,701,701,701,701,701,701,701,701,701,701,701,701,701,701,701,701,701,701,701,701,701,701,701,701,701,701,701,701,701,701,701,701,701,701,701,701,701,701,701,701,701,701,701,701,701,701,701,701,701,701,701,701,701,701,701,701,701,701,701,701,701,701,701,701,701,701,701,701,701,701,701,701,701,101,101,101,101,101,101,101,101,101,101,101,101,101,101,101,101,101,101,101,101,101,101,101,101,101,101,101,101,101,101,101,101,101,101,101,101,101,101,101,101,101,101,101,101,101,101,101,101,101,101,101,101,101,101,101,101,101,101,101,101,101,101,101,101,101,101,101,101,101,101,101,101,101,101,101,101,101,101,101,101,101,101,101,101,101,101,101,101,101,101,101,101,101,101,101,101,101,101,101,101,101,101,101,101,101,101,101,101,101,101,101
101,101,101,101,101,101,101,101,101,101,101,101,101,101,101,101,701,701,701,701,701,701,701,701,701,701,701,701,701,701,701,701,701,701,701,701,701,701,701,701,701,701,701,701,701,701,701,701,701,701,701,701,701,701,701,701,701,701,701,701,701,701,701,701,701,701,701,701,701,701,701,701,701,701,701,701,701,701,701,701,701,701,701,701,701,701,701,701,701,701,701,701,701,701,701,701,701,701,701,701,701,701,701,701,701,701,701,701,701,701,701,701,701,701,701,701,701,701,701,701,701,701,701,701,701,701,701,701,701,701,701,701,701,701,701,701,701,701,701,701,701,701,701,701,701,701,701,701,701,701,701,701,701,701,701,701,701,701,701,701,701,701,701,701,701,701,701,701,701,701,701,701,701,701,701,701,701,701,701,701,701,701,701,701,701,701,701,701,701,701,701,701,701,701,701,701,701,701,701,701,701,701,701,701,701,701,701,701,701,701,701,701,701,701,701,701,701,701,701,701,701,701,701,701,701,701,701,701,701,701,701,701,701,701,701,701,701,701,701,701,701,701,701,701,701,701,701,701,101,101,101,101,101,101,101,101,101,101,101,101,101,101,101,101,101,101,101,101,101,101,101,101,101,101,101,101,101,101,101,101,101,101,101,101,101,101,101,101,101,101,101,101,101,101,101,101,101,101,101,101,101,101,101,101,101,101,101,101,101,101,101,101,101,101,101,101,101,101,101,101,101,101,101,101,101,101,101,101,101,101,101,101,101,101,101,101,101,101,101,101,101,101,101,101,101,101,101,101,101,101,101,101,101,101,101,101,101,101,101,101
101,101,101,101,101,101,101,101,101,101,101,101,101,101,101,101,98041,98041,98041,701,701,701,701,701,701,701,701,701,701,701,701,701,701,701,701,701,701,701,701,701,701,701,701,701,701,701,701,701,701,701,701,701,701,701,701,701,701,701,701,701,701,701,701,701,701,701,701,701,701,701,701,701,701,701,701,701,701,701,701,701,701,701,701,701,701,701,701,701,701,701,701,701,701,701,701,701,701,701,701,701,701,701,701,701,701,701,701,701,701,701,701,701,701,701,701,701,701,701,701,701,701,701,701,701,701,701,701,701,701,701,701,701,701,701,701,701,701,701,701,701,701,701,701,701,701,701,701,701,701,701,701,701,701,701,701,701,701,701,701,701,701,701,701,701,701,701,701,701,701,701,701,701,701,701,701,701,701,701,701,701,701,701,701,701,701,701,701,701,701,701,701,701,701,701,701,701,701,701,701,701,701,701,701,701,701,701,701,701,701,701,701,701,701,701,701,701,701,701,701,701,701,701,701,701,701,701,701,701,701,701,701,701,701,701,701,701,701,701,701,701,701,701,701,701,701,701,701,701,101,101,101,101,101,101,101,101,101,101,101,101,101,101,101,101,101,101,101,101,101,101,101,101,101,101,101,101,101,101,101,101,101,101,101,101,101,101,101,101,101,101,101,101,101,101,101,101,101,101,101,101,101,101,101,101,101,101,101,101,101,101,101,101,101,101,101,101,101,101,101,101,101,101,101,101,101,101,101,101,101,101,101,101,101,101,101,101,101,101,101,101,101,101,101,101,101,101,101,101,101,101,101,101,101,101,101,101,101,101,101,101
101,101,101,101,101,101,101,101,101,101,101,101,101,101,101,101,98041,98041,98041,98041,98041,701,701,701,701,701,701,701,701,701,701,701,701,701,701,701,701,701,701,701,701,701,701,701,701,701,701,701,701,701,701,701,701,701,701,701,701,701,701,701,701,701,701,701,701,701,701,701,701,701,701,701,701,701,701,701,701,701,701,701,701,701,701,701,701,701,701,701,701,701,701,701,701,701,701,701,701,701,701,701,701,701,701,701,701,701,701,701,701,701,701,701,701,701,701,701,701,701,701,701,701,701,701,701,701,701,701,701,701,701,701,701,701,701,701,701,701,701,701,701,701,701,701,701,701,701,701,701,701,701,701,701,701,701,701,701,701,701,701,701,701,701,701,701,701,701,701,701,701,701,701,701,701,701,701,701,701,701,701,701,701,701,701,701,701,701,701,701,701,701,701,701,701,701,701,701,701,701,701,701,701,701,701,701,701,701,701,701,701,701,701,701,701,701,701,701,701,701,701,701,701,701,701,701,701,701,701,701,701,701,701,701,701,701,701,701,701,701,701,701,701,701,701,701,701,701,701,101,101,101,101,101,101,101,101,101,101,101,101,101,101,101,101,101,101,101,101,101,101,101,101,101,101,101,101,101,101,101,101,101,101,101,101,101,101,101,101,101,101,101,101,101,101,101,101,101,101,101,101,101,101,101,101,101,101,101,101,101,101,101,101,101,101,101,101,101,101,101,101,101,101,101,101,101,101,101,101,101,101,101,101,101,101,101,101,101,101,101,101,101,101,101,101,101,101,101,101,101,101,101,101,101,101,101,101,101,101,101,101,101
101,101,101,101,101,101,101,101,101,101,101,101,101,101,101,101,98041,98041,98041,98041,98041,98041,98041,98041,701,701,701,701,701,701,701,701,701,701,701,701,701,701,701,701,701,701,701,701,701,701,701,701,701,701,701,701,701,701,701,701,701,701,701,701,701,701,701,701,701,701,701,701,701,701,701,701,701,701,701,701,701,701,701,701,701,701,701,701,701,701,701,701,701,701,701,701,701,701,701,701,701,701,701,701,701,701,701,701,701,701,701,701,701,701,701,701,701,701,701,701,701,701,701,701,701,701,701,701,701,701,701,701,701,701,701,701,701,701,701,701,701,701,701,701,701,701,701,701,701,701,701,701,701,701,701,701,701,701,701,701,701,701,701,701,701,701,701,701,701,701,701,701,701,701,701,701,701,701,701,701,701,701,701,701,701,701,701,701,701,701,701,701,701,701,701,701,701,701,701,701,701,701,701,701,701,701,701,701,701,701,701,701,701,701,701,701,701,701,701,701,701,701,701,701,701,701,701,701,701,701,701,701,701,701,701,701,701,701,701,701,701,701,701,701,701,701,701,701,701,701,101,101,101,101,101,101,101,101,101,101,101,101,101,101,101,101,101,101,101,101,101,101,101,101,101,101,101,101,101,101,101,101,101,101,101,101,101,101,101,101,101,101,101,101,101,101,101,101,101,101,101,101,101,101,101,101,101,101,101,101,101,101,101,101,101,101,101,101,101,101,101,101,101,101,101,101,101,101,101,101,101,101,101,101,101,101,101,101,101,101,101,101,101,101,101,101,101,101,101,101,101,101,101,101,101,101,101,101,101,101,101,101,101,101
101,101,101,101,101,101,101,101,101,101,101,101,101,101,101,101,98041,98041,98041,98041,98041,98041,98041,98041,98041,98041,701,701,701,701,701,701,701,701,701,701,701,701,701,701,701,701,701,701,701,701,701,701,701,701,701,701,701,701,701,701,701,701,701,701,701,701,701,701,701,701,701,701,701,701,701,701,701,701,701,701,701,701,701,701,701,701,701,701,701,701,701,701,701,701,701,701,701,701,701,701,701,701,701,701,701,701,701,701,701,701,701,701,701,701,701,701,701,701,701,701,701,701,701,701,701,701,701,701,701,701,701,701,701,701,701,701,701,701,701,701,701,701,701,701,701,701,701,701,701,701,701,701,701,701,701,701,701,701,701,701,701,701,701,701,701,701,701,701,701,701,701,701,701,701,701,701,701,701,701,701,701,701,701,701,701,701,701,701,701,701,701,701,701,701,701,701,701,701,701,701,701,701,701,701,701,701,701,701,701,701,701,701,701,701,701,701,701,701,701,701,701,701,701,701,701,701,701,701,701,701,701,701,701,701,701,701,701,701,701,701,701,701,701,701,701,701,701,701,701,701,101,101,101,101,101,101,101,101,101,101,101,101,101,101,101,101,101,101,101,101,101,101,101,101,101,101,101,101,101,101,101,101,101,101,101,101,101,101,101,101,101,101,101,101,101,101,101,101,101,101,101,101,101,101,101,101,101,101,101,101,101,101,101,101,101,101,101,101,101,101,101,101,101,101,101,101,101,101,101,101,101,101,101,101,101,101,101,101,101,101,101,101,101,101,101,101,101,101,101,101,101,101,101,101,101,101,101,101,101,101,101,101,101,101
101,101,101,101,101,101,101,101,101,101,101,101,101,101,101,101,98041,98041,98041,98041,98041,98041,98041,98041,98041,98041,98041,98041,701,701,701,701,701,701,701,701,701,701,701,701,701,701,701,701,701,701,701,701,701,701,701,701,701,701,701,701,701,701,701,701,701,701,701,701,701,701,701,701,701,701,701,701,701,701,701,701,701,701,701,701,701,701,701,701,701,701,701,701,701,701,701,701,701,701,701,701,701,701,701,701,701,701,701,701,701,701,701,701,701,701,701,701,701,701,701,701,701,701,701,701,701,701,701,701,701,701,701,701,701,701,701,701,701,701,701,701,701,701,701,701,701,701,701,701,701,701,701,701,701,701,701,701,701,701,701,701,701,701,701,701,701,701,701,701,701,701,701,701,701,701,701,701,701,701,701,701,701,701,701,701,701,701,701,701,701,701,701,701,701,701,701,701,701,701,701,701,701,701,701,701,701,701,701,701,701,701,701,701,701,701,701,701,701,701,701,701,701,701,701,701,701,701,701,701,701,701,701,701,701,701,701,701,701,701,701,701,701,701,701,701,701,701,701,701,701,101,101,101,101,101,101,101,101,101,101,101,101,101,101,101,101,101,101,101,101,101,101,101,101,101,101,101,101,101,101,101,101,101,101,101,101,101,101,101,101,101,101,101,101,101,101,101,101,101,101,101,101,101,101,101,101,101,101,101,101,101,101,101,101,101,101,101,101,101,101,101,101,101,101,101,101,101,101,101,101,101,101,101,101,101,101,101,101,101,101,101,101,101,101,101,101,101,101,101,101,101,101,101,101,101,101,101,101,101,101,101,101,101,101,101
101,101,101,101,101,101,101,101,101,101,101,101,101,101,101,101,98041,98041,98041,98041,98041,98041,98041,98041,98041,98041,98041,98041,98041,98041,701,701,701,701,701,701,701,701,701,701,701,701,701,701,701,701,701,701,701,701,701,701,701,701,701,701,701,701,701,701,701,701,701,701,701,701,701,701,701,701,701,701,701,701,701,701,701,701,701,701,701,701,701,701,701,701,701,701,701,701,701,701,701,701,701,701,701,701,701,701,701,701,701,701,701,701,701,701,701,701,701,701,701,701,701,701,701,701,701,701,701,701,701,701,701,701,701,701,701,701,701,701,701,701,701,701,701,701,701,701,701,701,701,701,701,701,701,701,701,701,701,701,701,701,701,701,701,701,701,701,701,701,701,701,701,701,701,701,701,701,701,701,701,701,701,701,701,701,701,701,701,701,701,701,701,701,701,701,701,701,701,701,701,701,701,701,701,701,701,701,701,701,701,701,701,701,701,701,701,701,701,701,701,701,701,701,701,701,701,701,701,701,701,701,701,701,701,701,701,701,701,701,701,701,701,701,701,701,701,701,701,701,701,701,101,101,101,101,101,101,101,101,101,101,101,101,101,101,101,101,101,101,101,101,101,101,101,101,101,101,101,101,101,101,101,101,101,101,101,101,101,101,101,101,101,101,101,101,101,101,101,101,101,101,101,101,101,101,101,101,101,101,101,101,101,101,101,101,101,101,101,101,101,101,101,101,101,101,101,101,101,101,101,101,101,101,101,101,101,101,101,101,101,101,101,101,101,101,101,101,101,101,101,101,101,101,101,101,101,101,101,101,101,101,101,101,101,101,101,101
101,101,101,101,101,101,101,101,101,101,101,101,101,101,101,101,98041,98041,98041,98041,98041,98041,98041,98041,98041,98041,98041,98041,98041,98041,98041,701,701,701,701,701,701,701,701,701,701,701,701,701,701,701,701,701,701,701,701,701,701,701,701,701,701,701,701,701,701,701,701,701,701,701,701,701,701,701,701,701,701,701,701,701,701,701,701,701,701,701,701,701,701,701,701,701,701,701,701,701,701,701,701,701,701,701,701,701,701,701,701,701,701,701,701,701,701,701,701,701,701,701,701,701,701,701,701,701,701,701,701,701,701,701,701,701,701,701,701,701,701,701,701,701,701,701,701,701,701,701,701,701,701,701,701,701,701,701,701,701,701,701,701,701,701,701,701,701,701,701,701,701,701,701,701,701,701,701,701,701,701,701,701,701,701,701,701,701,701,701,701,701,701,701,77521,701,701,701,701,701,701,701,701,701,701,701,701,701,701,701,701,701,701,701,701,701,701,701,701,701,701,701,701,701,701,701,701,701,701,701,701,701,701,701,701,701,701,701,701,701,701,701,701,701,701,701,701,701,701,701,701,701,101,101,101,101,101,101,101,101,101,101,101,101,101,101,101,101,101,101,101,101,101,101,101,101,101,101,101,101,101,101,101,101,101,101,101,101,101,101,101,101,101,101,101,101,101,101,101,101,101,101,101,101,101,101,101,101,101,101,101,101,101,101,101,101,101,101,101,101,101,101,101,101,101,101,101,101,101,101,101,101,101,101,101,101,101,101,101,101,101,101,101,101,101,101,101,101,101,101,101,101,101,101,101,101,101,101,101,101,101,101,101,101,101,101,101,101
101,101,101,101,101,101,101,101,101,101,101,101,101,101,101,101,98041,98041,98041,98041,98041,98041,98041,98041,98041,98041,98041,98041,98041,98041,98041,98041,701,701,701,701,701,701,701,701,701,701,701,701,701,701,701,701,701,701,701,701,701,701,701,701,701,701,701,701,701,701,701,701,701,701,701,701,701,701,701,701,701,701,701,701,701,701,701,701,701,701,701,701,701,701,701,701,701,701,701,701,701,701,701,701,701,701,701,701,701,701,701,701,701,701,701,701,701,701,701,701,701,701,701,701,701,701,701,701,701,701,701,701,701,701,701,701,701,701,701,701,701,701,701,701,701,701,701,701,701,701,701,701,701,701,701,701,701,701,701,701,701,701,701,701,701,701,701,701,701,701,701,701,701,701,701,701,701,701,701,701,701,701,701,701,701,701,701,701,701,701,701,701,77521,77521,77521,701,701,701,701,701,701,701,701,701,701,701,701,701,701,701,701,701,701,701,701,701,701,701,701,701,701,701,701,701,701,701,701,701,701,701,701,701,701,701,701,701,701,701,701,701,701,701,701,701,701,701,701,701,701,701,701,101,101,101,101,101,101,101,101,101,101,101,101,101,101,101,101,101,101,101,101,101,101,101,101,101,101,101,101,101,101,101,101,101,101,101,101,101,101,101,101,101,101,101,101,101,101,101,101,101,101,101,101,101,101,101,101,101,101,101,101,101,101,101,101,101,101,101,101,101,101,101,101,101,101,101,101,101,101,101,101,101,101,101,101,101,101,101,101,101,101,101,101,101,101,101,101,101,101,101,101,101,101,101,101,101,101,101,101,101,101,101,101,101,101,101,101,101
101,101,101,101,101,101,101,101,101,101,101,101,101,101,101,98041,98041,98041,98041,98041,98041,98041,98041,98041,98041,98041,98041,98041,98041,98041,98041,98041,98041,98041,98041,701,701,701,701,701,701,701,701,701,701,701,701,701,701,701,701,701,701,701,701,701,701,701,701,701,701,701,701,701,701,701,701,701,701,701,701,701,701,701,701,701,701,701,701,701,701,701,701,701,701,701,701,701,701,701,701,701,701,701,701,701,701,701,701,701,701,701,701,701,701,701,701,701,701,701,701,701,701,701,701,701,701,701,701,701,701,701,701,701,701,701,701,701,701,701,701,701,701,701,701,701,701,701,701,701,701,701,701,701,701,701,701,701,701,701,701,701,701,701,701,701,701,701,701,701,701,701,701,701,701,701,701,701,701,701,701,701,701,701,701,701,701,701,701,701,701,701,701,77521,77521,77521,77531,701,701,701,701,701,701,701,701,701,701,701,701,701,701,701,701,701,701,701,701,701,701,701,701,701,701,701,701,701,701,701,701,701,701,701,701,701,701,701,701,701,701,701,701,701,701,701,701,701,701,701,701,701,701,701,701,101,101,101,101,101,101,101,101,101,101,101,101,101,101,101,101,101,101,101,101,101,101,101,101,101,101,101,101,101,101,101,101,101,101,101,101,101,101,101,101,101,101,101,101,101,101,101,101,101,101,101,101,101,101,101,101,101,101,101,101,101,101,101,101,101,101,101,101,101,101,101,101,101,101,101,101,101,101,101,101,101,101,101,101,101,101,101,101,101,101,101,101,101,101,101,101,101,101,101,101,101,101,101,101,101,101,101,101,101,101,101,101,101,101,101,101,101
101,101,101,101,101,101,101,101,101,101,101,101,101,101,101,98041,98041,98041,98041,98041,98041,98041,98041,98041,98041,98041,98041,98041,98041,98041,98041,98041,98041,98041,98041,98041,98041,98041,701,701,701,701,701,701,701,701,701,701,701,701,701,701,701,701,701,701,701,701,701,701,701,701,701,701,701,701,701,701,701,701,701,701,701,701,701,701,701,701,701,701,701,701,701,701,701,701,701,701,701,701,701,701,701,701,701,701,701,701,701,701,701,701,701,701,701,701,701,701,701,701,701,701,701,701,701,701,701,701,701,701,701,701,701,701,701,701,701,701,701,701,701,701,701,701,701,701,701,701,701,701,701,701,701,701,701,701,701,701,701,701,701,701,701,701,701,701,701,701,701,701,701,701,701,701,701,701,701,701,701,701,701,701,701,701,701,701,701,701,701,701,701,77521,77521,77521,77521,77521,77531,77531,701,701,701,701,701,701,701,701,701,701,701,701,701,701,701,701,701,701,701,701,701,701,701,701,701,701,701,701,701,701,701,701,701,701,701,701,701,701,701,701,701,701,701,701,701,701,701,701,701,701,701,701,701,701,101,101,101,101,101,101,101,101,101,101,101,101,101,101,101,101,101,101,101,101,101,101,101,101,101,101,101,101,101,101,101,101,101,101,101,101,101,101,101,101,101,101,101,101,101,101,101,101,101,101,101,101,101,101,101,101,101,101,101,101,101,101,101,101,101,101,101,101,101,101,101,101,101,101,101,101,101,101,101,101,101,101,101,101,101,101,101,101,101,101,101,101,101,101,101,101,101,101,101,101,101,101,101,101,101,101,101,101,101,101,101,101,101,101,101,101,101,101
101,101,101,101,101,101,101,101,101,101,101,101,101,101,101,98041,98041,98041,98041,98041,98041,98041,98041,98041,98041,98041,98041,98041,98041,98041,98041,98041,98041,98041,98041,98041,98041,98041,98041,98041,701,701,701,701,701,701,701,701,701,701,701,701,701,701,701,701,701,701,701,701,701,701,701,701,701,701,701,701,701,701,701,701,701,701,701,701,701,701,701,701,701,701,701,701,701,701,701,701,701,701,701,701,701,701,701,701,701,701,701,701,701,701,701,701,701,701,701,701,701,701,701,701,701,701,701,701,701,701,701,701,701,701,701,701,701,701,701,701,701,701,701,701,701,701,701,701,701,701,701,701,701,701,701,701,701,701,701,701,701,701,701,701,701,701,701,701,701,701,701,701,701,701,701,701,701,701,701,701,701,701,701,701,701,701,701,701,701,701,701,701,77521,77521,77521,77521,77521,77521,77531,77531,77531,701,701,701,701,701,701,701,701,701,701,701,701,701,701,701,701,701,701,701,701,701,701,701,701,701,701,701,701,701,701,701,701,701,701,701,701,701,701,701,701,701,701,701,701,701,701,701,701,701,701,701,701,701,101,101,101,101,101,101,101,101,101,101,101,101,101,101,101,101,101,101,101,101,101,101,101,101,101,101,101,101,101,101,101,101,101,101,101,101,101,101,101,101,101,101,101,101,101,101,101,101,101,101,101,101,101,101,101,101,101,101,101,101,101,101,101,101,101,101,101,101,101,101,101,101,101,101,101,101,101,101,101,101,101,101,101,101,101,101,101,101,101,101,101,101,101,101,101,101,101,101,101,101,101,101,101,101,101,101,101,101,101,101,101,101,101,101,101,101,101,101
101,101,101,101,101,101,101,101,101,101,101,101,101,101,101,98041,98041,98041,98041,98041,98041,98041,98041,98041,98041,98041,98041,98041,98041,98041,98041,98041,98041,98041,98041,98041,98041,98041,98041,98041,98041,98041,98041,701,701,701,701,701,701,701,701,701,701,701,701,701,701,701,701,701,701,701,701,701,701,701,701,701,701,701,701,701,701,701,701,701,701,701,701,701,701,701,701,701,701,701,701,701,701,701,701,701,701,701,701,701,701,701,701,701,701,701,701,701,701,701,701,701,701,701,701,701,701,701,701,701,701,701,701,701,701,701,701,701,701,701,701,701,701,701,701,701,701,701,701,701,701,701,701,701,701,701,701,701,701,701,701,701,701,701,701,701,701,701,701,701,701,701,701,701,701,701,701,701,701,701,701,701,701,701,701,701,701,701,701,701,701,701,77521,77521,77521,77521,77521,77521,77521,77521,77531,77531,77531,701,701,701,701,701,701,701,701,701,701,701,701,701,701,701,701,701,701,701,701,701,701,701,701,701,701,701,701,701,701,701,701,701,701,701,701,701,701,701,701,701,701,701,701,701,701,701,701,701,701,701,701,701,101,101,101,101,101,101,101,101,101,101,101,101,101,101,101,101,101,101,101,101,101,101,101,101,101,101,101,101,101,101,101,101,101,101,101,101,101,101,101,101,101,101,101,101,101,101,101,101,101,101,101,101,101,101,101,101,101,101,101,101,101,101,101,101,101,101,101,101,101,101,101,101,101,101,101,101,101,101,101,101,101,101,101,101,101,101,101,101,101,101,101,101,101,101,101,101,101,101,101,101,101,101,101,101,101,101,101,101,101,101,101,101,101,101,101,101,101,101
101,101,101,101,101,101,101,101,101,101,101,101,101,101,101,98041,98041,98041,98041,98041,98041,98041,98041,98041,98041,98041,98041,98041,98041,98041,98041,98041,98041,98041,98041,98041,98041,98041,98041,98041,98041,98041,98041,98041,98041,701,701,701,701,701,701,701,701,701,701,701,701,701,701,701,701,701,701,701,701,701,701,701,701,701,701,701,701,701,701,701,701,701,701,701,701,701,701,701,701,701,701,701,701,701,701,701,701,701,701,701,701,701,701,701,701,701,701,701,701,701,701,701,701,701,701,701,701,701,701,701,701,701,701,701,701,701,701,701,701,701,701,701,701,701,701,701,701,701,701,701,701,701,701,701,701,701,701,701,701,701,701,701,701,701,701,701,701,701,701,701,701,701,701,701,701,701,701,701,701,701,701,701,701,701,77521,77521,77521,77521,77521,77521,77521,77521,77521,77521,77521,77521,77521,77521,77521,77521,77531,77531,701,701,701,701,701,701,701,701,701,701,701,701,701,701,701,701,701,701,701,701,701,701,701,701,701,701,701,701,701,701,701,701,701,701,701,701,701,701,701,701,701,701,701,701,701,701,701,701,701,701,701,701,701,701,101,101,101,101,101,101,101,101,101,101,101,101,101,101,101,101,101,101,101,101,101,101,101,101,101,101,101,101,101,101,101,101,101,101,101,101,101,101,101,101,101,101,101,101,101,101,101,101,101,101,101,101,101,101,101,101,101,101,101,101,101,101,101,101,101,101,101,101,101,101,101,101,101,101,101,101,101,101,101,101,101,101,101,101,101,101,101,101,101,101,101,101,101,101,101,101,101,101,101,101,101,101,101,101,101,101,101,101,101,101,101,101,101,101,101,101,101,101
101,101,101,101,101,101,101,101,101,101,101,101,101,101,101,98041,98041,98041,98041,98041,98041,98041,98041,98041,98041,98041,98041,98041,98041,98041,98041,98041,98041,98041,98041,98041,98041,98041,98041,98041,98041,98041,98041,98041,98041,98041,98041,98041,580,580,580,580,580,580,580,580,580,701,701,701,701,701,701,701,701,701,701,701,701,701,701,701,701,701,701,701,701,701,701,701,701,701,701,701,701,701,701,701,701,701,701,701,701,701,701,701,701,701,701,701,701,701,701,701,701,701,701,701,701,701,701,701,701,701,701,701,701,701,701,701,701,701,701,701,701,701,701,701,701,701,701,701,701,701,701,701,701,701,701,701,701,701,701,701,701,701,701,701,701,701,701,701,701,701,701,701,701,701,701,701,701,701,701,701,701,701,701,701,77521,77521,77521,77521,77521,77521,77521,77521,77521,77521,77521,77521,77521,77521,77521,77521,77521,77531,77531,77531,701,701,701,701,701,701,701,701,701,701,701,701,701,701,701,701,701,701,701,701,701,701,701,701,701,701,701,701,701,701,701,701,701,701,701,701,701,701,701,701,701,701,701,701,701,701,701,701,701,701,701,701,701,701,101,101,101,101,101,101,101,101,101,101,101,101,101,101,101,101,101,101,101,101,101,101,101,101,101,801,801,801,801,101,101,101,101,101,101,101,101,101,101,101,101,101,101,101,101,101,101,101,101,101,101,101,101,101,101,101,101,101,101,101,101,101,101,101,101,101,101,101,101,101,101,101,101,101,101,101,101,101,101,101,101,101,101,101,101,101,101,101,101,101,101,101,101,101,101,101,101,101,101,101,101,101,101,101,101,101,101,101,101,101,101,101,101,101,101,101,101,101
101,101,101,101,101,101,101,101,101,101,101,101,101,101,98041,98041,98041,98041,98041,98041,98041,98041,98041,98041,98041,98041,98041,98041,98041,98041,98041,98041,98041,98041,98041,98041,98041,98041,98041,98041,98041,98041,98041,98041,98041,98041,98041,98041,580,580,580,580,580,580,580,580,580,701,701,701,701,701,701,701,701,701,701,701,701,701,701,701,701,701,701,701,701,701,701,701,701,701,701,701,701,701,701,701,701,701,701,701,701,701,701,701,701,701,701,701,701,701,701,701,701,701,701,701,701,701,701,701,701,701,701,701,701,701,701,701,701,701,701,701,701,701,701,701,701,701,701,701,701,701,701,701,701,701,701,701,701,701,701,701,701,701,701,701,701,701,701,701,701,701,701,701,701,701,701,701,701,701,701,701,701,701,701,77521,77521,77521,77521,77521,77521,77521,77521,77521,77521,77521,77521,77521,77521,77521,77521,77521,77521,77531,77531,77531,701,701,701,701,701,701,701,701,701,701,701,701,701,701,701,701,701,701,701,701,701,701,701,701,701,701,701,701,701,701,701,701,701,701,701,701,701,701,701,701,701,701,701,701,701,701,701,701,701,701,701,701,701,701,101,101,101,101,101,101,101,101,101,101,101,101,101,101,101,101,101,101,101,101,101,101,101,101,101,801,801,801,801,101,101,101,101,101,101,101,101,101,101,101,101,101,101,101,101,101,101,101,101,101,101,101,101,101,101,101,101,101,101,101,101,101,101,101,101,101,101,101,101,101,101,101,101,101,101,101,101,101,101,101,101,101,101,101,101,101,101,101,101,101,101,101,101,101,101,101,101,101,101,101,101,101,101,101,101,101,101,101,101,101,101,101,101,101,101,101,101,101
101,101,101,101,101,101,101,101,101,101,101,101,101,101,98041,98041,98041,98041,98041,98041,98041,98041,98041,98041,98041,98041,98041,98041,98041,98041,98041,98041,98041,98041,98041,98041,98041,98041,98041,98041,98041,98041,98041,98041,98041,98041,98041,98041,580,580,580,580,580,580,580,580,580,701,701,701,701,701,701,701,701,701,701,701,701,701,701,701,701,701,701,701,701,701,701,701,701,701,701,701,701,701,701,701,701,701,701,701,701,701,701,701,701,701,701,701,701,701,701,701,701,701,701,701,701,701,701,701,701,701,701,701,701,701,701,701,701,701,701,701,701,701,701,701,701,701,701,701,701,701,701,701,701,701,701,701,701,701,701,701,701,701,701,701,701,701,701,701,701,701,701,701,701,701,701,701,701,701,701,701,701,77521,77521,77521,77521,77521,77521,77521,77521,77521,77521,77521,77521,77521,77521,77521,77521,77521,77521,77521,77521,77521,77531,77531,77531,77531,701,701,701,701,701,701,701,701,701,701,701,701,701,701,701,701,701,701,701,701,701,701,701,701,701,701,701,701,701,701,701,701,701,701,701,701,701,701,701,701,701,701,701,701,701,701,701,701,701,701,701,101,101,101,101,101,101,101,101,101,101,101,101,101,101,101,101,101,101,101,101,101,101,101,101,101,101,801,801,801,801,801,101,101,101,101,101,101,101,101,101,101,101,101,101,101,101,101,101,101,101,101,101,101,101,101,101,101,101,101,101,101,101,101,101,101,101,101,101,101,101,101,101,101,101,101,101,101,101,101,101,101,101,101,101,101,101,101,101,101,101,101,101,101,101,101,101,101,101,101,101,101,101,101,101,101,101,101,101,101,101,101,101,101,101,101,101,101,101,101
101,101,101,101,101,101,101,101,101,101,101,101,101,101,98041,98041,98041,98041,98041,98041,98041,98041,98041,98041,98041,98041,98041,98041,98041,98041,98041,98041,98041,98041,98041,98041,98041,98041,98041,98041,98041,98041,98041,98041,98041,98041,98041,98041,580,580,580,580,580,580,580,580,580,580,580,580,580,580,580,580,580,580,580,580,580,580,580,701,701,701,701,701,701,701,701,701,701,701,701,701,701,701,701,701,701,701,701,701,701,701,701,701,701,701,701,701,701,701,701,701,701,701,701,701,701,701,701,701,701,701,701,701,701,701,701,701,701,701,701,701,701,701,701,701,701,701,701,701,701,701,701,701,701,701,701,701,701,701,701,701,701,701,701,701,701,701,701,701,701,701,701,701,701,701,701,701,701,701,701,77521,77521,77521,77521,77521,77521,77521,77521,77521,77521,77521,77521,77521,77521,77521,77521,77521,77521,77521,77521,77521,77521,77521,77531,77531,77531,77531,77531,77531,701,701,701,701,701,701,701,701,701,701,701,701,701,701,701,701,701,701,701,701,701,701,701,701,701,701,701,701,701,701,701,701,701,701,701,701,701,701,701,701,701,701,701,701,701,701,701,701,701,701,701,701,701,701,101,101,101,101,101,101,101,101,101,101,101,101,101,101,101,101,101,101,101,101,101,801,801,801,801,801,101,101,101,101,101,101,101,101,101,101,101,101,101,101,101,101,101,101,101,101,101,101,101,101,101,101,101,101,101,101,101,101,101,101,101,101,101,101,101,101,101,101,101,101,101,101,101,101,101,101,101,101,101,101,101,101,101,101,101,101,101,101,101,101,101,101,101,101,101,101,101,101,101,101,101,101,101,101,101,101,101,101,101,101,101,101,101,101
101,101,101,101,101,101,101,101,101,101,101,101,101,101,98041,98041,98041,98041,98041,98041,98041,98041,98041,98041,98041,98041,98041,98041,98041,98041,98041,98041,98041,98041,98041,98041,98041,98041,98041,98041,98041,98041,98041,98041,98041,98041,98041,98041,580,580,580,580,580,580,580,580,580,580,580,580,580,580,580,580,580,580,580,580,580,580,580,580,580,580,580,580,580,580,580,580,580,580,701,701,701,701,701,701,701,701,701,701,701,701,701,701,701,701,701,701,701,701,701,701,701,701,701,701,701,701,701,701,701,701,701,701,701,701,701,701,701,701,701,701,701,701,701,701,701,701,701,701,701,701,701,701,701,701,701,701,701,701,701,701,701,701,701,701,701,701,701,701,701,701,701,701,701,701,701,701,701,77521,77521,77521,77521,77521,77521,77521,77521,77521,77521,77521,77521,77521,77521,77521,77521,77521,77521,77521,77521,77521,77521,77521,77521,77531,77531,77531,77531,77531,77531,77531,77531,77531,701,701,701,701,701,701,701,701,701,701,701,701,701,701,701,701,701,701,701,701,701,701,701,701,701,701,701,701,701,701,701,701,701,701,701,701,701,701,701,701,701,701,701,701,701,701,701,701,701,701,701,701,701,101,101,101,101,101,101,101,101,101,101,101,101,101,101,101,101,101,101,101,101,801,801,801,801,801,101,101,101,101,101,101,101,101,101,101,101,101,101,101,101,101,101,101,101,101,101,101,101,101,101,101,101,101,101,101,101,101,101,101,101,101,101,101,101,101,101,101,101,101,101,101,101,101,101,101,101,101,101,101,101,101,101,101,101,101,101,101,101,101,101,101,101,101,101,101,101,101,101,101,101,101,101,101,101,101,101,101,101,101,101,101,101,101
101,101,101,101,101,101,101,101,101,101,101,101,101,101,98041,98041,98041,98041,98041,98041,98041,98041,98041,98041,98041,98041,98041,98041,98041,98041,98041,98041,98041,98041,98041,98041,98041,98041,98041,98041,98041,98041,98041,98041,98041,98041,98041,98041,580,580,580,580,580,580,580,580,580,580,580,580,580,580,580,580,580,580,580,580,580,580,580,580,580,580,580,580,580,580,580,580,580,580,580,580,580,701,701,701,701,701,701,701,701,701,701,701,701,701,701,701,701,701,701,701,701,701,701,701,701,701,701,701,701,701,701,701,701,701,701,701,701,701,701,701,701,701,701,701,701,701,701,701,701,701,701,701,701,701,701,701,701,701,701,701,701,701,701,701,701,701,701,701,701,701,701,701,701,701,701,701,701,77521,77521,77521,77521,77521,77521,77521,77521,77521,77521,77521,77521,77521,77521,77521,77521,77521,77521,77521,77521,77521,77521,77521,77521,77531,77531,77531,77531,77531,77531,77531,77531,77531,77531,77531,701,701,701,701,701,701,701,701,701,701,701,701,701,701,701,701,701,701,701,701,701,701,701,701,701,701,701,701,701,701,701,701,701,701,701,701,701,701,701,701,701,701,701,701,701,701,701,701,701,701,701,701,701,701,701,701,801,801,801,801,101,101,101,101,101,101,101,101,101,101,101,801,801,801,801,801,101,101,101,101,101,101,101,101,101,101,101,101,101,101,101,101,101,101,101,101,101,101,101,101,101,101,101,101,101,101,101,101,101,101,101,101,101,101,101,101,101,101,101,101,101,101,101,101,101,101,101,101,101,101,101,101,101,101,101,101,101,101,101,101,101,101,101,101,101,101,101,101,101,101,101,101,101,101,101,101,101,101,101,101,101,101,101,101
101,101,101,101,101,101,101,101,101,101,101,101,101,98041,98041,98041,98041,98041,98041,98041,98041,98041,98041,98041,98041,98041,98041,98041,98041,98041,98041,98041,98041,98041,98041,98041,98041,98041,98041,98041,98041,98041,98041,98041,98041,98041,98041,580,580,580,580,580,580,580,580,580,580,580,580,580,580,580,580,580,580,580,580,580,580,580,580,580,580,580,580,580,580,580,580,580,580,580,580,580,580,701,701,701,701,701,701,701,701,701,701,701,701,701,701,701,701,701,701,701,701,701,701,701,701,701,701,701,701,701,701,701,701,701,701,701,701,701,701,701,701,701,701,701,701,701,701,701,701,701,701,701,701,701,701,701,701,701,701,701,701,701,701,701,701,701,701,701,701,701,701,701,701,701,701,701,701,77521,77521,77521,77521,77521,77521,77521,77521,77521,77521,77521,77521,77521,77521,77521,77521,77521,77521,77521,77521,77521,77521,77521,77521,77531,77531,77531,77531,77531,77531,77531,77531,77531,77531,77531,77531,701,701,701,701,701,701,701,701,701,701,701,701,701,701,701,701,701,701,701,701,701,701,701,701,701,701,701,701,701,701,701,701,701,701,701,701,701,701,701,701,701,701,701,701,701,701,701,701,701,701,701,701,701,701,801,801,801,801,801,801,801,801,801,801,801,801,801,801,801,801,801,801,801,801,801,101,101,101,101,101,101,101,101,101,101,101,101,101,101,101,101,101,101,101,101,101,101,101,101,101,101,101,101,101,101,101,101,101,101,101,101,101,101,101,101,101,101,101,101,101,101,101,101,101,101,101,101,101,101,101,101,101,101,101,101,101,101,101,101,101,101,101,101,101,101,101,101,101,101,101,101,101,101,101,101,101,101,101,101,101,101,101,101
101,101,101,101,101,101,101,101,101,101,101,101,101,98041,98041,98041,98041,98041,98041,98041,98041,98041,98041,98041,98041,98041,98041,98041,98041,98041,98041,98041,98041,98041,98041,98041,98041,98041,98041,98041,98041,98041,98041,98041,98041,98041,98041,580,580,580,580,580,580,580,580,580,580,580,580,580,580,580,580,580,580,580,580,580,580,580,580,580,580,580,580,580,580,580,580,580,580,580,580,580,580,701,701,701,701,701,701,701,701,701,701,701,701,701,701,701,701,701,701,701,701,701,701,701,701,701,701,701,701,701,701,701,701,701,701,701,701,701,701,701,701,701,701,701,701,701,701,701,701,701,701,701,701,701,701,701,701,701,701,701,701,701,701,701,701,701,701,701,701,701,701,701,701,701,701,701,701,77521,77521,77521,77521,77521,77521,77521,77521,77521,77521,77521,77521,77521,77521,77521,77521,77521,77521,77521,77521,77521,77521,77521,77521,77531,77531,77531,77531,77531,77531,77531,77531,77531,77531,77531,77531,77531,701,701,701,701,701,701,701,701,701,701,701,701,701,701,701,701,701,701,701,701,701,701,701,701,701,701,701,701,701,701,701,701,701,701,701,701,701,701,701,701,701,701,701,701,701,701,701,701,701,701,701,701,701,801,801,801,801,801,801,801,801,801,801,801,801,801,801,801,801,801,801,801,801,801,101,101,101,101,101,101,101,101,101,101,101,101,101,101,101,101,101,101,101,101,101,101,101,101,101,101,101,101,101,101,101,101,101,101,101,101,101,101,101,101,101,101,101,101,101,101,101,101,101,101,101,101,101,101,101,101,101,101,101,101,101,101,101,101,101,101,101,101,101,101,101,101,101,101,101,101,101,101,101,101,101,101,101,101,101,101,101,101
101,101,101,101,101,101,101,101,101,101,101,101,98041,98041,98041,98041,98041,98041,98041,98041,98041,98041,98041,98041,98041,98041,98041,98041,98041,98041,98041,98041,98041,98041,98041,98041,98041,98041,98041,98041,98041,98041,98041,98041,98041,98041,98041,580,580,580,580,580,580,580,580,580,580,580,580,580,580,580,580,580,580,580,580,580,580,580,580,580,580,580,580,580,580,580,580,580,580,580,580,580,580,701,701,701,701,701,701,701,701,701,701,701,701,701,701,701,701,701,701,701,701,701,701,701,701,701,701,701,701,701,701,701,701,701,701,701,701,701,701,701,701,701,701,701,701,701,701,701,701,701,701,701,701,701,701,701,701,701,701,701,701,701,701,701,701,701,701,701,701,701,701,701,701,701,701,701,701,77521,77521,77521,77521,77521,77521,77521,77521,77521,77521,77521,77521,77521,77521,77521,77521,77521,77521,77521,77521,77521,77521,77521,77521,77531,77531,77531,77531,77531,77531,77531,77531,77531,77531,77531,77531,77531,77531,701,701,701,701,701,701,701,701,701,701,701,701,701,701,701,701,701,701,701,701,701,701,701,701,701,701,701,701,701,701,701,701,701,701,701,701,701,701,701,701,701,701,701,701,701,701,701,701,701,701,701,801,801,801,801,801,801,801,801,801,801,801,801,801,801,801,801,801,801,801,801,801,801,101,101,101,101,101,101,101,101,101,101,101,101,101,101,101,101,101,101,101,101,101,101,101,101,101,101,101,101,101,101,101,101,101,101,101,101,101,101,101,101,101,101,101,101,101,101,101,101,101,101,101,101,101,101,101,101,101,101,101,101,101,101,101,101,101,101,101,101,101,101,101,101,101,101,101,101,101,101,101,101,101,101,101,101,101,101,101,101
101,101,101,101,101,101,101,101,101,101,101,98041,98041,98041,98041,98041,98041,98041,98041,98041,98041,98041,98041,98041,98041,98041,98041,98041,98041,98041,98041,98041,98041,98041,98041,98041,98041,98041,98041,98041,98041,98041,98041,98041,98041,98041,98041,580,580,580,580,580,580,580,580,580,580,580,580,580,580,580,580,580,580,580,580,580,580,580,580,580,580,580,580,580,580,580,580,580,580,580,580,580,580,701,701,701,701,701,701,701,701,701,701,701,701,701,701,701,701,701,701,701,701,701,701,701,701,701,701,701,701,701,701,701,701,701,701,701,701,701,701,701,701,701,701,701,701,701,701,701,701,701,701,701,701,701,701,701,701,701,701,701,701,701,701,701,701,701,701,701,701,701,701,701,701,701,701,701,77521,77521,77521,77521,77521,77521,77521,77521,77521,77521,77521,77521,77521,77521,77521,77521,77521,77521,77521,77521,77521,77521,77521,77521,77521,77521,77521,77531,77531,77531,77531,77531,77531,77531,77531,77531,77531,77531,77531,701,701,701,701,701,701,701,701,701,701,701,701,701,701,701,701,701,701,701,701,701,701,701,701,701,701,701,701,701,701,701,701,701,701,701,701,701,701,701,701,701,701,701,701,701,701,701,701,701,701,701,801,801,801,801,801,801,801,801,801,801,801,801,801,801,801,801,801,801,801,801,801,801,101,101,101,101,101,101,101,101,101,101,101,101,101,101,101,101,101,101,101,101,101,101,101,101,101,101,101,101,101,101,101,101,101,101,101,101,101,101,101,101,101,101,101,101,101,101,101,101,101,101,101,101,101,101,101,101,101,101,101,101,101,101,101,101,101,101,101,101,101,101,101,101,101,101,101,101,101,101,101,101,101,101,101,101,101,101,101,101
101,101,101,101,101,101,101,101,101,101,101,98041,98041,98041,98041,98041,98041,98041,98041,98041,98041,98041,98041,98041,98041,98041,98041,98041,98041,98041,98041,98041,98041,98041,98041,98041,98041,98041,98041,98041,98041,98041,98041,98041,98041,98041,98041,580,580,580,580,580,580,580,580,580,580,580,580,580,580,580,580,580,580,580,580,580,580,580,580,580,580,580,580,580,580,580,580,580,580,580,580,580,580,701,701,701,701,701,701,701,701,701,701,701,701,701,701,701,701,701,701,701,701,701,701,701,701,701,701,701,701,701,701,701,701,701,701,701,701,701,701,701,701,701,701,701,701,701,701,701,701,701,701,701,701,701,701,701,701,701,701,701,701,701,701,701,701,701,701,701,701,701,701,701,701,701,701,701,77521,77521,77521,77521,77521,77521,77521,77521,77521,77521,77521,77521,77521,77521,77521,77521,77521,77521,77521,77521,77521,77521,77521,77521,77521,77521,77521,77531,77531,77531,77531,77531,77531,77531,77531,77531,77531,77531,77531,701,701,701,701,701,701,701,701,701,701,701,701,701,701,701,701,701,701,701,701,701,701,701,701,701,701,701,701,701,701,701,701,701,701,701,701,701,701,701,701,701,701,701,701,701,701,701,701,701,701,801,801,801,801,801,801,801,801,801,801,801,801,801,801,801,801,801,801,801,801,801,801,801,101,101,101,101,101,101,101,101,101,101,101,101,101,101,101,101,101,101,101,101,101,101,101,101,101,101,101,101,101,101,101,101,101,101,101,101,101,101,101,101,101,101,101,101,101,101,101,101,101,101,101,101,101,101,101,101,101,101,101,101,101,101,101,101,101,101,101,101,101,101,101,101,101,101,101,101,101,101,101,101,101,101,101,101,101,101,101,101
101,101,101,101,101,101,101,101,101,101,98041,98041,98041,98041,98041,98041,98041,98041,98041,98041,98041,98041,98041,98041,98041,98041,98041,98041,98041,98041,98041,98041,98041,98041,98041,98041,98041,98041,98041,98041,98041,98041,98041,98041,580,580,580,580,580,580,580,580,580,580,580,580,580,580,580,580,580,580,580,580,580,580,580,580,580,580,580,580,580,580,580,580,580,580,580,580,580,580,580,580,701,701,701,701,701,701,701,701,701,701,701,701,701,701,701,701,701,701,701,701,701,701,701,701,701,701,701,701,701,701,701,701,701,701,701,701,701,701,701,701,701,701,701,701,701,701,701,701,701,701,701,701,701,701,701,701,701,701,701,701,701,701,701,701,701,701,701,701,701,701,701,701,701,701,701,701,701,77521,77521,77521,77521,77521,77521,77521,77521,77521,77521,77521,77521,77521,77521,77521,77521,77521,77521,77521,77521,77521,77521,77521,77521,77521,77531,77531,77531,77531,77531,77531,77531,77531,77531,77531,77531,77531,77531,701,701,701,701,701,701,701,701,701,701,701,701,701,701,701,701,701,701,701,701,701,701,701,701,701,701,701,701,701,701,701,701,701,701,701,701,701,701,701,701,701,701,701,701,701,701,701,701,701,701,801,801,801,801,801,801,801,801,801,801,801,801,801,801,801,801,801,801,801,801,801,801,801,101,101,101,101,101,101,101,101,101,101,101,101,101,101,101,101,101,101,101,101,101,101,101,101,101,101,101,101,101,101,101,101,101,101,101,101,101,101,101,101,101,101,101,101,101,101,101,101,101,101,101,101,101,101,101,101,101,101,101,101,101,101,101,101,101,101,101,101,101,101,101,101,101,101,101,101,101,101,101,101,101,101,101,101,101,101,101,101
101,101,101,101,101,101,101,101,101,101,98041,98041,98041,98041,98041,98041,98041,98041,98041,98041,98041,98041,98041,98041,98041,98041,98041,98041,98041,98041,98041,98041,98041,98041,98041,98041,98041,98041,98041,98041,98041,98041,98041,98041,580,580,580,580,580,580,580,580,580,580,580,580,580,580,580,580,580,580,580,580,580,580,580,580,580,580,580,580,580,580,580,580,580,580,580,580,580,580,580,580,580,580,580,580,580,701,701,701,701,701,701,701,701,701,701,701,701,701,701,701,701,701,701,701,701,701,701,701,701,701,701,701,701,701,701,701,701,701,701,701,701,701,701,701,701,701,701,701,701,701,701,701,701,701,701,701,701,701,701,701,701,701,701,701,701,701,701,701,701,701,701,701,701,701,701,701,701,77521,77521,77521,77521,77521,77521,77521,77521,77521,77521,77521,77521,77521,77521,77521,77521,77521,77521,77521,77521,77521,77521,77521,77521,77521,77531,77531,77531,77531,77531,77531,77531,77531,77531,77531,77531,77531,701,701,701,701,701,701,701,701,701,701,701,701,701,701,701,701,701,701,701,701,701,701,701,701,701,701,701,701,701,701,701,701,701,701,701,701,701,701,701,701,701,701,701,701,701,701,701,701,701,701,701,801,801,801,801,801,801,801,801,801,801,801,801,801,801,801,801,801,801,801,801,801,801,801,801,101,101,101,101,101,101,101,101,101,101,101,101,101,101,101,101,101,101,101,101,101,101,101,101,101,101,101,101,101,101,101,101,101,101,101,101,101,101,101,101,101,101,101,101,101,101,101,101,101,101,101,101,101,101,101,101,101,101,101,101,101,101,101,101,101,101,101,101,101,101,101,101,401,401,401,401,401,401,401,401,401,401,401,101,101,101,101
401,401,401,101,101,101,101,101,101,98041,98041,98041,98041,98041,98041,98041,98041,98041,98041,98041,98041,98041,98041,98041,98041,98041,98041,98041,98041,98041,98041,98041,98041,98041,98041,98041,98041,98041,98041,98041,98041,98041,98041,580,580,580,580,580,580,580,580,580,580,580,580,580,580,580,580,580,580,580,580,580,580,580,580,580,580,580,580,580,580,580,580,580,580,580,580,580,580,580,580,580,580,580,580,580,580,580,580,580,580,580,580,580,701,701,701,701,701,701,701,701,701,701,701,701,701,701,701,701,701,701,701,701,701,701,701,701,701,701,701,701,701,701,701,701,701,701,701,701,701,701,701,701,701,701,701,701,701,701,701,701,701,701,701,701,701,701,701,701,701,701,701,701,701,701,701,701,701,77521,77521,77521,77521,77521,77521,77521,77521,77521,77521,77521,77521,77521,77521,77521,77521,77521,77521,77521,77521,77521,77521,77521,77521,77521,77531,77531,77531,77531,77531,77531,77531,77531,77531,77531,77531,77531,701,701,701,701,701,701,701,701,701,701,701,701,701,701,701,701,701,701,701,701,701,701,701,701,701,701,701,701,701,701,701,701,701,701,701,701,701,701,501,501,501,501,501,501,501,501,501,501,701,701,801,801,801,801,801,801,801,801,801,801,801,801,801,801,801,801,801,801,801,801,801,801,801,801,801,101,101,101,101,101,101,101,101,101,101,101,101,101,101,101,101,101,101,101,101,101,101,101,101,101,101,101,101,101,101,101,101,101,101,101,101,101,101,101,101,101,101,101,101,101,101,101,101,101,101,101,101,101,101,101,101,101,101,101,101,101,101,101,101,101,101,101,101,101,101,401,401,401,401,401,401,401,401,401,401,401,401,401,401,401,401,401
401,401,401,401,401,401,101,101,101,98041,98041,98041,98041,98041,98041,98041,98041,98041,98041,98041,98041,98041,98041,98041,98041,98041,98041,98041,98041,98041,98041,98041,98041,98041,98041,98041,98041,98041,98041,98041,98041,98041,98041,580,580,580,580,580,580,580,580,580,580,580,580,580,580,580,580,580,580,580,580,580,580,580,580,580,580,580,580,580,580,580,580,580,580,580,580,580,580,580,580,580,580,580,580,580,580,580,580,580,580,580,580,580,580,580,580,580,580,580,701,701,701,701,701,701,701,701,701,701,701,701,701,701,701,701,701,701,701,701,701,701,701,701,701,701,701,701,701,701,701,701,701,701,701,701,701,701,701,701,701,701,701,701,701,701,701,701,701,701,701,701,701,701,701,701,701,701,701,77521,77521,77521,77521,77521,77521,77521,77521,77521,77521,77521,77521,77521,77521,77521,77521,77521,5907,5907,77521,77521,77521,77521,77521,77521,77531,77531,77531,77531,77531,77531,77531,77531,77531,77531,77531,77531,701,701,701,701,701,701,701,701,701,701,701,701,701,701,701,701,701,701,701,701,701,701,701,701,701,701,701,701,701,701,701,701,701,701,501,501,501,501,501,501,501,501,501,501,501,501,501,501,501,501,801,801,801,801,801,801,801,801,801,801,801,801,801,801,801,801,801,801,801,801,801,801,801,801,801,101,101,101,101,101,101,101,101,101,101,101,101,101,101,101,101,101,101,101,101,101,101,101,101,101,101,101,101,101,101,101,101,101,101,101,101,101,101,101,101,101,101,101,101,101,101,101,101,101,101,101,101,101,101,101,101,101,101,101,101,101,101,101,101,101,101,101,101,401,401,401,401,401,401,401,401,401,401,401,401,401,401,401,401,401,401,401
401,401,401,401,401,401,401,401,98041,98041,98041,98041,98041,98041,98041,98041,98041,98041,98041,98041,98041,98041,98041,98041,98041,98041,98041,98041,98041,98041,98041,98041,98041,98041,98041,98041,98041,98041,98041,98041,98041,98041,98041,580,580,580,580,580,580,580,580,580,580,580,580,580,580,580,580,580,580,580,580,580,580,580,580,580,580,580,580,580,580,580,580,580,580,580,580,580,580,580,580,580,580,580,580,580,580,580,580,580,580,580,580,580,580,580,580,580,580,580,580,580,580,580,701,701,701,701,701,701,701,701,701,701,701,701,701,701,701,701,701,701,701,701,701,701,701,701,701,701,701,701,701,701,701,701,701,701,701,701,701,701,701,701,701,701,701,701,701,701,701,701,701,701,701,701,701,701,701,77521,77521,77521,77521,77521,77521,77521,77521,77521,77521,77521,77521,77521,77521,77521,77521,77521,5907,5907,5907,5907,77521,77521,77521,77521,77531,77531,77531,77531,77531,77531,77531,77531,77531,77531,77531,701,701,701,701,701,701,701,701,701,701,701,701,701,701,701,701,701,701,701,701,701,701,701,701,701,701,701,701,701,701,701,701,701,701,501,501,501,501,501,501,501,501,501,501,501,501,501,501,501,501,501,801,801,801,801,801,801,801,801,801,801,801,801,801,801,801,801,801,801,801,801,801,801,801,801,801,101,101,101,101,101,101,101,101,101,101,101,101,101,101,101,101,101,101,101,101,101,101,101,101,101,101,101,101,101,101,101,101,101,101,101,101,101,101,101,101,101,101,101,101,101,101,101,101,101,101,101,101,101,101,101,101,101,101,101,101,101,101,101,101,101,101,101,401,401,401,401,401,401,401,401,401,401,401,401,401,401,401,401,401,401,401,401
401,401,401,401,401,401,401,401,401,98041,98041,98041,98041,98041,98041,98041,98041,98041,98041,98041,98041,98041,98041,98041,98041,98041,98041,98041,98041,98041,98041,98041,98041,98041,98041,98041,98041,98041,98041,98041,98041,98041,98041,580,580,580,580,580,580,580,580,580,580,580,580,580,580,580,580,580,580,580,580,580,580,580,580,580,580,580,580,580,580,580,580,580,580,580,580,580,580,580,580,580,580,580,580,580,580,580,580,580,580,580,580,580,580,580,580,580,580,580,580,580,580,580,701,701,701,701,701,701,701,701,701,701,701,701,701,701,701,701,701,701,701,701,701,701,701,701,701,701,701,701,701,701,701,701,701,701,701,701,701,701,701,701,701,701,701,701,701,701,701,701,701,701,701,701,701,701,77521,77521,77521,77521,77521,77521,77521,77521,77521,77521,77521,77521,77521,77521,77521,77521,77521,5907,5907,5907,5907,5907,5907,5907,5031,77521,77531,77531,77531,77531,77531,77531,77531,77531,77531,77531,701,701,701,701,701,701,701,701,701,701,701,701,701,701,701,701,701,701,701,701,701,701,701,701,701,701,701,701,701,701,701,701,701,701,501,501,501,501,501,501,501,501,501,501,501,501,501,501,501,501,501,501,801,801,801,801,801,801,801,801,801,801,801,801,801,801,801,801,801,801,801,801,801,801,801,801,801,101,101,101,101,101,101,101,101,101,101,101,101,101,101,101,101,101,101,101,101,101,101,101,101,101,101,101,101,101,101,101,101,101,101,101,101,101,101,101,101,101,101,101,101,101,101,101,101,101,101,101,101,101,101,101,101,101,101,101,101,101,101,101,101,101,101,401,401,401,401,401,401,401,401,401,401,401,401,401,401,401,401,401,401,401,401,401
401,401,401,401,401,401,401,401,401,401,401,98041,98041,98041,98041,98041,98041,98041,98041,98041,98041,98041,98041,98041,98041,98041,98041,98041,98041,98041,98041,98041,98041,98041,98041,98041,98041,98041,98041,98041,98041,98041,98041,580,580,580,580,580,580,580,580,580,580,580,580,580,580,580,580,580,580,580,580,580,580,580,580,580,580,580,580,580,580,580,580,580,580,580,580,580,580,580,580,580,580,580,580,580,580,580,580,580,580,580,580,580,580,580,580,580,580,580,580,580,580,580,701,701,701,701,701,701,701,701,701,701,701,701,701,701,701,701,701,701,701,701,701,701,701,701,701,701,701,701,701,701,701,701,701,701,701,701,701,701,701,701,701,701,701,701,701,701,701,701,701,701,701,701,701,701,77521,77521,77521,77521,77521,77521,77521,77521,77521,77521,77521,77521,77521,77521,77521,77521,5907,5907,5907,5907,5907,5907,5907,5031,5031,5031,5031,77531,77531,77531,77531,77531,77531,77531,77531,77531,701,701,701,701,701,701,701,701,701,701,701,701,701,701,701,701,701,701,701,501,501,701,701,701,701,701,701,701,701,701,701,701,501,501,501,501,501,501,501,501,501,501,501,501,501,501,501,501,501,501,501,501,801,801,801,801,801,801,801,801,801,801,801,801,801,801,801,801,801,801,801,801,801,801,801,801,801,101,101,101,101,101,101,101,101,101,101,101,101,101,101,101,101,101,101,101,101,101,101,101,101,101,101,101,101,101,101,101,101,101,101,101,101,101,101,101,101,101,101,101,101,101,101,101,101,101,101,101,101,101,101,101,101,101,101,101,101,101,101,101,101,101,401,401,401,401,401,401,401,401,401,401,401,401,401,401,401,401,401,401,401,401,401,401
401,401,401,401,401,401,401,401,401,401,401,401,98041,98041,98041,98041,98041,98041,98041,98041,98041,98041,98041,98041,98041,98041,98041,98041,98041,98041,98041,98041,98041,98041,98041,98041,98041,98041,98041,98041,98041,98041,98041,580,580,580,580,580,580,580,580,580,580,580,580,580,580,580,580,580,580,580,580,580,580,580,580,580,580,580,580,580,580,580,580,580,580,580,580,580,580,580,580,580,580,580,580,580,580,580,580,580,580,580,580,580,580,580,580,580,580,580,580,580,580,580,701,701,701,701,701,701,701,701,701,701,701,701,701,701,701,701,701,701,701,701,701,701,701,701,701,701,701,701,701,701,701,701,701,701,701,701,701,701,701,701,701,701,701,701,701,701,701,701,701,701,701,701,701,701,701,77521,77521,77521,77521,77521,77521,77521,77521,77521,77521,77521,77521,77521,77521,77521,5907,5907,5907,5907,5907,5907,5031,5031,5031,5031,5031,5031,5031,5031,5031,5031,5031,77531,77531,77531,701,701,701,701,701,701,701,701,701,701,701,701,701,701,701,701,501,501,501,501,501,501,501,701,701,701,701,701,701,701,501,501,501,501,501,501,501,501,501,501,501,501,501,501,501,501,501,501,501,501,501,501,501,801,801,801,801,801,801,801,801,801,801,801,801,801,801,801,801,801,801,801,801,801,801,801,801,801,801,101,101,101,101,101,101,101,101,101,101,101,101,101,101,101,101,101,101,101,101,101,101,101,101,101,101,101,101,101,101,101,101,101,101,101,101,101,101,101,101,101,101,101,101,101,101,101,101,101,101,101,101,101,101,101,101,101,101,101,101,101,401,401,401,401,401,401,401,401,401,401,401,401,401,401,401,401,401,401,401,401,401,401,401,401
401,401,401,401,401,401,401,401,401,401,401,401,401,98041,98041,98041,98041,98041,98041,98041,98041,98041,98041,98041,98041,98041,98041,98041,98041,98041,98041,98041,98041,98041,98041,98041,98041,98041,98041,98041,98041,98041,98041,580,580,580,580,580,580,580,580,580,580,580,580,580,580,580,580,580,580,580,580,580,580,580,580,580,580,580,580,580,580,580,580,580,580,580,580,580,580,580,580,580,580,580,580,580,580,580,580,580,580,580,580,580,580,580,580,580,580,580,580,580,580,580,701,701,701,701,701,701,701,701,701,701,701,701,701,701,701,701,701,701,701,701,701,701,701,701,701,701,701,701,701,701,701,701,701,701,701,701,701,701,701,701,701,701,701,701,701,701,701,701,701,701,701,701,701,701,701,77521,77521,77521,77521,77521,77521,77521,77521,77521,77521,77521,77521,77521,77521,5907,5907,5907,5907,5907,5907,5907,5031,5031,5031,5031,5031,5031,5031,5031,5031,5031,5031,77531,77531,77531,77531,701,701,701,701,701,701,701,701,701,701,701,701,701,501,501,501,501,501,501,501,501,501,501,701,701,501,501,501,501,501,501,501,501,501,501,501,501,501,501,501,501,501,501,501,501,501,501,501,501,501,501,501,801,801,801,801,801,801,801,801,801,801,801,801,801,801,801,801,801,801,801,801,801,801,801,801,801,801,801,101,101,101,101,101,101,101,101,101,101,101,101,101,101,101,101,101,101,101,101,101,101,101,101,101,101,101,101,101,101,101,101,101,101,101,101,101,101,101,101,101,101,101,101,101,101,101,101,101,101,101,101,101,101,101,101,101,101,401,401,401,401,401,401,401,401,401,401,401,401,401,401,401,401,401,401,401,401,401,401,401,401,401,401
401,401,401,401,401,401,401,401,401,401,401,401,401,401,98041,98041,98041,98041,98041,98041,98041,98041,98041,98041,98041,98041,98041,98041,98041,98041,98041,98041,98041,98041,98041,98041,98041,98041,98041,98041,98041,98041,98041,580,580,580,580,580,580,580,580,580,580,580,580,580,580,580,580,580,580,580,580,580,580,580,580,580,580,580,580,580,580,580,580,580,580,580,580,580,580,580,580,580,580,580,580,580,580,580,580,580,580,580,580,580,580,580,580,580,580,580,580,580,580,580,701,701,701,701,701,701,701,701,701,701,701,701,701,701,701,701,701,701,701,701,701,701,701,701,701,701,701,701,701,701,701,701,701,701,701,701,701,701,701,701,701,701,701,701,701,701,701,701,701,701,701,701,701,701,701,77521,77521,77521,77521,77521,77521,77521,77521,77521,77521,77521,77521,77521,77521,5907,5907,5907,5907,5907,5907,5031,5031,5031,5031,5031,5031,5031,5031,5031,5031,5031,5031,77531,77531,77531,77531,701,701,701,701,701,701,701,701,701,701,501,501,501,501,501,501,501,501,501,501,501,501,501,501,501,501,501,501,501,501,501,501,501,501,501,501,501,501,501,501,501,501,501,501,501,501,501,501,501,501,501,501,801,801,801,801,801,801,801,801,801,801,801,801,801,801,801,801,801,801,801,801,801,801,801,801,801,801,801,801,801,101,101,101,101,101,101,101,101,101,101,101,101,101,101,101,101,101,101,101,101,101,101,101,101,101,101,101,101,101,101,101,101,101,101,101,101,101,101,101,101,101,101,101,101,101,101,101,101,101,101,101,101,101,101,401,401,401,401,401,401,401,401,401,401,401,401,401,401,401,401,401,401,401,401,401,401,401,401,401,401,401,401
401,401,401,401,401,401,401,401,401,401,401,401,401,401,401,98041,98041,98041,98041,98041,98041,98041,98041,98041,98041,98041,98041,98041,98041,98041,98041,98041,98041,98041,98041,98041,98041,98041,98041,98041,98041,98041,98041,580,580,580,580,580,580,580,580,580,580,580,580,580,580,580,580,580,580,580,580,580,580,580,580,580,580,580,580,580,580,580,580,580,580,580,580,580,580,580,580,580,580,580,580,580,580,580,580,580,580,580,580,580,580,580,580,580,580,580,580,580,580,701,701,701,701,701,701,701,701,701,701,701,701,701,701,701,701,701,701,701,701,701,701,701,701,701,701,701,701,701,701,701,701,701,701,701,701,701,701,701,701,701,701,701,701,701,701,701,701,701,701,701,701,701,701,701,701,701,77521,77521,77521,77521,77521,77521,77521,77521,77521,77521,77521,77521,5907,5907,5907,5907,5907,5907,5031,5031,5031,5031,5031,5031,5031,5031,5031,5031,5031,5031,5031,77531,77531,77531,77531,77531,701,701,701,501,501,501,501,501,501,501,501,501,501,501,501,501,501,501,501,501,501,501,501,501,501,501,501,501,501,501,501,501,501,501,501,501,501,501,501,501,501,501,501,501,501,501,501,501,501,501,501,501,801,801,801,801,801,801,801,801,801,801,801,801,801,801,801,801,801,801,801,801,801,801,801,801,801,801,801,801,801,801,801,101,101,101,101,101,101,101,101,101,101,101,101,101,101,101,101,101,101,101,101,101,101,101,101,101,101,101,101,101,101,101,101,101,101,101,101,101,101,101,101,101,101,101,101,101,101,101,101,101,101,401,401,401,401,401,401,401,401,401,401,401,401,401,401,401,401,401,401,401,401,401,401,401,401,401,401,401,401,401
401,401,401,401,401,401,401,401,401,401,401,401,401,401,401,98041,98041,98041,98041,98041,98041,98041,98041,98041,98041,98041,98041,98041,98041,98041,98041,98041,98041,98041,98041,98041,98041,98041,98041,98041,98041,98041,98041,580,580,580,580,580,580,580,580,580,580,580,580,580,580,580,580,580,580,580,580,580,580,580,580,580,580,580,580,580,580,580,580,580,580,580,580,580,580,580,580,580,580,580,580,580,580,580,580,580,580,580,580,580,580,580,580,580,580,580,580,580,580,580,580,580,580,701,701,701,701,701,701,701,701,701,701,701,701,701,701,701,701,701,701,701,701,701,701,701,701,701,701,701,701,701,701,701,701,701,701,701,701,701,701,701,701,701,701,701,701,701,701,701,701,701,701,701,701,701,77521,77521,77521,77521,77521,77521,77521,77521,77521,77521,77521,77521,5907,5907,5907,5907,5907,5907,5031,5031,5031,5031,5031,5031,5031,5031,5031,5031,5031,5031,5031,77531,77531,77531,77531,77531,501,501,501,501,501,501,501,501,501,501,501,501,501,501,501,501,501,501,501,501,501,501,501,501,501,501,501,501,501,501,501,501,501,501,501,501,501,501,501,501,501,501,501,501,501,501,501,501,501,501,501,501,801,801,801,801,801,801,801,801,801,801,801,801,801,801,801,801,801,801,801,801,801,801,801,801,801,801,801,801,801,801,801,801,801,801,101,101,101,101,101,101,101,101,101,101,101,101,101,101,101,101,101,101,101,101,101,101,101,101,101,101,101,101,101,101,101,101,101,101,101,101,101,101,101,101,101,101,101,101,101,401,401,401,401,401,401,401,401,401,401,401,401,401,401,401,401,401,401,401,401,401,401,401,401,401,401,401,401,401,401,401
401,401,401,401,401,401,401,401,401,401,401,401,401,401,401,401,98041,98041,98041,98041,98041,98041,98041,98041,98041,98041,98041,98041,98041,98041,98041,98041,98041,98041,98041,98041,98041,98041,98041,98041,98041,98041,98041,580,580,580,580,580,580,580,580,580,580,580,580,580,580,580,580,580,580,580,580,580,580,580,580,580,580,580,580,580,580,580,580,580,580,580,580,580,580,580,580,580,580,580,580,580,580,580,580,580,580,580,580,580,580,580,580,580,580,580,580,580,580,580,580,580,580,580,580,580,580,580,701,701,701,701,701,701,701,701,701,701,701,701,701,701,701,701,701,701,701,701,701,701,701,701,701,701,701,701,701,701,701,701,701,701,701,701,701,701,701,701,701,701,701,701,701,701,701,701,77521,77521,77521,77521,77521,77521,77521,77521,77521,77521,77521,5907,5907,5907,5907,5907,5907,5031,5031,5031,5031,5031,5031,5031,5031,5031,5031,5031,5031,5031,5031,77531,77531,501,501,501,501,501,501,501,501,501,501,501,501,501,501,501,501,501,501,501,501,501,501,501,501,501,501,501,501,501,501,501,501,501,501,501,501,501,501,501,501,501,501,501,501,501,501,501,501,501,501,501,501,501,501,501,801,801,801,801,801,801,801,801,801,801,801,801,801,801,801,801,801,801,801,801,801,801,801,801,801,801,801,801,801,801,801,801,801,801,801,801,801,801,101,101,101,101,101,101,101,101,101,101,101,101,101,101,101,101,101,101,101,101,101,101,101,101,101,101,101,101,101,101,101,101,101,101,101,101,101,101,101,401,401,401,401,401,401,401,401,401,401,401,401,401,401,401,401,401,401,401,401,401,401,401,401,401,401,401,401,401,401,401,401,401
401,401,401,401,401,401,401,401,401,401,401,401,401,401,401,401,98041,98041,98041,98041,98041,98041,98041,98041,98041,98041,98041,98041,98041,98041,98041,98041,98041,98041,98041,98041,98041,98041,98041,98041,98041,98041,98041,580,580,580,580,580,580,580,580,580,580,580,580,580,580,580,580,580,580,580,580,580,580,580,580,580,580,580,580,580,580,580,580,580,580,580,580,580,580,580,580,580,580,580,580,580,580,580,580,580,580,580,580,580,580,580,580,580,580,580,580,580,580,580,580,580,580,580,580,580,580,580,580,580,580,580,580,701,701,701,701,701,701,701,701,701,701,701,701,701,701,701,701,701,701,701,701,701,701,701,701,701,701,701,701,701,701,701,701,701,701,701,701,701,701,701,701,701,701,701,77521,77521,77521,77521,77521,77521,77521,77521,77521,77521,5031,5031,5031,5031,5031,5031,5907,5031,5031,5031,5031,5031,5031,5031,5031,5031,5031,5031,5031,5031,5031,501,501,501,501,501,501,501,501,501,501,501,501,501,501,501,501,501,501,501,501,501,501,501,501,501,501,501,501,501,501,501,501,501,501,501,501,501,501,501,501,501,501,501,501,501,501,501,501,501,501,501,501,501,501,501,501,501,501,801,801,801,801,801,801,801,801,801,801,801,801,801,801,801,801,801,801,801,801,801,801,801,801,801,801,801,801,801,801,801,801,801,801,801,801,801,801,801,101,101,101,101,101,101,101,101,101,101,101,101,101,101,101,101,101,101,101,101,101,101,101,101,101,101,101,101,101,101,101,101,101,101,101,401,401,401,401,401,401,401,401,401,401,401,401,401,401,401,401,401,401,401,401,401,401,401,401,401,401,401,401,401,401,401,401,401,401,401
401,401,401,401,401,401,401,401,401,401,401,401,401,401,401,401,98041,98041,98041,98041,98041,98041,98041,98041,98041,98041,98041,98041,98041,98041,98041,98041,98041,98041,98041,98041,98041,98041,98041,98041,98041,98041,98041,580,580,580,580,580,580,580,580,580,580,580,580,580,580,580,580,580,580,580,580,580,580,580,580,580,580,580,580,580,580,580,580,580,580,580,580,580,580,580,580,580,580,580,580,580,580,580,580,580,580,580,580,580,580,580,580,580,580,580,580,580,580,580,580,580,580,580,580,580,580,580,580,580,580,580,580,580,701,701,701,701,701,701,701,701,701,701,701,701,701,701,701,701,701,701,701,701,701,701,701,701,701,701,701,701,701,701,701,701,701,701,701,701,701,701,701,701,701,701,5031,5031,5031,5031,77521,5031,5031,5031,5031,5031,5031,5031,5031,5031,5031,5031,5031,5031,5031,5031,5031,5031,5031,5031,5031,5031,5031,5031,5031,5031,5031,501,501,501,501,501,501,501,501,501,501,501,501,501,501,501,501,501,501,501,501,501,501,501,501,501,501,501,501,501,501,501,501,501,501,501,501,501,501,501,501,501,501,501,501,501,501,501,501,501,501,501,501,501,501,501,501,501,501,801,801,801,801,801,801,801,801,801,801,801,801,801,801,801,801,801,801,801,801,801,801,801,801,801,801,801,801,801,801,801,801,801,801,801,801,801,801,801,801,801,801,101,101,101,101,101,101,101,101,101,101,101,101,101,101,101,101,101,101,101,101,101,101,101,101,101,101,101,101,101,101,101,401,401,401,401,401,401,401,401,401,401,401,401,401,401,401,401,401,401,401,401,401,401,401,401,401,401,401,401,401,401,401,401,401,401,401,401
401,401,401,401,401,401,401,401,401,401,401,401,401,401,401,401,98041,98041,98041,98041,98041,98041,98041,98041,98041,98041,98041,98041,98041,98041,98041,98041,98041,98041,98041,98041,98041,98041,98041,98041,98041,98041,580,580,580,580,580,580,580,580,580,580,580,580,580,580,580,580,580,580,580,580,580,580,580,580,580,580,580,580,580,580,580,580,580,580,580,580,580,580,580,580,580,580,580,580,580,580,580,580,580,580,580,580,580,580,580,580,580,580,580,580,580,580,580,580,580,580,580,580,580,580,580,580,580,580,580,580,580,701,701,701,701,701,701,701,701,701,701,701,701,701,701,701,701,701,701,701,701,701,701,701,701,701,701,701,701,701,701,701,701,701,701,701,701,701,701,701,701,701,701,701,5031,5031,5031,5031,5031,5031,5031,5031,5031,5031,5031,5031,5031,5031,5031,5031,5031,5031,5031,5031,5031,5031,5031,5031,5031,5031,5031,5031,5031,5031,5031,5031,5031,5031,5031,501,501,501,501,501,501,501,501,501,501,501,501,501,501,501,501,501,501,501,501,501,501,501,501,501,501,501,501,501,501,501,501,501,501,501,501,501,501,501,501,501,501,501,501,501,501,501,501,501,501,501,501,501,501,801,801,801,801,801,801,801,801,801,801,801,801,801,801,801,801,801,801,801,801,801,801,801,801,801,801,801,801,801,801,801,801,801,801,801,801,801,801,801,801,801,801,801,801,101,101,101,101,101,101,101,101,101,101,101,101,101,101,101,101,101,101,101,101,101,101,101,101,101,101,101,401,401,401,401,401,401,401,401,401,401,401,401,401,401,401,401,401,401,401,401,401,401,401,401,401,401,401,401,401,401,401,401,401,401,401,401,401,401
401,401,401,401,401,401,401,401,401,401,401,401,401,401,401,401,401,98041,98041,98041,98041,98041,98041,98041,98041,98041,98041,98041,98041,98041,98041,98041,98041,98041,98041,98041,98041,98041,98041,98041,98041,98041,580,580,580,580,580,580,580,580,580,580,580,580,580,580,580,580,580,580,580,580,580,580,580,580,580,580,580,580,580,580,580,580,580,580,580,580,580,580,580,580,580,580,580,580,580,580,580,580,580,580,580,580,580,580,580,580,580,580,580,580,580,580,580,580,580,580,580,580,580,580,580,580,580,580,580,580,580,580,580,701,701,701,701,701,701,701,701,701,701,701,701,701,701,701,701,701,701,701,701,701,701,701,701,701,701,701,701,701,701,701,701,701,701,701,701,701,701,701,701,701,701,5031,5031,5031,5031,5031,5031,5031,5031,5031,5031,5031,5031,5031,5031,5031,5031,5031,5031,5031,5031,5031,5031,5031,5031,5031,5031,5031,5031,5031,5031,5031,5031,5031,5031,501,501,501,501,501,501,501,501,501,501,501,501,501,501,501,501,501,501,501,501,501,501,501,501,501,501,501,501,501,501,501,501,501,501,501,501,501,501,501,501,501,501,501,501,501,501,501,501,501,501,501,501,501,501,501,801,801,801,801,801,801,801,801,801,801,801,801,801,801,801,801,801,801,801,801,801,801,801,801,801,801,801,801,801,801,801,801,801,801,801,801,801,801,801,801,801,801,801,801,801,101,101,101,101,101,101,101,101,101,101,101,101,101,101,101,101,101,101,101,101,101,101,101,101,401,401,401,401,401,401,401,401,401,401,401,401,401,401,401,401,401,401,401,401,401,401,401,401,401,401,401,401,401,401,401,401,401,401,401,401,401,401,401
401,401,401,401,401,401,401,401,401,401,401,401,401,401,401,401,401,98041,98041,98041,98041,98041,98041,98041,98041,98041,98041,98041,98041,98041,98041,98041,98041,98041,98041,98041,98041,98041,98041,98041,98041,98041,580,580,580,580,580,580,580,580,580,580,580,580,580,580,580,580,580,580,580,580,580,580,580,580,580,580,580,580,580,580,580,580,580,580,580,580,580,580,580,580,580,580,580,580,580,580,580,580,580,580,580,580,580,580,580,580,580,580,580,580,580,580,580,580,580,580,580,580,580,580,580,580,580,580,580,580,580,580,580,580,580,580,580,701,701,701,701,701,701,701,701,701,701,701,701,701,701,701,701,701,701,701,701,701,701,701,701,701,701,701,701,701,701,701,701,701,701,701,701,701,701,5031,5031,5031,5031,5031,5031,5031,5031,5031,5031,5031,5031,5031,5031,5031,5031,5031,5031,5031,5031,5031,5031,5031,5031,5031,5031,5031,5031,5031,5031,5031,5031,5031,5031,501,501,501,501,501,501,501,501,501,501,501,501,501,501,501,501,501,501,501,501,501,501,501,501,501,501,501,501,501,501,501,501,501,501,501,501,501,501,501,501,501,501,501,501,501,501,501,501,501,501,501,501,501,501,501,801,801,801,801,801,801,801,801,801,801,801,801,801,801,801,801,801,801,801,801,801,801,801,801,801,801,801,801,801,801,801,801,801,801,801,801,801,801,801,801,801,801,801,801,801,101,101,101,101,101,101,101,101,101,101,101,101,101,101,101,101,101,101,101,101,101,101,101,401,401,401,401,401,401,401,401,401,401,401,401,401,401,401,401,401,401,401,401,401,401,401,401,401,401,401,401,401,401,401,401,401,401,401,401,401,401,401,401
401,401,401,401,401,401,401,401,401,401,401,401,401,401,401,401,401,98041,98041,98041,98041,98041,98041,98041,98041,98041,98041,98041,98041,98041,98041,98041,98041,98041,98041,98041,98041,98041,98041,98041,98041,98041,580,580,580,580,580,580,580,580,580,580,580,580,580,580,580,580,580,580,580,580,580,580,580,580,580,580,580,580,580,580,580,580,580,580,580,580,580,580,580,580,580,580,580,580,580,580,580,580,580,580,580,580,580,580,580,580,580,580,580,580,580,580,580,580,580,580,580,580,580,580,580,580,580,580,580,580,580,580,580,580,580,580,580,580,580,580,580,701,701,701,701,701,701,701,701,701,701,701,701,701,701,701,701,701,701,701,701,701,701,701,701,701,701,701,701,701,701,701,701,701,701,5031,5031,5031,5031,5031,5031,5031,5031,5031,5031,5031,5031,5031,5031,5031,5031,5031,5031,5031,5031,5031,5031,5031,5031,5031,5031,5031,5031,5031,5031,5031,5031,5031,5031,501,501,501,501,501,501,501,501,501,501,501,501,501,501,501,501,501,501,501,501,501,501,501,501,501,501,501,501,501,501,501,501,501,501,501,501,501,501,501,501,501,501,501,501,501,501,501,501,501,501,501,501,501,501,501,801,801,801,801,801,801,801,801,801,801,801,801,801,801,801,801,801,801,801,801,801,801,801,801,801,801,801,801,801,801,801,801,801,801,801,801,801,801,801,801,801,801,801,801,801,101,101,101,101,101,101,101,101,101,101,101,101,101,101,101,101,101,101,101,101,101,101,401,401,401,401,401,401,401,401,401,401,401,401,401,401,401,401,401,401,401,401,401,401,401,401,401,401,401,401,401,401,401,401,401,401,401,401,401,401,401,401,401
401,401,401,401,401,401,401,401,401,401,401,401,401,401,401,401,401,98041,98041,98041,98041,98041,98041,98041,98041,98041,98041,98041,98041,98041,98041,98041,98041,98041,98041,98041,98041,98041,98041,98041,98041,98041,580,580,580,580,580,580,580,580,580,580,580,580,580,580,580,580,580,580,580,580,580,580,580,580,580,580,580,580,580,580,580,580,580,580,580,580,580,580,580,580,580,580,580,580,580,580,580,580,580,580,580,580,580,580,580,580,580,580,580,580,580,580,580,580,580,580,580,580,580,580,580,580,580,580,580,580,580,580,580,580,580,580,580,580,580,580,580,580,580,580,580,701,701,701,701,701,701,701,701,701,701,701,701,701,701,701,701,701,701,701,701,701,701,701,701,701,701,701,701,701,701,5031,5031,5031,5031,5031,5031,5031,5031,5031,5031,5031,5031,5031,5031,5031,5031,5031,5031,5031,5031,5031,5031,5031,5031,5031,5031,5031,5031,5031,5031,5031,5031,5031,5031,501,501,501,501,501,501,501,501,501,501,501,501,501,501,501,501,501,501,501,501,501,501,501,501,501,501,501,501,501,501,501,501,501,501,501,501,501,501,501,501,501,501,501,501,501,501,501,501,501,501,501,501,501,501,501,801,801,801,801,801,801,801,801,801,801,801,801,801,801,801,801,801,801,801,801,801,801,801,801,801,801,801,801,801,801,801,801,801,801,801,801,801,801,801,801,801,801,801,801,801,801,801,101,101,101,101,101,101,101,101,101,101,101,101,101,101,101,101,101,101,101,401,401,401,401,401,401,401,401,401,401,401,401,401,401,401,401,401,401,401,401,401,401,401,401,401,401,401,401,401,401,401,401,401,401,401,401,401,401,401,401,401,401
401,401,401,401,401,401,401,401,401,401,401,401,401,401,401,401,401,98041,98041,98041,98041,98041,98041,98041,98041,98041,98041,98041,98041,98041,98041,98041,98041,98041,98041,98041,98041,98041,98041,98041,98041,98041,580,580,580,580,580,580,580,580,580,580,580,580,580,580,580,580,580,580,580,580,580,580,580,580,580,580,580,580,580,580,580,580,580,580,580,580,580,580,580,580,580,580,580,580,580,580,580,580,580,580,580,580,580,580,580,580,580,580,580,580,580,580,580,580,580,580,580,580,580,580,580,580,580,580,580,580,580,580,580,580,580,580,580,580,580,580,580,580,580,580,580,580,580,580,580,580,701,701,701,701,701,701,701,701,701,701,701,701,701,701,701,701,701,701,701,701,701,701,701,701,5031,5031,5031,5031,5031,5031,5031,5031,5031,5031,5031,5031,5031,5031,5031,5031,5031,5031,5031,5031,5031,5031,5031,5031,5031,5031,5031,5031,5031,5031,5031,5031,5031,5031,5031,501,501,501,501,501,501,501,501,501,501,501,501,501,501,501,501,501,501,501,501,501,501,501,501,501,501,501,501,501,501,501,501,501,501,501,501,501,501,501,501,501,501,501,501,501,501,501,501,501,501,501,501,501,501,501,801,801,801,801,801,801,801,801,801,801,801,801,801,801,801,801,801,801,801,801,801,801,801,801,801,801,801,801,801,801,801,801,801,801,801,801,801,801,801,801,801,801,801,801,801,801,801,801,801,101,101,101,101,101,101,101,101,101,101,101,101,101,101,101,101,401,401,401,401,401,401,401,401,401,401,401,401,401,401,401,401,401,401,401,401,401,401,401,401,401,401,401,401,401,401,401,401,401,401,401,401,401,401,401,401,401,401,401
401,401,401,401,401,401,401,401,401,401,401,401,401,401,401,401,401,98041,98041,98041,98041,98041,98041,98041,98041,98041,98041,98041,98041,98041,98041,98041,98041,98041,98041,98041,98041,98041,98041,98041,580,580,580,580,580,580,580,580,580,580,580,580,580,580,580,580,580,580,580,580,580,580,580,580,580,580,580,580,580,580,580,580,580,580,580,580,580,580,580,580,580,580,580,580,580,580,580,580,580,580,580,580,580,580,580,580,580,580,580,580,580,580,580,580,580,580,580,580,580,580,580,580,580,580,580,580,580,580,580,580,580,580,580,580,580,580,580,580,580,580,580,580,580,580,580,580,580,580,580,580,580,580,701,701,701,701,701,701,701,701,701,701,701,701,701,701,701,701,701,701,701,701,5031,5031,5031,5031,5031,5031,5031,5031,5031,5031,5031,5031,5031,5031,5031,5031,5031,5031,5031,5031,5031,5031,5031,5031,5031,5031,5031,5031,5031,5031,5031,5031,5031,5031,5031,5031,5031,501,501,501,501,501,501,501,501,501,501,501,501,501,501,501,501,501,501,501,501,501,501,501,501,501,501,501,501,501,501,501,501,501,501,501,501,501,501,501,501,501,501,501,501,501,501,501,501,501,501,501,501,501,801,801,801,801,801,801,801,801,801,801,801,801,801,801,801,801,801,801,801,801,801,801,801,801,801,801,801,801,801,801,801,801,801,801,801,801,801,801,801,801,801,801,801,801,801,801,801,801,801,801,801,801,101,101,101,101,101,101,101,101,101,101,101,101,401,401,401,401,401,401,401,401,401,401,401,401,401,401,401,401,401,401,401,401,401,401,401,401,401,401,401,401,401,401,401,401,401,401,401,401,401,401,401,401,401,401,401,401
401,401,401,401,401,401,401,401,401,401,401,401,401,401,401,401,401,98041,98041,98041,98041,98041,98041,98041,98041,98041,98041,98041,98041,98041,98041,98041,98041,98041,98041,98041,98041,98041,98041,98041,580,580,580,580,580,580,580,580,580,580,580,580,580,580,580,580,580,580,580,580,580,580,580,580,580,580,580,580,580,580,580,580,580,580,580,580,580,580,580,580,580,580,580,580,580,580,580,580,580,580,580,580,580,580,580,580,580,580,580,580,580,580,580,580,580,580,580,580,580,580,580,580,580,580,580,580,580,580,580,580,580,580,580,580,580,580,580,580,580,580,580,580,580,580,580,580,580,580,580,580,580,580,580,580,580,580,580,580,701,701,701,701,701,701,701,701,701,701,701,701,701,701,5031,5031,5031,5031,5031,5031,5031,5031,5031,5031,5031,5031,5031,5031,5031,5031,5031,5031,5031,5031,5031,5031,5031,5031,5031,5031,5031,5031,5031,5031,5031,5031,5031,5031,5031,5031,5031,501,501,501,501,501,501,501,501,501,501,501,501,501,501,501,501,501,501,501,501,501,501,501,501,501,501,501,501,501,501,501,501,501,501,501,501,501,501,501,501,501,501,501,501,501,501,501,501,501,501,501,501,501,801,801,801,801,801,801,801,801,801,801,801,801,801,801,801,801,801,801,801,801,801,801,801,801,801,801,801,801,801,801,801,801,801,801,801,801,801,801,801,801,801,801,801,801,801,801,801,801,801,801,801,801,801,801,101,101,101,101,101,101,101,101,101,401,401,401,401,401,401,401,401,401,401,401,401,401,401,401,401,401,401,401,401,401,401,401,401,401,401,401,401,401,401,401,401,401,401,401,401,401,401,401,401,401,401,401,401,401
401,401,401,401,401,401,401,401,401,401,401,401,401,401,401,401,401,98041,98041,98041,98041,98041,98041,98041,98041,98041,98041,98041,98041,98041,98041,98041,98041,98041,98041,98041,98041,98041,98041,98041,580,580,580,580,580,580,580,580,580,580,580,580,580,580,580,580,580,580,580,580,580,580,580,580,580,580,580,580,580,580,580,580,580,580,580,580,580,580,580,580,580,580,580,580,580,580,580,580,580,580,580,580,580,580,580,580,580,580,580,580,580,580,580,580,580,580,580,580,580,580,580,580,580,580,580,580,580,580,580,580,580,580,580,580,580,580,580,580,580,580,580,580,580,580,580,580,580,580,580,580,580,580,580,580,580,580,580,580,580,580,580,580,580,701,701,701,701,701,701,701,701,701,5031,5031,5031,5031,5031,5031,5031,5031,5031,5031,5031,5031,5031,5031,5031,5031,5031,5031,5031,5031,5031,5031,5031,5031,5031,5031,5031,5031,5031,5031,5031,5031,5031,5031,5031,5031,5031,501,501,501,501,501,501,501,501,501,501,501,501,501,501,501,501,501,501,501,501,501,501,501,501,501,501,501,501,501,501,501,501,501,501,501,501,501,501,501,501,501,501,501,501,501,501,501,501,501,501,501,501,501,801,801,801,801,801,801,801,801,801,801,801,801,801,801,801,801,801,801,801,801,801,801,801,801,801,801,801,801,801,801,801,801,801,801,801,801,801,801,801,801,801,801,801,801,801,801,801,801,801,801,801,801,801,801,101,101,101,101,101,101,101,101,401,401,401,401,401,401,401,401,401,401,401,401,401,401,401,401,401,401,401,401,401,401,401,401,401,401,401,401,401,401,401,401,401,401,401,401,401,401,401,401,401,401,401,401,401,401
401,401,401,401,401,401,401,401,401,401,401,401,401,401,401,401,401,98041,98041,98041,98041,98041,98041,98041,98041,98041,98041,98041,98041,98041,98041,98041,98041,98041,98041,98041,98041,98041,98041,98041,580,580,580,580,580,580,580,580,580,580,580,580,580,580,580,580,580,580,580,580,580,580,580,580,580,580,580,580,580,580,580,580,580,580,580,580,580,580,580,580,580,580,580,580,580,580,580,580,580,580,580,580,580,580,580,580,580,580,580,580,580,580,580,580,580,580,580,580,580,580,580,580,580,580,580,580,580,580,580,580,580,580,580,580,580,580,580,580,580,580,580,580,580,580,580,580,580,580,580,580,580,580,580,580,580,580,580,580,580,580,580,580,580,580,701,701,701,701,701,701,701,701,5031,5031,5031,5031,5031,5031,5031,5031,5031,5031,5031,5031,5031,5031,5031,5031,5031,5031,5031,5031,5031,5031,5031,5031,5031,5031,5031,5031,5031,5031,5031,5031,5031,5031,5031,5031,5031,501,501,501,501,501,501,501,501,501,501,501,501,501,501,501,501,501,501,501,501,501,501,501,501,501,501,501,501,501,501,501,501,501,501,501,501,501,501,501,501,501,501,501,501,501,501,501,501,501,501,501,501,501,801,801,801,801,801,801,801,801,801,801,801,801,801,801,801,801,801,801,801,801,801,801,801,801,801,801,801,801,801,801,801,801,801,801,801,801,801,801,801,801,801,801,801,801,801,801,801,801,801,801,801,801,801,801,101,101,101,101,101,101,101,101,401,401,401,401,401,401,401,401,401,401,401,401,401,401,401,401,401,401,401,401,401,401,401,401,401,401,401,401,401,401,401,401,401,401,401,401,401,401,401,401,401,401,401,401,401,401
401,401,401,401,401,401,401,401,401,401,401,401,401,401,401,401,401,98041,98041,98041,98041,98041,98041,98041,98041,98041,98041,98041,98041,98041,98041,98041,98041,98041,98041,98041,98041,98041,98041,98041,580,580,580,580,580,580,580,580,580,580,580,580,580,580,580,580,580,580,580,580,580,580,580,580,580,580,580,580,580,580,580,580,580,580,580,580,580,580,580,580,580,580,580,580,580,580,580,580,580,580,580,580,580,580,580,580,580,580,580,580,580,580,580,580,580,580,580,580,580,580,580,580,580,580,580,580,580,580,580,580,580,580,580,580,580,580,580,580,580,580,580,580,580,580,580,580,580,580,580,580,580,580,580,580,580,580,580,580,580,580,580,580,580,580,701,701,701,701,701,701,701,701,5031,5031,5031,5031,5031,5031,5031,5031,5031,5031,5031,5031,5031,5031,5031,5031,5031,5031,5031,5031,5031,5031,5031,5031,5031,5031,5031,5031,5031,5031,5031,5031,5031,5031,5031,5031,5031,501,501,501,501,501,501,501,501,501,501,501,501,501,501,501,501,501,501,501,501,501,501,501,501,501,501,501,501,501,501,501,501,501,501,501,501,501,501,501,501,501,501,501,501,501,501,501,501,501,501,501,501,501,501,801,801,801,801,801,801,801,801,801,801,801,801,801,801,801,801,801,801,801,801,801,801,801,801,801,801,801,801,801,801,801,801,801,801,801,801,801,801,801,801,801,801,801,801,801,801,801,801,801,801,801,801,101,101,101,101,101,101,101,101,401,401,401,401,401,401,401,401,401,401,401,401,401,401,401,401,401,401,401,401,401,401,401,401,401,401,401,401,401,401,401,401,401,401,401,401,401,401,401,401,401,401,401,401,401,401,401
401,401,401,401,401,401,401,401,401,401,401,401,401,401,401,401,401,98041,98041,98041,98041,98041,98041,98041,98041,98041,98041,98041,98041,98041,98041,98041,98041,98041,98041,98041,98041,98041,98041,98041,580,580,580,580,580,580,580,580,580,580,580,580,580,580,580,580,580,580,580,580,580,580,580,580,580,580,580,580,580,580,580,580,580,580,580,580,580,580,580,580,580,580,580,580,580,580,580,580,580,580,580,580,580,580,580,580,580,580,580,580,580,580,580,580,580,580,580,580,580,580,580,580,580,580,580,580,580,580,580,580,580,580,580,580,580,580,580,580,580,580,580,580,580,580,580,580,580,580,580,580,580,580,580,580,580,580,580,580,580,580,580,580,580,580,580,580,580,580,580,580,580,580,5031,5031,5031,5031,5031,5031,5031,5031,5031,5031,5031,5031,5031,5031,5031,5031,5031,5031,5031,5031,5031,5031,5031,5031,5031,5031,5031,5031,5031,5031,5031,5031,5031,5031,5031,5031,5031,501,501,501,501,501,501,501,501,501,501,501,501,501,501,501,501,501,501,501,501,501,501,501,501,501,501,501,501,501,501,501,501,501,501,501,501,501,501,501,501,501,501,501,501,501,501,501,501,501,501,501,501,501,501,801,801,801,801,801,801,801,801,801,801,801,801,801,801,801,801,801,801,801,801,801,801,801,801,801,801,801,801,801,801,801,801,801,801,801,801,801,801,801,801,801,801,801,801,801,801,801,801,801,801,801,801,101,101,101,101,101,101,101,101,401,401,401,401,401,401,401,401,401,401,401,401,401,401,401,401,401,401,401,401,401,401,401,401,401,401,401,401,401,401,401,401,401,401,401,401,401,401,401,401,401,401,401,401,401,401,401
401,401,401,401,401,401,401,401,401,401,401,401,401,401,401,401,401,98041,98041,98041,98041,98041,98041,98041,98041,98041,98041,98041,98041,98041,98041,98041,98041,98041,98041,98041,98041,98041,98041,98041,580,580,580,580,580,580,580,580,580,580,580,580,580,580,580,580,580,580,580,580,580,580,580,580,580,580,580,580,580,580,580,580,580,580,580,580,580,580,580,580,580,580,580,580,580,580,580,580,580,580,580,580,580,580,580,580,580,580,580,580,580,580,580,580,580,580,580,580,580,580,580,580,580,580,580,580,580,580,580,580,580,580,580,580,580,580,580,580,580,580,580,580,580,580,580,580,580,580,580,580,580,580,580,580,580,580,580,580,580,580,580,580,580,580,580,580,580,580,580,580,580,580,580,5031,5031,5031,5031,5031,5031,5031,5031,5031,5031,5031,5031,5031,5031,5031,5031,5031,5031,5031,5031,5031,5031,5031,5031,5031,5031,5031,5031,5031,5031,5031,5031,5031,5031,5031,5031,501,501,5031,5031,5031,5031,5031,501,501,501,501,501,501,501,501,501,501,501,501,501,501,501,501,501,501,501,501,501,501,501,501,501,501,501,501,501,501,501,501,501,501,501,501,501,501,501,501,501,501,501,501,501,501,501,801,801,801,801,801,801,801,801,801,801,801,801,801,801,801,801,801,801,801,801,801,801,801,801,801,801,801,801,801,801,801,801,801,801,801,801,801,801,801,801,801,801,801,801,801,801,801,801,801,801,801,801,801,801,101,101,101,101,101,401,401,401,401,401,401,401,401,401,401,401,401,401,401,401,401,401,401,401,401,401,401,401,401,401,401,401,401,401,401,401,401,401,401,401,401,401,401,401,401,401,401,401,401,401,401,401,401
401,401,401,401,401,401,401,401,401,401,401,401,401,401,401,401,401,98041,98041,98041,98041,98041,98041,98041,98041,98041,98041,98041,98041,98041,98041,98041,98041,98041,98041,98041,98041,98041,98041,98041,580,580,580,580,580,580,580,580,580,580,580,580,580,580,580,580,580,580,580,580,580,580,580,580,580,580,580,580,580,580,580,580,580,580,580,580,580,580,580,580,580,580,580,580,580,580,580,580,580,580,580,580,580,580,580,580,580,580,580,580,580,580,580,580,580,580,580,580,580,580,580,580,580,580,580,580,580,580,580,580,580,580,580,580,580,580,580,580,580,580,580,580,580,580,580,580,580,580,580,580,580,580,580,580,580,580,580,580,580,580,580,580,580,580,580,580,580,580,580,580,580,580,580,5031,5031,5031,5031,5031,5031,5031,5031,5031,5031,5031,5031,5031,5031,5031,5031,5031,5031,5031,5031,5031,5031,5031,5031,5031,5031,5031,5031,5031,5031,5031,5031,5031,5031,5031,5031,5031,5031,5031,5031,5031,5031,5031,501,501,501,501,501,501,501,501,501,501,501,501,501,501,501,501,501,501,501,501,501,501,501,501,501,501,501,501,501,501,501,501,501,501,501,501,501,501,501,501,501,501,501,501,501,501,501,801,801,801,801,801,801,801,801,801,801,801,801,801,801,801,801,801,801,801,801,801,801,801,801,801,801,801,801,801,801,801,801,801,801,801,801,801,801,801,801,801,801,801,801,801,801,801,801,801,801,801,801,801,801,801,801,801,101,401,401,401,401,401,401,401,401,401,401,401,401,401,401,401,401,401,401,401,401,401,401,401,401,401,401,401,401,401,401,401,401,401,401,401,401,401,401,401,401,401,401,401,401,401,401,401,401,401
401,401,401,401,401,401,401,401,401,401,401,401,401,401,401,401,401,98041,98041,98041,98041,98041,98041,98041,98041,98041,98041,98041,98041,98041,98041,98041,98041,98041,98041,98041,98041,98041,98041,98041,580,580,580,580,580,580,580,580,580,580,580,580,580,580,580,580,580,580,580,580,580,580,580,580,580,580,580,580,580,580,580,580,580,580,580,580,580,580,580,580,580,580,580,580,580,580,580,580,580,580,580,580,580,580,580,580,580,580,580,580,580,580,580,580,580,580,580,580,580,580,580,580,580,580,580,580,580,580,580,580,580,580,580,580,580,580,580,580,580,580,580,580,580,580,580,580,580,580,580,580,580,580,580,580,580,580,580,580,580,580,580,580,580,580,580,580,580,580,580,580,580,580,580,5031,5031,5031,5031,5031,5031,5031,5031,5031,5031,5031,5031,5031,5031,5031,5031,5031,5031,5031,5031,5031,5031,5031,5031,5031,5031,5031,5031,5031,5031,5031,5031,5031,5031,5031,5031,5031,5031,5031,5031,5031,5031,5031,501,501,501,501,501,501,501,501,501,501,501,501,501,501,501,501,501,501,501,501,501,501,501,501,501,501,501,501,501,501,501,501,501,501,501,501,501,501,501,501,501,501,501,501,501,501,501,801,801,801,801,801,801,801,801,801,801,801,801,801,801,801,801,801,801,801,801,801,801,801,801,801,801,801,801,801,801,801,801,801,801,801,801,801,801,801,801,801,801,801,801,801,801,801,801,801,801,801,801,801,801,801,801,801,401,401,401,401,401,401,401,401,401,401,401,401,401,401,401,401,401,401,401,401,401,401,401,401,401,401,401,401,401,401,401,401,401,401,401,401,401,401,401,401,401,401,401,401,401,401,401,401,401,401
401,401,401,401,401,401,401,401,401,401,401,401,401,401,401,401,401,98041,98041,98041,98041,98041,98041,98041,98041,98041,98041,98041,98041,98041,98041,98041,98041,98041,98041,98041,98041,98041,98041,98041,580,580,580,580,580,580,580,580,580,580,580,580,580,580,580,580,580,580,580,580,580,580,580,580,580,580,580,580,580,580,580,580,580,580,580,580,580,580,580,580,580,580,580,580,580,580,580,580,580,580,580,580,580,580,580,580,580,580,580,580,580,580,580,580,580,580,580,580,580,580,580,580,580,580,580,580,580,580,580,580,580,580,580,580,580,580,580,580,580,580,580,580,580,580,580,580,580,580,580,580,580,580,580,580,580,580,580,580,580,580,580,580,580,580,580,580,580,580,580,580,580,580,580,5031,5031,5031,5031,5031,5031,5031,5031,5031,5031,5031,5031,5031,5031,5031,5031,5031,5031,5031,5031,5031,5031,5031,5031,5031,5031,5031,5031,5031,5031,5031,5031,5031,5031,5031,5031,5031,5031,5031,5031,5031,5031,5031,501,501,501,501,501,501,501,501,501,501,501,501,501,501,501,501,501,501,501,501,501,501,501,501,501,501,501,501,501,501,501,501,501,501,501,501,501,501,501,501,501,501,501,501,501,501,501,501,801,801,801,801,801,801,801,801,801,801,801,801,801,801,801,801,801,801,801,801,801,801,801,801,801,801,801,801,801,801,801,801,801,801,801,801,801,801,801,801,801,801,801,801,801,801,801,801,801,801,801,801,801,801,801,801,801,401,401,401,401,401,401,401,401,401,401,401,401,401,401,401,401,401,401,401,401,401,401,401,401,401,401,401,401,401,401,401,401,401,401,401,401,401,401,401,401,401,401,401,401,401,401,401,401,401
401,401,401,401,401,401,401,401,401,401,401,401,401,401,401,401,401,98041,98041,98041,98041,98041,98041,98041,98041,98041,98041,98041,98041,98041,98041,98041,98041,98041,98041,98041,98041,98041,98041,98041,98041,580,580,580,580,580,580,580,580,580,580,580,580,580,580,580,580,580,580,580,580,580,580,580,580,580,580,580,580,580,580,580,580,580,580,580,580,580,580,580,580,580,580,580,580,580,580,580,580,580,580,580,580,580,580,580,580,580,580,580,580,580,580,580,580,580,580,580,580,580,580,580,580,580,580,580,580,580,580,580,580,580,580,580,580,580,580,580,580,580,580,580,580,580,580,580,580,580,580,580,580,580,580,580,580,580,580,580,580,580,580,580,580,580,580,580,580,580,580,580,580,580,580,5031,5031,5031,5031,5031,5031,5031,5031,5031,5031,5031,5031,5031,5031,5031,5031,5031,5031,5031,5031,5031,5031,5031,5031,5031,5031,5031,5031,5031,5031,5031,5031,5031,5031,5031,5031,5031,5031,5031,5031,5031,5031,5031,501,5031,5031,5031,5031,5031,501,501,501,501,501,501,501,501,501,501,501,501,501,501,501,501,501,501,501,501,501,501,501,501,501,501,501,501,501,501,501,501,501,501,501,501,501,501,501,501,501,501,801,801,801,801,801,801,801,801,801,801,801,801,801,801,801,801,801,801,801,801,801,801,801,801,801,801,801,801,801,801,801,801,801,801,801,801,801,801,801,801,801,801,801,801,801,801,801,801,801,801,801,801,801,801,801,801,801,401,401,401,401,401,401,401,401,401,401,401,401,401,401,401,401,401,401,401,401,401,401,401,401,401,401,401,401,401,401,401,401,401,401,401,401,401,401,401,401,401,401,401,401,401,401,401,401,401
401,401,401,401,401,401,401,401,401,401,401,401,401,401,401,401,401,98041,98041,98041,98041,98041,98041,98041,98041,98041,98041,98041,98041,98041,98041,98041,98041,98041,98041,98041,98041,98041,98041,98041,98041,580,580,580,580,580,580,580,580,580,580,580,580,580,580,580,580,580,580,580,580,580,580,580,580,580,580,580,580,580,580,580,580,580,580,580,580,580,580,580,580,580,580,580,580,580,580,580,580,580,580,580,580,580,580,580,580,580,580,580,580,580,580,580,580,580,580,580,580,580,580,580,580,580,580,580,580,580,580,580,580,580,580,580,580,580,580,580,580,580,580,580,580,580,580,580,580,580,580,580,580,580,580,580,580,580,580,580,580,580,580,580,580,580,580,580,580,580,580,580,580,580,580,5031,5031,5031,5031,5031,5031,5031,5031,5031,5031,5031,5031,5031,5031,5031,5031,5031,5031,5031,5031,5031,5031,5031,5031,5031,5031,5031,5031,5031,5031,5031,5031,5031,5031,5031,5031,5031,5031,5031,5031,5031,5031,5031,5031,5031,5031,5031,5031,5031,501,501,501,501,501,501,501,501,501,501,501,501,501,501,501,501,501,501,501,501,501,501,501,501,501,501,501,501,501,501,501,501,501,501,501,501,501,501,501,501,501,501,801,801,801,801,801,801,801,801,801,801,801,801,801,801,801,801,801,801,801,801,801,801,801,801,801,801,801,801,801,801,801,801,801,801,801,801,801,801,801,801,801,801,801,801,801,801,801,801,801,801,801,801,801,801,801,801,801,801,401,401,401,401,401,401,401,401,401,401,401,401,401,401,401,401,401,401,401,401,401,401,401,401,401,401,401,401,401,401,401,401,401,401,401,401,401,401,401,401,401,401,401,401,401,401,401,401
401,401,401,401,401,401,401,401,401,401,401,401,401,401,401,401,401,98041,98041,98041,98041,98041,98041,98041,98041,98041,98041,98041,98041,98041,98041,98041,98041,98041,98041,98041,98041,98041,98041,98041,98041,580,580,580,580,580,580,580,580,580,580,580,580,580,580,580,580,580,580,580,580,580,580,580,580,580,580,580,580,580,580,580,580,580,580,580,580,580,580,580,580,580,580,580,580,580,580,580,580,580,580,580,580,580,580,580,580,580,580,580,580,580,580,580,580,580,580,580,580,580,580,580,580,580,580,580,580,580,580,580,580,580,580,580,580,580,580,580,580,580,580,580,580,580,580,580,580,580,580,580,580,580,580,580,580,580,580,580,580,580,580,580,580,580,580,580,580,580,580,580,580,580,580,5031,5031,5031,5031,5031,5031,5031,5031,5031,5031,5031,5031,5031,5031,5031,5031,5031,5031,5031,5031,5031,5031,5031,5031,5031,5031,5031,5031,5031,5031,5031,5031,5031,5031,5031,5031,5031,5031,5031,5031,5031,5031,5031,5031,5031,5031,5031,5031,5031,501,501,501,501,501,501,501,501,501,501,501,501,501,501,501,501,501,501,501,501,501,501,501,501,501,501,501,501,501,501,501,501,501,501,501,501,501,501,501,501,501,501,801,801,801,801,801,801,801,801,801,801,801,801,801,801,801,801,801,801,801,801,801,801,801,801,801,801,801,801,801,801,801,801,801,801,801,801,801,801,801,801,801,801,801,801,801,801,801,801,801,801,801,801,801,801,801,801,801,801,401,401,401,401,401,401,401,401,401,401,401,401,401,401,401,401,401,401,401,401,401,401,401,401,401,401,401,401,401,401,401,401,401,401,401,401,401,401,401,401,401,401,401,401,401,401,401,401
401,401,401,401,401,401,401,401,401,401,401,401,401,401,401,401,401,98041,98041,98041,98041,98041,98041,98041,98041,98041,98041,98041,98041,98041,98041,98041,98041,98041,98041,98041,98041,98041,98041,98041,98041,580,580,580,580,580,580,580,580,580,580,580,580,580,580,580,580,580,580,580,580,580,580,580,580,580,580,580,580,580,580,580,580,580,580,580,580,580,580,580,580,580,580,580,580,580,580,580,580,580,580,580,580,580,580,580,580,580,580,580,580,580,580,580,580,580,580,580,580,580,580,580,580,580,580,580,580,580,580,580,580,580,580,580,580,580,580,580,580,580,580,580,580,580,580,580,580,580,580,580,580,580,580,580,580,580,580,580,580,580,580,580,580,580,580,580,580,580,580,580,580,580,580,5031,5031,5031,5031,5031,5031,5031,5031,5031,5031,5031,5031,5031,5031,5031,5031,5031,5031,5031,5031,5031,5031,5031,5031,5031,5031,5031,5031,5031,5031,5031,5031,5031,5031,5031,5031,5031,5031,5031,5031,5031,5031,5031,5031,5031,5031,5031,5031,5031,501,501,5031,5031,5031,501,501,501,501,501,501,501,501,501,501,501,501,501,501,501,501,501,501,501,501,501,501,501,501,501,501,501,501,501,501,501,501,501,501,501,501,501,501,801,801,801,801,801,801,801,801,801,801,801,801,801,801,801,801,801,801,801,801,801,801,801,801,801,801,801,801,801,801,801,801,801,801,801,801,801,801,801,801,801,801,801,801,801,801,801,801,801,801,801,801,801,801,801,801,801,801,401,401,401,401,401,401,401,401,401,401,401,401,401,401,401,401,401,401,401,401,401,401,401,401,401,401,401,401,401,401,401,401,401,401,401,401,401,401,401,401,401,401,401,401,401,401,401
401,401,401,401,401,401,401,401,401,401,401,401,401,401,401,401,401,98041,98041,98041,98041,98041,98041,98041,98041,98041,98041,98041,98041,98041,98041,98041,98041,98041,98041,98041,98041,98041,98041,98041,98041,580,580,580,580,580,580,580,580,580,580,580,580,580,580,580,580,580,580,580,580,580,580,580,580,580,580,580,580,580,580,580,580,580,580,580,580,580,580,580,580,580,580,580,580,580,580,580,580,580,580,580,580,580,580,580,580,580,580,580,580,580,580,580,580,580,580,580,580,580,580,580,580,580,580,580,580,580,580,580,580,580,580,580,580,580,580,580,580,580,580,580,580,580,580,580,580,580,580,580,580,580,580,580,580,580,580,580,580,580,580,580,580,580,580,580,580,580,580,580,580,580,580,5031,5031,5031,5031,5031,5031,5031,5031,5031,5031,5031,5031,5031,5031,5031,5031,5031,5031,5031,5031,5031,5031,5031,5031,5031,5031,5031,5031,5031,5031,5031,5031,5031,5031,5031,5031,5031,5031,5031,5031,5031,5031,5031,5031,5031,5031,5031,5031,5031,5031,5031,5031,5031,5031,501,501,501,501,501,501,501,501,501,501,501,501,501,501,501,501,501,501,501,501,501,501,501,501,501,501,501,501,501,501,501,501,501,501,501,501,501,501,801,801,801,606,606,801,801,801,801,801,801,801,801,801,801,801,801,801,801,801,801,801,801,801,801,801,801,801,801,801,801,801,801,801,801,801,801,801,801,801,801,801,801,801,801,801,801,801,801,801,801,801,801,801,801,801,801,401,401,401,401,401,401,401,401,401,401,401,401,401,401,401,401,401,401,401,401,401,401,401,401,401,401,401,401,401,401,401,401,401,401,401,401,401,401,401,401,401,401,401,401,401,401,401,401
401,401,401,401,401,401,401,401,401,401,401,401,401,401,401,401,98041,98041,98041,98041,98041,98041,98041,98041,98041,98041,98041,98041,98041,98041,98041,98041,98041,98041,98041,98041,98041,98041,98041,98041,98041,580,580,580,580,580,580,580,580,580,580,580,580,580,580,580,580,580,580,580,580,580,580,580,580,580,580,580,580,580,580,580,580,580,580,580,580,580,580,580,580,580,580,580,580,580,580,580,580,580,580,580,580,580,580,580,580,580,580,580,580,580,580,580,580,580,580,580,580,580,580,580,580,580,580,580,580,580,580,580,580,580,580,580,580,580,580,580,580,580,580,580,580,580,580,580,580,580,580,580,580,580,580,580,580,580,580,580,580,580,580,580,580,580,580,580,580,580,580,580,580,580,580,5031,5031,5031,5031,5031,5031,5031,5031,5031,5031,5031,5031,5031,5031,5031,5031,5031,5031,5031,5031,5031,5031,5031,5031,5031,5031,5031,5031,5031,5031,5031,5031,5031,5031,5031,5031,5031,5031,5031,5031,5031,5031,5031,5031,5031,5031,5031,5031,5031,5031,5031,5031,5031,5031,501,501,501,501,501,501,501,501,501,501,501,501,501,501,501,501,501,501,501,501,501,501,501,501,501,501,501,501,501,501,501,501,501,501,501,501,501,501,801,801,801,606,606,606,801,801,801,801,801,801,801,801,801,801,801,801,801,801,801,801,801,801,801,801,801,801,801,801,801,801,801,801,801,801,801,801,801,801,801,801,801,801,801,801,801,801,801,801,801,801,801,801,801,801,801,801,401,401,401,401,401,401,401,401,401,401,401,401,401,401,401,401,401,401,401,401,401,401,401,401,401,401,401,401,401,401,401,401,401,401,401,401,401,401,401,401,401,401,401,401,401,401,401
401,401,401,401,401,401,401,401,401,401,401,401,401,401,401,401,98041,98041,98041,98041,98041,98041,98041,98041,98041,98041,98041,98041,98041,98041,98041,98041,98041,98041,98041,98041,98041,98041,98041,98041,98041,580,580,580,580,580,580,580,580,580,580,580,580,580,580,580,580,580,580,580,580,580,580,580,580,580,580,580,580,580,580,580,580,580,580,580,580,580,580,580,580,580,580,580,580,580,580,580,580,580,580,580,580,580,580,580,580,580,580,580,580,580,580,580,580,580,580,580,580,580,580,580,580,580,580,580,580,580,580,580,580,580,580,580,580,580,580,580,580,580,580,580,580,580,580,580,580,580,580,580,580,580,580,580,580,580,580,580,580,580,580,580,580,580,580,580,580,580,580,580,580,580,580,5031,5031,5031,5031,5031,5031,5031,5031,5031,5031,5031,5031,5031,5031,5031,5031,5031,5031,5031,5031,5031,5031,5031,5031,5031,5031,5031,5031,5031,5031,5031,5031,5031,5031,5031,5031,5031,5031,5031,5031,5031,5031,5031,5031,5031,5031,5031,5031,5031,5031,5031,5031,5031,5031,501,501,501,501,501,501,501,501,501,501,501,501,501,501,501,501,501,501,501,501,501,501,501,501,501,501,501,501,501,501,501,501,501,501,501,501,501,501,501,801,606,606,606,606,606,801,801,801,801,801,801,801,801,801,801,801,801,801,801,801,801,801,801,801,801,801,801,801,801,801,801,801,801,801,801,801,801,801,801,801,801,801,801,801,801,801,801,801,801,801,801,801,801,801,801,801,801,401,401,401,401,401,401,401,401,401,401,401,401,401,401,401,401,401,401,401,401,401,401,401,401,401,401,401,401,401,401,401,401,401,401,401,401,401,401,401,401,401,401,401,401,401,401
401,401,401,401,401,401,401,401,401,401,401,401,401,401,401,401,98041,98041,98041,98041,98041,98041,98041,98041,98041,98041,98041,98041,98041,98041,98041,98041,98041,98041,98041,98041,98041,98041,98041,98041,98041,580,580,580,580,580,580,580,580,580,580,580,580,580,580,580,580,580,580,580,580,580,580,580,580,580,580,580,580,580,580,580,580,580,580,580,580,580,580,580,580,580,580,580,580,580,580,580,580,580,580,580,580,580,580,580,580,580,580,580,580,580,580,580,580,580,580,580,580,580,580,580,580,580,580,580,580,580,580,580,580,580,580,580,580,580,580,580,580,580,580,580,580,580,580,580,580,580,580,580,580,580,580,580,580,580,580,580,580,580,580,580,580,580,580,580,580,580,580,580,580,580,580,5031,5031,5031,5031,5031,5031,5031,5031,5031,5031,5031,5031,5031,5031,5031,5031,5031,5031,5031,5031,5031,5031,5031,5031,5031,5031,5031,5031,5031,5031,5031,5031,5031,5031,5031,5031,5031,5031,5031,5031,5031,5031,5031,5031,5031,5031,5031,5031,5031,5031,5031,5031,5031,5031,501,501,501,501,501,501,501,501,501,501,501,501,501,501,501,501,501,501,501,501,501,501,501,501,501,501,501,501,501,501,501,501,501,501,501,501,501,501,501,606,606,606,606,606,606,606,801,801,801,801,801,801,801,801,801,801,801,801,801,801,801,801,801,801,801,801,801,801,801,801,801,801,801,801,801,801,801,801,801,801,801,801,801,801,801,801,801,801,801,801,801,801,801,801,801,801,801,401,401,401,401,401,401,401,401,401,401,401,401,401,401,401,401,401,401,401,401,401,401,401,401,401,401,401,401,401,401,401,401,401,401,401,401,401,401,401,401,401,401,401,401,401,401
401,401,401,401,401,401,401,401,401,401,401,401,401,401,401,401,98041,98041,98041,98041,98041,98041,98041,98041,98041,98041,98041,98041,98041,98041,98041,98041,98041,98041,98041,98041,98041,98041,98041,98041,98041,580,580,580,580,580,580,580,580,580,580,580,580,580,580,580,580,580,580,580,580,580,580,580,580,580,580,580,580,580,580,580,580,580,580,580,580,580,580,580,580,580,580,580,580,580,580,580,580,580,580,580,580,580,580,580,580,580,580,580,580,580,580,580,580,580,580,580,580,580,580,580,580,580,580,580,580,580,580,580,580,580,580,580,580,580,580,580,580,580,580,580,580,580,580,580,580,580,580,580,580,580,580,580,580,580,580,580,580,580,580,580,580,580,580,580,580,580,580,580,580,580,580,5031,5031,5031,5031,5031,5031,5031,5031,5031,5031,5031,5031,5031,5031,5031,5031,5031,5031,5031,5031,5031,5031,5031,5031,5031,5031,5031,5031,5031,5031,5031,5031,5031,5031,5031,5031,5031,5031,5031,5031,5031,5031,5031,5031,5031,5031,5031,5031,5031,5031,5031,5031,5031,5031,5031,501,501,501,501,501,501,501,501,501,501,501,501,501,501,501,501,501,501,501,501,501,501,501,501,501,501,501,501,501,501,501,501,501,501,501,501,501,501,501,606,606,606,606,606,606,606,801,606,606,606,801,801,801,801,801,801,801,801,801,801,801,801,801,801,801,801,801,801,801,801,801,801,801,801,801,801,801,801,801,801,801,801,801,801,801,801,801,801,801,801,801,801,801,801,801,801,801,401,401,401,401,401,401,401,401,401,401,401,401,401,401,401,401,401,401,401,401,401,401,401,401,401,401,401,401,401,401,401,401,401,401,401,401,401,401,401,401,401,401,401,401,401
401,401,401,401,401,401,401,401,401,401,401,401,401,401,401,98041,98041,98041,98041,98041,98041,98041,98041,98041,98041,98041,98041,98041,98041,98041,98041,98041,98041,98041,98041,98041,98041,98041,98041,98041,98041,580,580,580,580,580,580,580,580,580,580,580,580,580,580,580,580,580,580,580,580,580,580,580,580,580,580,580,580,580,580,580,580,580,580,580,580,580,580,580,580,580,580,580,580,580,580,580,580,580,580,580,580,580,580,580,580,580,580,580,580,580,580,580,580,580,580,580,580,580,580,580,580,580,580,580,580,580,580,580,580,580,580,580,580,580,580,580,580,580,580,580,580,580,580,580,580,580,580,580,580,580,580,580,580,580,580,580,580,580,580,580,580,580,580,580,580,580,580,580,580,580,580,5031,5031,5031,5031,5031,5031,5031,5031,5031,5031,5031,5031,5031,5031,5031,5031,5031,5031,5031,5031,5031,5031,5031,5031,5031,5031,5031,5031,5031,5031,5031,5031,5031,5031,5031,5031,5031,5031,5031,5031,5031,5031,5031,5031,5031,5031,5031,5031,5031,5031,5031,5031,5031,5031,5031,501,501,501,501,501,501,501,501,501,501,501,501,501,501,501,501,501,501,501,501,501,501,501,501,501,501,501,501,501,501,501,501,501,501,501,501,501,501,501,501,606,606,606,606,606,606,606,606,606,606,606,801,801,801,801,801,801,801,801,801,801,801,801,801,801,801,801,801,801,801,801,801,801,801,801,801,801,801,801,801,801,801,801,801,801,801,801,801,801,801,801,801,801,801,801,801,801,401,401,401,401,401,401,401,401,401,401,401,401,401,401,401,401,401,401,401,401,401,401,401,401,401,401,401,401,401,401,401,401,401,401,401,401,401,401,401,401,401,401,401,401,401
401,401,401,401,401,401,401,401,401,401,401,401,401,401,98041,98041,98041,98041,98041,98041,98041,98041,98041,98041,98041,98041,98041,98041,98041,98041,98041,98041,98041,98041,98041,98041,98041,98041,98041,98041,98041,580,580,580,580,580,580,580,580,580,580,580,580,580,580,580,580,580,580,580,580,580,580,580,580,580,580,580,580,580,580,580,580,580,580,580,580,580,580,580,580,580,580,580,580,580,580,580,580,580,580,580,580,580,580,580,580,580,580,580,580,580,580,580,580,580,580,580,580,580,580,580,580,580,580,580,580,580,580,580,580,580,580,580,580,580,580,580,580,580,580,580,580,580,580,580,580,580,580,580,580,580,580,580,580,580,580,580,580,580,580,580,580,580,580,580,580,580,580,580,580,580,580,580,5031,5031,5031,5031,5031,5031,5031,5031,5031,5031,5031,5031,5031,5031,5031,5031,5031,5031,5031,5031,5031,5031,5031,5031,5031,5031,5031,5031,5031,5031,5031,5031,5031,5031,5031,5031,5031,5031,5031,5031,5031,5031,5031,5031,5031,5031,5031,5031,5031,5031,5031,5031,5031,5031,501,501,501,501,501,501,501,501,501,501,501,501,501,501,501,501,501,501,501,501,501,501,501,501,501,501,501,501,501,501,501,501,501,501,501,501,501,501,501,501,501,606,606,606,606,606,606,606,606,606,606,606,801,801,801,801,801,801,801,801,801,801,801,801,801,801,801,801,801,801,801,801,801,801,801,801,801,801,801,801,801,801,801,801,801,801,801,801,801,801,801,801,801,801,801,801,801,801,401,401,401,401,401,401,401,401,401,401,401,401,401,401,401,401,401,401,401,401,401,401,401,401,401,401,401,401,401,401,401,401,401,401,401,401,401,401,401,401,401,401,401,401
401,401,401,401,401,401,401,401,401,401,401,401,401,401,98041,98041,98041,98041,98041,98041,98041,98041,98041,98041,98041,98041,98041,98041,98041,98041,98041,98041,98041,98041,98041,98041,98041,98041,98041,98041,98041,580,580,580,580,580,580,580,580,580,580,580,580,580,580,580,580,580,580,580,580,580,580,580,580,580,580,580,580,580,580,580,580,580,580,580,580,580,580,580,580,580,580,580,580,580,580,580,580,580,580,580,580,580,580,580,580,580,580,580,580,580,580,580,580,580,580,580,580,580,580,580,580,580,580,580,580,580,580,580,580,580,580,580,580,580,580,580,580,580,580,580,580,580,580,580,580,580,580,580,580,580,580,580,580,580,580,580,580,580,580,580,580,580,580,580,580,580,580,580,580,580,580,580,5031,5031,5031,5031,5031,5031,5031,5031,5031,5031,5031,5031,5031,5031,5031,5031,5031,5031,5031,5031,5031,5031,5031,5031,5031,5031,5031,5031,5031,5031,5031,5031,5031,5031,5031,5031,5031,5031,5031,5031,5031,5031,5031,5031,5031,5031,5031,5031,5031,5031,5031,5031,5031,5031,501,501,501,501,501,501,501,501,501,501,501,501,501,501,501,501,501,501,501,501,501,501,501,501,501,501,501,501,501,501,501,501,501,501,501,501,501,501,501,501,501,501,606,606,606,606,606,606,606,606,606,606,606,606,801,801,801,801,801,801,801,801,801,801,801,801,801,801,801,801,801,801,801,801,801,801,801,801,801,801,801,801,801,801,801,801,801,801,801,801,801,801,801,801,801,801,801,801,401,401,401,401,401,401,401,401,401,401,401,401,401,401,401,401,401,401,401,401,401,401,401,401,401,401,401,401,401,401,401,401,401,401,401,401,401,401,401,401,401,401,401,401
401,401,401,401,401,401,401,401,401,401,401,401,401,98041,98041,98041,98041,98041,98041,98041,98041,98041,98041,98041,98041,98041,98041,98041,98041,98041,98041,98041,98041,98041,98041,98041,98041,98041,98041,98041,98041,580,580,580,580,580,580,580,580,580,580,580,580,580,580,580,580,580,580,580,580,580,580,580,580,580,580,580,580,580,580,580,580,580,580,580,580,580,580,580,580,580,580,580,580,580,580,580,580,580,580,580,580,580,580,580,580,580,580,580,580,580,580,580,501,580,580,580,580,580,580,580,580,580,580,580,580,580,580,580,580,580,580,580,580,580,580,580,580,580,580,580,580,580,580,580,580,580,580,580,580,580,580,580,580,580,580,580,580,580,580,580,580,580,580,580,580,580,580,580,580,580,580,580,5031,5031,5031,5031,5031,5031,5031,5031,5031,5031,5031,5031,5031,5031,5031,5031,5031,5031,5031,5031,5031,5031,5031,5031,5031,5031,5031,5031,5031,5031,5031,5031,5031,5031,5031,5031,5031,5031,5031,5031,5031,5031,5031,5031,5031,5031,5031,5031,5031,5031,5031,5031,5031,5031,501,501,501,501,501,501,501,501,501,501,501,501,501,501,501,501,501,501,501,501,501,501,501,501,501,501,501,501,501,501,501,501,501,501,501,501,501,501,501,501,501,501,501,606,606,606,606,606,606,606,606,606,606,606,606,801,606,606,606,801,801,801,801,801,801,801,801,801,801,801,801,801,801,801,801,801,801,801,801,801,801,801,801,801,801,801,801,801,801,801,801,801,801,801,801,801,801,801,801,401,401,401,401,401,401,401,401,401,401,401,401,401,401,401,401,401,401,401,401,401,401,401,401,401,401,401,401,401,401,401,401,401,401,401,401,401,401,401,401,401,401,401
401,401,401,401,401,401,401,401,401,401,401,401,98041,98041,98041,98041,98041,98041,98041,98041,98041,98041,98041,98041,98041,98041,98041,98041,98041,98041,98041,98041,98041,98041,98041,98041,98041,98041,98041,98041,98041,580,580,580,580,580,580,580,580,580,580,580,580,580,580,580,580,580,580,580,580,580,580,580,580,580,580,580,580,580,580,580,580,580,580,580,580,580,580,580,580,580,580,580,580,580,580,580,580,580,580,580,580,580,580,580,580,580,580,580,580,580,580,580,501,501,580,580,580,580,580,580,580,580,580,580,580,580,580,580,580,580,580,580,580,580,580,580,580,580,580,580,580,580,580,580,580,580,580,580,580,580,580,580,580,580,580,580,580,580,580,580,580,580,580,580,580,580,580,580,580,580,580,580,5031,5031,5031,5031,5031,5031,5031,5031,5031,5031,5031,5031,5031,5031,5031,5031,5031,5031,5031,5031,5031,5031,5031,5031,5031,5031,5031,5031,5031,5031,5031,5031,5031,5031,5031,5031,5031,5031,5031,5031,5031,5031,5031,5031,5031,5031,5031,5031,5031,5031,5031,5031,5031,5031,501,501,501,501,501,501,501,501,501,501,501,501,501,501,501,501,501,501,501,501,501,501,501,501,501,501,501,501,501,501,501,501,501,501,501,501,501,501,501,501,501,501,501,501,606,606,606,606,606,606,606,606,606,606,606,606,606,606,606,606,801,801,801,606,801,801,801,801,801,801,606,801,801,801,801,801,801,801,801,801,801,801,801,801,801,801,801,801,801,801,801,801,801,801,801,801,801,801,801,801,401,401,401,401,401,401,401,401,401,401,401,401,401,401,401,401,401,401,401,401,401,401,401,401,401,401,401,401,401,401,401,401,401,401,401,401,401,401,401,401,401,401
401,401,401,401,401,401,401,401,401,401,401,401,98041,98041,98041,98041,98041,98041,98041,98041,98041,98041,98041,98041,98041,98041,98041,98041,98041,98041,98041,98041,98041,98041,98041,98041,98041,98041,98041,98041,98041,580,580,580,580,580,580,580,580,580,580,580,580,580,580,580,580,580,580,580,580,580,580,580,580,580,580,580,580,580,580,580,580,580,580,580,580,580,580,580,580,580,580,580,580,580,580,580,580,580,580,580,580,580,580,580,580,580,580,580,580,580,580,501,501,501,580,580,580,580,580,580,580,580,580,580,580,580,580,580,580,580,580,580,580,580,580,580,580,580,580,580,580,580,580,580,580,580,580,580,580,580,580,580,580,580,580,580,580,580,580,580,580,580,580,580,580,580,580,580,580,580,580,580,5031,5031,5031,5031,5031,5031,5031,5031,5031,5031,5031,5031,5031,5031,5031,5031,5031,5031,5031,5031,5031,5031,5031,5031,5031,5031,5031,5031,5031,5031,5031,5031,5031,5031,5031,5031,5031,5031,5031,5031,5031,5031,5031,5031,5031,5031,5031,5031,5031,5031,5031,5031,5031,5031,501,501,501,501,501,501,501,501,501,501,501,501,501,501,501,501,501,501,501,501,501,501,501,501,501,501,501,501,501,501,501,501,501,501,501,501,501,501,501,501,501,501,501,501,501,501,606,606,606,606,606,606,606,606,606,606,606,606,606,606,606,606,606,606,606,606,801,801,801,606,606,606,606,801,801,801,801,606,801,801,801,801,801,801,801,801,801,801,801,801,801,801,801,801,801,801,801,801,801,801,401,401,401,401,401,401,401,401,401,401,401,401,401,401,401,401,401,401,401,401,401,401,401,401,401,401,401,401,401,401,401,401,401,401,401,401,401,401,401,401,401,401
401,401,401,401,401,401,401,401,401,401,401,98041,98041,98041,98041,98041,98041,98041,98041,98041,98041,98041,98041,98041,98041,98041,98041,98041,98041,98041,98041,98041,98041,98041,98041,98041,98041,98041,98041,98041,98041,580,580,580,580,580,580,580,580,580,580,580,580,580,580,580,580,580,580,580,580,580,580,580,580,580,580,580,580,580,580,580,580,580,580,580,580,580,580,580,580,580,580,580,580,580,580,580,580,580,580,580,580,580,580,580,580,580,580,580,580,580,580,501,501,501,501,580,580,580,580,580,580,580,580,580,580,580,580,580,580,580,580,580,580,580,580,580,580,580,580,580,580,580,580,580,580,580,580,580,580,580,580,580,580,580,580,580,580,580,580,580,580,580,580,580,580,580,580,580,580,580,580,580,580,5031,5031,5031,5031,5031,5031,5031,5031,5031,5031,5031,5031,5031,5031,5031,5031,5031,5031,5031,5031,5031,5031,5031,5031,5031,5031,5031,5031,5031,5031,5031,5031,5031,5031,5031,5031,5031,5031,5031,5031,5031,5031,5031,5031,5031,5031,5031,5031,5031,5031,5031,5031,5031,501,501,501,501,501,501,501,501,501,501,501,501,501,501,501,501,501,501,501,501,501,501,501,501,501,501,501,501,501,501,501,501,501,501,501,501,501,501,501,501,501,501,501,501,501,501,501,606,606,606,606,606,606,606,606,606,606,606,606,606,606,606,606,606,606,606,606,606,606,606,606,606,606,606,606,801,801,606,801,801,801,801,801,801,801,801,801,801,801,801,801,801,801,801,801,801,801,801,801,801,801,401,401,401,401,401,401,401,401,401,401,401,401,401,401,401,401,401,401,401,401,401,401,401,401,401,401,401,401,401,401,401,401,401,401,401,401,401,401,401,401,401
401,401,401,401,401,401,401,401,401,401,401,98041,98041,98041,98041,98041,98041,98041,98041,98041,98041,98041,98041,98041,98041,98041,98041,98041,98041,98041,98041,456,456,456,456,456,456,456,456,456,580,580,580,580,580,580,580,580,580,580,580,580,580,580,580,580,580,580,580,580,580,580,580,580,580,580,580,580,580,580,580,580,580,580,580,580,580,580,580,580,580,580,580,580,580,580,580,580,580,580,580,580,580,580,580,580,580,580,580,580,580,580,501,501,501,501,501,580,580,580,580,580,580,580,580,580,580,580,580,580,580,580,580,580,580,580,580,580,580,580,580,580,580,580,580,580,580,580,580,580,580,580,580,580,580,580,580,580,580,580,580,580,580,580,580,580,580,580,580,580,580,580,580,580,580,5031,5031,5031,5031,5031,5031,5031,5031,5031,5031,5031,5031,5031,5031,5031,5031,5031,5031,5031,5031,5031,5031,5031,5031,5031,5031,5031,5031,5031,5031,5031,5031,5031,5031,5031,5031,5031,5031,5031,5031,5031,5031,5031,5031,5031,5031,5031,5031,5031,5031,5031,5031,5031,501,501,501,501,501,501,501,501,501,501,501,501,501,501,501,501,501,501,501,501,501,501,501,501,501,501,501,501,501,501,501,501,501,501,501,501,501,501,501,501,501,501,501,501,501,501,501,501,501,606,606,606,606,606,606,606,606,606,606,606,606,606,606,606,606,606,606,606,606,606,606,606,606,606,606,606,606,606,801,801,801,801,801,801,801,801,801,801,801,801,801,801,801,801,801,801,801,801,801,801,801,801,401,401,401,401,401,401,401,401,401,401,401,401,401,401,401,401,401,401,401,401,401,401,401,401,401,401,401,401,401,401,401,401,401,401,401,401,401,401,401,401
401,401,401,401,401,401,401,401,401,401,98041,98041,98041,98041,98041,98041,98041,98041,98041,98041,98041,98041,98041,98041,98041,98041,98041,98041,98041,98041,98041,456,456,456,456,456,456,456,456,456,456,456,580,580,580,580,580,580,580,580,580,580,580,580,580,580,580,580,580,580,580,580,580,580,580,580,580,580,580,580,580,580,580,580,580,580,580,580,580,580,580,580,580,580,580,580,580,580,580,580,580,580,580,580,580,580,580,580,580,580,580,501,501,501,501,501,501,501,580,580,580,580,580,580,580,580,580,580,580,580,580,580,580,580,580,580,580,580,580,580,580,580,580,580,580,580,580,580,580,580,580,580,580,580,580,580,580,580,580,580,580,580,580,580,580,580,580,580,580,580,580,580,580,580,580,5031,5031,5031,5031,5031,5031,5031,5031,5031,5031,5031,5031,5031,5031,5031,5031,5031,5031,5031,5031,5031,5031,5031,5031,5031,5031,5031,5031,5031,5031,5031,5031,5031,5031,5031,5031,5031,5031,5031,5031,5031,5031,5031,5031,5031,5031,5031,5031,5031,5031,5031,501,501,501,501,501,501,501,501,501,501,501,501,501,501,501,501,501,501,501,501,501,501,501,501,501,501,501,501,501,501,501,501,501,501,501,501,501,501,501,501,501,501,501,501,501,501,501,501,501,501,501,501,501,606,606,606,606,606,606,606,606,606,606,606,606,606,606,606,606,606,606,606,606,606,606,606,606,606,606,606,801,801,801,801,801,801,801,801,801,801,801,801,801,801,801,801,801,801,801,801,801,801,801,801,401,401,401,401,401,401,401,401,401,401,401,401,401,401,401,401,401,401,401,401,401,401,401,401,401,401,401,401,401,401,401,401,401,401,401,401,401,401,401,401
401,401,401,401,401,401,401,401,401,98041,98041,98041,98041,98041,98041,98041,98041,98041,98041,98041,98041,98041,98041,98041,98041,98041,98041,98041,98041,98041,98041,456,456,456,456,456,456,456,456,456,456,456,456,580,580,580,580,580,580,580,580,580,580,580,580,580,580,580,580,580,580,580,580,580,580,580,580,580,580,580,580,580,580,580,580,580,580,580,580,580,580,580,580,580,580,580,580,580,580,580,580,580,580,580,580,580,580,580,580,580,580,501,501,501,501,501,501,501,501,580,580,580,580,580,580,580,580,580,580,580,580,580,580,580,580,580,580,580,580,580,580,580,580,580,580,580,580,580,580,580,580,580,580,580,580,580,580,580,580,580,580,580,580,580,580,580,580,580,580,580,580,580,580,580,580,5031,5031,5031,5031,5031,5031,5031,5031,5031,5031,5031,5031,5031,5031,5031,5031,5031,5031,5031,5031,5031,5031,5031,5031,5031,5031,5031,5031,5031,5031,5031,5031,5031,5031,5031,5031,5031,5031,5031,5031,5031,5031,5031,5031,5031,5031,5031,5031,5031,5031,501,501,501,501,501,501,501,501,501,501,501,501,501,501,501,501,501,501,501,501,501,501,501,501,501,501,501,501,501,501,501,501,501,501,501,501,501,501,501,501,501,501,501,501,501,501,501,501,501,501,501,501,501,501,501,606,606,606,606,606,606,606,606,606,606,606,606,606,606,606,606,606,606,606,606,606,606,606,606,606,801,801,801,801,801,801,801,801,801,801,801,801,801,801,801,801,801,801,801,801,801,801,801,801,801,801,401,401,401,401,401,401,401,401,401,401,401,401,401,401,401,401,401,401,401,401,401,401,401,401,401,401,401,401,401,401,401,401,401,401,401,401,401,401,401
401,401,401,401,401,401,401,401,401,456,456,456,456,456,98041,98041,98041,98041,98041,98041,98041,98041,98041,98041,98041,98041,98041,98041,98041,98041,98041,98041,456,456,456,456,456,456,456,456,456,456,456,456,456,580,580,580,580,580,580,580,580,580,580,580,580,580,580,580,580,580,580,580,580,580,580,580,580,580,580,580,580,580,580,580,580,580,580,580,580,580,580,580,580,580,580,580,580,580,580,580,580,580,580,580,580,580,580,580,501,501,501,501,501,501,501,501,501,580,580,580,580,580,580,580,580,580,580,580,580,580,580,580,580,580,580,580,580,580,580,580,580,580,580,580,580,580,580,580,580,580,580,580,580,580,580,580,580,580,580,580,580,580,580,580,580,580,580,580,580,580,580,580,580,580,5031,5031,5031,5031,5031,5031,5031,5031,5031,5031,5031,5031,5031,5031,5031,5031,5031,5031,5031,5031,5031,5031,5031,5031,5031,5031,5031,5031,5031,5031,5031,5031,5031,5031,5031,5031,5031,5031,5031,5031,5031,5031,5031,5031,5031,5031,5031,5031,501,501,501,501,501,501,501,501,501,501,501,501,501,501,501,501,501,501,501,501,501,501,501,501,501,501,501,501,501,501,501,501,501,501,501,501,501,501,501,501,501,501,501,501,501,501,501,501,501,501,501,501,501,501,501,501,501,501,501,501,606,606,606,606,606,606,606,606,606,606,606,606,606,606,606,606,606,606,606,606,801,801,801,801,801,801,801,801,801,801,801,801,801,801,801,801,801,801,801,801,801,801,801,801,501,501,401,401,401,401,401,401,401,401,401,401,401,401,401,401,401,401,401,401,401,401,401,401,401,401,401,401,401,401,401,401,401,401,401,401,401,401,401,401,401,401
401,401,401,401,401,401,401,401,456,456,456,456,456,456,456,456,456,456,456,456,456,456,456,456,456,456,456,456,456,456,456,456,456,456,456,456,456,456,456,456,456,456,456,456,456,456,580,580,580,580,580,580,580,580,580,580,580,580,580,580,580,580,580,580,580,580,580,580,580,580,580,580,580,580,580,580,580,580,580,580,580,580,580,580,580,580,580,580,580,580,580,580,580,580,580,580,580,580,580,580,501,501,501,501,501,501,501,501,501,501,580,580,580,580,580,580,580,580,580,580,580,580,580,580,580,580,580,580,580,580,580,580,580,580,580,580,580,580,580,580,580,580,580,580,580,580,580,580,580,580,580,580,580,580,580,580,580,580,580,580,580,580,580,580,580,580,5031,5031,5031,5031,5031,5031,5031,5031,5031,5031,5031,5031,5031,5031,5031,5031,5031,5031,5031,5031,5031,5031,5031,5031,5031,5031,5031,5031,5031,5031,5031,5031,5031,5031,5031,5031,5031,5031,5031,5031,5031,5031,5031,5031,5031,5031,5031,501,501,501,501,501,501,501,501,501,501,501,501,501,501,501,501,501,501,501,501,501,501,501,501,501,501,501,501,501,501,501,501,501,501,501,501,501,501,501,501,501,501,501,501,501,501,501,501,501,501,501,501,501,501,501,501,501,501,501,501,501,501,501,501,501,501,501,501,501,501,606,606,606,606,606,606,606,606,606,606,606,801,801,801,801,801,801,801,801,801,801,801,801,801,801,801,801,801,801,801,801,801,801,501,501,401,401,401,401,401,401,401,401,401,401,401,401,401,401,401,401,401,401,401,401,401,401,401,401,401,401,401,401,401,401,401,401,401,401,401,401,401,401,401,401,401,401
401,401,401,401,401,401,401,456,456,456,456,456,456,456,456,456,456,456,456,456,456,456,456,456,456,456,456,456,456,456,456,456,456,456,456,456,456,456,456,456,456,456,456,456,456,456,456,456,580,580,580,580,580,580,580,580,580,580,580,580,580,580,580,580,580,580,580,580,580,580,580,580,580,580,580,580,580,580,580,580,580,580,580,580,580,580,580,580,580,580,580,580,580,580,580,580,580,580,580,501,501,501,501,501,501,501,501,501,501,501,501,580,580,580,580,580,580,580,580,580,580,580,580,580,580,580,580,580,580,580,580,580,580,580,580,580,580,580,580,580,580,580,580,580,580,580,580,580,580,580,580,580,580,580,580,580,580,580,580,580,580,580,580,580,580,580,5031,5031,5031,5031,5031,5031,5031,5031,5031,5031,5031,5031,5031,5031,5031,5031,5031,5031,5031,5031,5031,5031,5031,5031,5031,5031,5031,5031,5031,5031,5031,5031,5031,5031,5031,5031,5031,5031,5031,5031,5031,5031,5031,5031,5031,5031,501,501,501,501,501,501,501,501,501,501,501,501,501,501,501,501,501,501,501,501,501,501,501,501,501,501,501,501,501,501,501,501,501,501,501,501,501,501,501,501,501,501,501,501,501,501,501,501,501,501,501,501,501,501,501,501,501,501,501,501,501,501,501,501,501,501,501,501,501,501,501,501,501,501,501,501,501,501,501,501,606,801,801,801,801,801,801,801,801,801,801,801,801,801,801,801,801,801,801,801,801,801,501,501,401,401,401,401,401,401,401,401,401,401,401,401,401,401,401,401,401,401,401,401,401,401,401,401,401,401,401,401,401,401,401,401,401,401,401,401,401,401,401,401,401,401,401,401
401,401,401,401,401,401,456,456,456,456,456,456,456,456,456,456,456,456,456,456,456,456,456,456,456,456,456,456,456,456,456,456,456,456,456,456,456,456,456,456,456,456,456,456,456,456,456,456,456,456,580,580,580,580,580,580,580,580,580,580,580,580,580,580,580,580,580,580,580,580,580,580,580,580,580,580,580,580,580,580,580,580,580,580,580,580,580,580,580,580,580,580,580,580,580,580,580,580,501,501,501,501,501,501,501,501,501,501,501,501,501,501,580,580,580,580,580,580,580,580,580,580,580,580,580,580,580,580,580,580,580,580,580,580,580,580,580,580,580,580,580,580,580,580,580,580,580,580,580,580,580,580,580,580,580,580,580,580,580,580,580,580,580,580,580,580,5031,5031,5031,5031,5031,5031,5031,5031,5031,5031,5031,5031,5031,5031,5031,5031,5031,5031,5031,5031,5031,5031,5031,5031,5031,5031,5031,5031,5031,5031,5031,5031,5031,5031,5031,5031,5031,5031,5031,5031,5031,5031,5031,5031,5031,5031,501,501,501,501,501,501,501,501,501,501,501,501,501,501,501,501,501,501,501,501,501,501,501,501,501,501,501,501,501,501,501,501,501,501,501,501,501,501,501,501,501,501,501,501,501,501,501,501,501,501,501,501,501,501,501,501,501,501,501,501,501,501,501,501,501,501,501,501,501,501,501,501,501,501,501,501,501,501,501,501,501,501,501,801,801,801,801,801,801,801,801,801,801,801,801,801,801,801,801,801,501,501,501,401,401,401,401,401,401,401,401,401,401,401,401,401,401,401,401,401,401,401,401,401,401,401,401,401,401,401,401,401,401,401,401,401,401,401,401,401,401,401,401,401,401,401,401,401
401,401,401,401,401,456,456,456,456,456,456,456,456,456,456,456,456,456,456,456,456,456,456,456,456,456,456,456,456,456,456,456,456,456,456,456,456,456,456,456,456,456,456,456,456,456,456,456,456,456,456,456,580,580,580,580,580,580,580,580,580,580,580,580,580,580,580,580,580,580,580,580,580,580,580,580,580,580,580,580,580,580,580,580,580,580,580,580,580,580,580,580,580,580,580,580,580,580,501,501,501,501,501,501,501,501,501,501,501,501,501,501,501,580,580,580,580,580,580,580,580,580,580,580,580,580,580,580,580,580,580,580,580,580,580,580,580,580,580,580,580,580,580,580,580,580,580,580,580,580,580,580,580,580,580,580,580,580,580,580,580,580,580,580,580,580,5031,5031,5031,5031,5031,5031,5031,5031,5031,5031,5031,5031,5031,5031,5031,5031,5031,5031,5031,5031,5031,5031,5031,5031,5031,5031,5031,5031,5031,5031,5031,5031,5031,5031,5031,5031,5031,5031,5031,5031,5031,5031,5031,5031,5031,501,501,501,501,501,501,501,501,501,501,501,501,501,501,501,501,501,501,501,501,501,501,501,501,501,501,501,501,501,501,501,501,501,501,501,501,501,501,501,501,501,501,501,501,501,501,501,501,501,501,501,501,501,501,501,501,501,501,501,501,501,501,501,501,501,501,501,501,501,501,501,501,501,501,501,501,501,501,501,501,501,501,501,501,501,801,801,801,801,801,801,801,801,801,801,801,801,801,501,501,501,501,501,501,401,401,401,401,401,401,401,401,401,401,401,401,401,401,401,401,401,401,401,401,401,401,401,401,401,401,401,401,401,401,401,401,401,401,401,401,401,401,401,401,401,401,401,401,401
401,401,401,401,456,456,456,456,456,456,456,456,456,456,456,456,456,456,456,456,456,456,456,456,456,456,456,456,456,456,456,456,456,456,456,456,456,456,456,456,456,456,456,456,456,456,456,456,456,456,456,456,456,456,580,580,580,580,580,580,580,580,580,580,580,580,580,580,580,580,580,580,580,580,580,580,580,580,580,580,580,580,580,580,580,580,580,580,580,580,580,580,580,580,580,580,580,501,501,501,501,501,501,501,501,501,501,501,501,501,501,501,501,501,580,580,580,580,580,580,580,580,580,580,580,580,580,580,580,580,580,580,580,580,580,580,580,580,580,580,580,580,580,580,580,580,580,580,580,580,580,580,580,580,580,580,580,580,580,580,580,580,580,580,580,580,580,5031,5031,5031,5031,5031,5031,5031,5031,5031,5031,5031,5031,5031,5031,5031,5031,5031,5031,5031,5031,5031,5031,5031,5031,5031,5031,5031,5031,5031,5031,5031,5031,5031,5031,5031,5031,5031,5031,5031,5031,5031,5031,5031,5031,501,501,501,501,501,501,501,501,501,501,501,501,501,501,501,501,501,501,501,501,501,501,501,501,501,501,501,501,501,501,501,501,501,501,501,501,501,501,501,501,501,501,501,501,501,501,501,501,501,501,501,501,501,501,501,501,501,501,501,501,501,501,501,501,501,501,501,501,501,501,501,501,501,501,501,501,501,501,501,501,501,501,501,501,501,501,501,801,801,801,801,801,801,801,801,801,501,501,501,501,501,501,401,401,401,401,401,401,401,401,401,401,401,401,401,401,401,401,401,401,401,401,401,401,401,401,401,401,401,401,401,401,401,401,401,401,401,401,401,401,401,401,401,401,401,401,401,401,401
401,401,401,456,456,456,456,456,456,456,456,456,456,456,456,456,456,456,456,456,456,456,456,456,456,456,456,456,456,456,456,456,456,456,456,456,456,456,456,456,456,456,456,456,456,456,456,456,456,456,456,456,456,456,456,580,580,580,580,580,580,580,580,580,580,580,580,580,580,580,580,580,580,580,580,580,580,580,580,580,580,580,580,580,580,580,580,580,580,580,580,580,580,580,580,580,501,501,501,501,501,501,501,501,501,501,501,501,501,501,501,501,501,501,501,580,580,580,580,580,580,580,580,580,580,580,580,580,580,580,580,580,580,580,580,580,580,580,580,580,580,580,580,580,580,580,580,580,580,580,580,580,580,580,580,580,580,580,580,580,580,580,580,580,580,580,580,5031,5031,5031,5031,5031,5031,5031,5031,5031,5031,5031,5031,5031,5031,5031,5031,5031,5031,5031,5031,5031,5031,5031,5031,5031,5031,5031,5031,5031,5031,5031,5031,5031,5031,5031,5031,5031,5031,5031,5031,5031,5031,5031,5031,501,501,501,501,501,501,501,501,501,501,501,501,501,501,501,501,501,501,501,501,501,501,501,501,501,501,501,501,501,501,501,501,501,501,501,501,501,501,501,501,501,501,501,501,501,501,501,501,501,501,501,501,501,501,501,501,501,501,501,501,501,501,501,501,501,501,501,501,501,501,501,501,501,501,501,501,501,501,501,501,501,501,501,501,501,501,501,501,801,801,801,801,801,801,501,501,501,501,501,401,401,401,401,401,401,401,401,401,401,401,401,401,401,401,401,401,401,401,401,401,401,401,401,401,401,401,401,401,401,401,401,401,401,401,401,401,401,401,401,401,401,401,401,401,401,401,401,401,401
401,401,456,456,456,456,456,456,456,456,456,456,456,456,456,456,456,456,456,456,456,456,456,456,456,456,456,456,456,456,456,456,456,456,456,456,456,456,456,456,456,456,456,456,456,456,456,456,456,456,456,456,456,456,456,456,456,580,580,580,580,580,580,580,580,580,580,580,580,580,580,580,580,580,580,580,580,580,580,580,580,580,580,580,580,580,580,580,580,580,580,580,580,580,580,580,501,501,501,501,501,501,501,501,501,501,501,501,501,501,501,501,501,501,501,501,580,580,580,580,580,580,580,580,580,580,580,580,580,580,580,580,580,580,580,580,580,580,580,580,580,580,580,580,580,580,580,580,580,580,580,580,580,580,580,580,580,580,580,580,580,580,580,580,580,580,580,5031,5031,5031,5031,5031,5031,5031,5031,5031,5031,5031,5031,5031,5031,5031,5031,5031,5031,5031,5031,5031,5031,5031,5031,5031,5031,5031,5031,5031,5031,5031,5031,5031,5031,5031,5031,5031,5031,5031,5031,5031,5031,5031,501,501,501,501,501,501,501,501,501,501,501,501,501,501,501,501,501,501,501,501,501,501,501,501,501,501,501,501,501,501,501,501,501,501,501,501,501,501,501,501,501,501,501,501,501,501,501,501,501,501,501,501,501,501,501,501,501,501,501,501,501,501,501,501,501,501,501,501,501,501,501,501,501,501,501,501,501,501,501,501,501,501,501,501,501,501,501,501,501,501,801,801,501,501,501,501,501,501,501,501,401,401,401,401,401,401,401,401,401,401,401,401,401,401,401,401,401,401,401,401,401,401,401,401,401,401,401,401,401,401,401,401,401,401,401,401,401,401,401,401,401,401,401,401,401,401,401,401,401,401
401,456,456,456,456,456,456,456,456,456,456,456,456,456,456,456,456,456,456,456,456,456,456,456,456,456,456,456,456,456,456,456,456,456,456,456,456,456,456,456,456,456,456,456,456,456,456,456,456,456,456,456,456,456,456,456,456,456,456,580,580,580,580,580,580,580,580,580,580,580,580,580,580,580,580,580,580,580,580,580,580,580,580,580,580,580,580,580,580,580,580,580,580,580,580,501,501,501,501,501,501,501,501,501,501,501,501,501,501,501,501,501,501,501,501,501,501,580,580,580,580,580,580,580,580,580,580,580,580,580,580,580,580,580,580,580,580,580,580,580,580,580,580,580,580,580,580,580,580,580,580,580,580,580,580,580,580,580,580,580,580,580,580,580,580,580,580,5031,5031,5031,5031,5031,5031,5031,5031,5031,5031,5031,5031,5031,5031,5031,5031,5031,5031,5031,5031,5031,5031,5031,5031,5031,5031,5031,5031,5031,5031,5031,501,501,501,501,501,501,501,501,501,501,501,501,501,501,501,501,501,501,501,501,501,501,501,501,501,501,501,501,501,501,501,501,501,501,501,501,501,501,501,501,501,501,501,501,501,501,501,501,501,501,501,501,501,501,501,501,501,501,501,501,501,501,501,501,501,501,501,501,501,501,501,501,501,501,501,501,501,501,501,501,501,501,501,501,501,501,501,501,501,501,501,501,501,501,501,501,501,501,501,501,501,501,501,501,501,501,501,501,501,501,401,401,401,401,401,401,401,401,401,401,401,401,401,401,401,401,401,401,401,401,401,401,401,401,401,401,401,401,401,401,401,401,401,401,401,401,401,401,401,401,401,401,401,401,401,401,401,401,401,401,401,401
456,456,456,456,456,456,456,456,456,456,456,456,456,456,456,456,456,456,456,456,456,456,456,456,456,456,456,456,456,456,456,456,456,456,456,456,456,456,456,456,456,456,456,456,456,456,456,456,456,456,456,456,456,456,456,456,456,456,456,456,456,456,580,580,580,580,580,580,580,580,580,580,580,580,580,580,580,580,580,580,580,580,580,580,580,580,580,580,580,580,580,580,580,580,501,501,501,501,501,501,501,501,501,501,501,501,501,501,501,501,501,501,501,501,501,501,501,501,501,580,580,580,580,580,580,580,580,580,580,580,580,580,580,580,580,580,580,580,580,580,580,580,580,580,580,580,580,580,580,580,580,580,580,580,580,580,580,580,580,580,580,580,580,580,580,580,580,580,5031,5031,5031,5031,5031,5031,5031,5031,5031,5031,5031,5031,5031,5031,5031,5031,5031,5031,5031,5031,5031,5031,5031,5031,5031,501,501,501,501,501,501,501,501,501,501,501,501,501,501,501,501,501,501,501,501,501,501,501,501,501,501,501,501,501,501,501,501,501,501,501,501,501,501,501,501,501,501,501,501,501,501,501,501,501,501,501,501,501,501,501,501,501,501,501,501,501,501,501,501,501,501,501,501,501,501,501,501,501,501,501,501,501,501,501,501,501,501,501,501,501,501,501,501,501,501,501,501,501,501,501,501,501,501,501,501,501,501,501,501,501,501,501,501,501,501,501,501,401,401,401,401,401,401,401,401,401,401,401,401,401,401,401,401,401,401,401,401,401,401,401,401,401,401,401,401,401,401,401,401,401,401,401,401,401,401,401,401,401,401,401,401,401,401,401,401,456,456,456,456,456,456,456
456,456,456,456,456,456,456,456,456,456,456,456,456,456,456,456,456,456,456,456,456,456,456,456,456,456,456,456,456,456,456,456,456,456,456,456,456,456,456,456,456,456,456,456,456,456,456,456,456,456,456,456,456,456,456,456,456,456,456,456,456,456,456,456,580,580,580,580,580,580,580,580,580,580,580,580,580,580,580,580,580,580,580,580,580,580,580,580,580,580,580,580,580,580,501,501,501,501,501,501,501,501,501,501,501,501,501,501,501,501,501,501,501,501,501,501,501,501,501,501,580,580,580,580,580,580,580,580,580,580,580,580,580,580,580,580,580,580,580,580,580,580,580,580,580,580,580,580,580,580,580,580,580,580,580,580,580,580,580,580,580,580,580,580,580,580,580,580,5031,5031,5031,5031,5031,5031,5031,5031,5031,5031,5031,5031,5031,5031,5031,5031,5031,5031,5031,5031,5031,5031,5031,501,501,501,501,501,501,501,501,501,501,501,501,501,501,501,501,501,501,501,501,501,501,501,501,501,501,501,501,501,501,501,501,501,501,501,501,501,501,501,501,501,501,501,501,501,501,501,501,501,501,501,501,501,501,501,501,501,501,501,501,501,501,501,501,501,501,501,501,501,501,501,501,501,501,501,501,501,501,501,501,501,501,501,501,501,501,501,501,501,501,501,501,501,501,501,501,501,501,501,501,501,501,501,501,501,501,501,501,501,501,501,501,501,501,401,401,401,401,401,401,401,401,401,401,401,401,401,401,401,401,401,401,401,401,401,401,401,401,401,401,401,401,401,401,401,401,401,401,401,401,401,401,401,401,401,401,401,401,401,401,401,501,456,456,456,456,456,456,456
456,456,456,456,456,456,456,456,456,456,456,456,456,456,456,456,456,456,456,456,456,456,456,456,456,456,456,456,456,456,456,456,456,456,456,456,456,456,456,456,456,456,456,456,456,456,456,456,456,456,456,456,456,456,456,456,456,456,456,456,456,456,456,456,456,456,580,580,580,580,580,580,580,580,580,580,580,580,580,580,580,580,580,580,580,580,580,580,580,580,580,580,580,501,501,501,501,501,501,501,501,501,501,501,501,501,501,501,501,501,501,501,501,501,501,501,501,501,501,501,501,580,580,580,580,580,580,580,580,580,580,580,580,580,580,580,580,580,580,580,580,580,580,580,580,580,580,580,580,580,580,580,580,580,580,580,580,580,580,580,580,580,580,580,580,580,580,580,580,5031,5031,5031,5031,5031,5031,5031,5031,5031,5031,5031,5031,5031,5031,5031,5031,5031,5031,5031,501,501,501,501,501,501,501,501,501,501,501,501,501,501,501,501,501,501,501,501,501,501,501,501,501,501,501,501,501,501,501,501,501,501,501,501,501,501,501,501,501,501,501,501,501,501,501,501,501,501,501,501,501,501,501,501,501,501,501,501,501,501,501,501,501,501,501,501,501,501,501,501,501,501,501,501,501,501,501,501,501,501,501,501,501,501,501,501,501,501,501,501,501,501,501,501,501,501,501,501,501,501,501,501,501,501,501,501,501,501,501,501,501,501,501,501,501,501,401,401,401,401,401,401,401,401,401,401,401,401,401,401,401,401,401,401,401,401,401,401,401,401,401,401,401,401,401,401,401,401,401,401,401,401,401,401,401,401,401,401,401,401,501,501,501,456,456,456,456,456,456,456
456,456,456,456,456,456,456,456,456,456,456,456,456,456,456,456,456,456,456,456,456,456,456,456,456,456,456,456,456,456,456,456,456,456,456,456,456,456,456,456,456,456,456,456,456,456,456,456,456,456,456,456,456,456,456,456,456,456,456,456,456,456,456,456,456,456,456,456,580,580,580,580,580,580,580,580,580,580,580,580,580,580,580,580,580,580,580,580,580,580,580,580,501,501,501,501,501,501,501,501,501,501,501,501,501,501,501,501,501,501,501,501,501,501,501,501,501,501,501,501,501,501,501,580,580,580,580,580,580,580,580,580,580,580,580,580,580,580,580,580,580,580,580,580,580,580,580,580,580,580,580,580,580,580,580,580,580,580,580,580,580,580,580,580,580,580,580,580,580,580,5031,5031,5031,5031,5031,5031,5031,5031,5031,5031,5031,5031,5031,5031,501,501,501,501,501,501,501,501,501,501,501,501,501,501,501,501,501,501,501,501,501,501,501,501,501,501,501,501,501,501,501,501,501,501,501,501,501,501,501,501,501,501,501,501,501,501,501,501,501,501,501,501,501,501,501,501,501,501,501,501,501,501,501,501,501,501,501,501,501,501,501,501,501,501,501,501,501,501,501,501,501,501,501,501,501,501,501,501,501,501,501,501,501,501,501,501,501,501,501,501,501,501,501,501,501,501,501,501,501,501,501,501,501,501,501,501,501,501,501,501,501,501,501,401,401,401,401,401,401,401,401,401,401,401,401,401,401,401,401,401,401,401,401,401,401,401,401,401,401,401,401,401,401,401,401,401,401,401,401,401,401,401,401,401,401,401,501,501,501,456,456,456,456,456,456,456
456,456,456,456,456,456,456,456,456,456,456,456,456,456,456,456,456,456,456,456,456,456,456,456,456,456,456,456,456,456,456,456,456,456,456,456,456,456,456,456,456,456,456,456,456,456,456,456,456,456,456,456,456,456,456,456,456,456,456,456,456,456,456,456,456,456,456,456,456,456,456,580,580,580,580,580,580,580,580,580,580,580,580,580,580,580,580,580,580,580,580,501,501,501,501,501,501,501,501,501,501,501,501,501,501,501,501,501,501,501,501,501,501,501,501,501,501,501,501,501,501,501,501,501,580,580,580,580,580,580,580,580,580,580,580,580,580,580,580,580,580,580,580,580,580,580,580,580,580,580,580,580,580,580,580,580,580,580,580,580,580,580,580,580,580,580,580,580,580,580,5031,5031,5031,5031,5031,5031,5031,5031,5031,5031,5031,501,501,501,501,501,501,501,501,501,501,501,501,501,501,501,501,501,501,501,501,501,501,501,501,501,501,501,501,501,501,501,501,501,501,501,501,501,501,501,501,501,501,501,501,501,501,501,501,501,501,501,501,501,501,501,501,501,501,501,501,501,501,501,501,501,501,501,501,501,501,501,501,501,501,501,501,501,501,501,501,501,501,501,501,501,501,501,501,501,501,501,501,501,501,501,501,501,501,501,501,501,501,501,501,501,501,501,501,501,501,501,501,501,501,501,501,501,501,501,501,501,501,501,501,501,501,401,401,401,401,401,401,401,401,401,401,401,401,401,401,401,401,401,401,401,401,401,501,501,501,501,401,401,401,401,401,401,401,401,401,401,401,401,401,401,401,401,401,501,501,501,501,456,456,456,456,456,456,456
456,456,456,456,456,456,456,456,456,456,456,456,456,456,456,456,456,456,456,456,456,456,456,456,456,456,456,456,456,456,456,456,456,456,456,456,456,456,456,456,456,456,456,456,456,456,456,456,456,456,456,456,456,456,456,456,456,456,456,456,456,456,456,456,456,456,456,456,456,456,456,456,456,456,580,580,580,580,580,580,580,580,580,580,580,580,580,580,580,580,501,501,501,501,501,501,501,501,501,501,501,501,501,501,501,501,501,501,501,501,501,501,501,501,501,501,501,501,501,501,501,501,501,501,501,501,580,580,580,580,580,580,580,580,580,580,580,580,580,580,580,580,580,580,580,580,580,580,580,580,580,580,580,580,580,580,580,580,580,580,580,580,580,580,580,580,580,580,580,580,580,5031,5031,5031,5031,5031,5031,5031,5031,501,501,501,501,501,501,501,501,501,501,501,501,501,501,501,501,501,501,501,501,501,501,501,501,501,501,501,501,501,501,501,501,501,501,501,501,501,501,501,501,501,501,501,501,501,501,501,501,501,501,501,501,501,501,501,501,501,501,501,501,501,501,501,501,501,501,501,501,501,501,501,501,501,501,501,501,501,501,501,501,501,501,501,501,501,501,501,501,501,501,501,501,501,501,501,501,501,501,501,501,501,501,501,501,501,501,501,501,501,501,501,501,501,501,501,501,501,501,501,501,501,501,501,501,501,501,501,501,501,401,401,401,401,401,401,401,401,401,401,401,401,401,401,401,401,401,501,501,501,501,501,501,501,501,501,401,401,401,401,401,401,401,401,401,501,501,501,501,501,501,501,501,501,456,456,456,456,456,456,456,456
456,456,456,456,456,456,456,456,456,456,456,456,456,456,456,456,456,456,456,456,456,456,456,456,456,456,456,456,456,456,456,456,456,456,456,456,456,456,456,456,456,456,456,456,456,456,456,456,456,456,456,456,456,456,456,456,456,456,456,456,456,456,456,456,456,456,456,456,456,456,456,456,456,456,456,456,456,580,580,580,580,580,580,580,580,580,580,580,580,501,501,501,501,501,501,501,501,501,501,501,501,501,501,501,501,501,501,501,501,501,501,501,501,501,501,501,501,501,501,501,501,501,501,501,501,501,501,580,580,580,580,580,580,580,580,580,580,580,580,580,580,580,580,580,580,580,580,580,580,580,580,580,580,580,580,580,580,580,580,580,580,580,580,580,580,580,580,580,580,580,580,5031,5031,5031,5031,5031,5031,501,501,501,501,501,501,501,501,501,501,501,501,501,501,501,501,501,501,501,501,501,501,501,501,501,501,501,501,501,501,501,501,501,501,501,501,501,501,501,501,501,501,501,501,501,501,501,501,501,501,501,501,501,501,501,501,501,501,501,501,501,501,501,501,501,501,501,501,501,501,501,501,501,501,501,501,501,501,501,501,501,501,501,501,501,501,501,501,501,501,501,501,501,501,501,501,501,501,501,501,501,501,501,501,501,501,501,501,501,501,501,501,501,501,501,501,501,501,501,501,501,501,501,501,501,501,501,501,501,501,501,501,401,401,401,401,401,401,401,401,401,401,401,401,501,501,501,501,501,501,501,501,501,501,501,501,501,501,501,501,501,501,501,501,501,501,501,501,501,501,501,501,501,501,501,456,456,456,456,456,456,456,456
456,456,456,456,456,456,456,456,456,456,456,456,456,456,456,456,456,456,456,456,456,456,456,456,456,456,456,456,456,456,456,456,456,456,456,456,456,456,456,456,456,456,456,456,456,456,456,456,456,456,456,456,456,456,456,456,456,456,456,456,456,456,456,456,456,456,456,456,456,456,456,456,456,456,456,456,456,456,456,456,580,580,580,580,580,580,580,580,501,501,501,501,501,501,501,501,501,501,501,501,501,501,501,501,501,501,501,501,501,501,501,501,501,501,501,501,501,501,501,501,501,501,501,501,501,501,501,501,580,580,580,580,580,580,580,580,580,580,580,580,580,580,580,580,580,580,580,580,580,580,580,580,580,580,580,580,580,580,580,580,580,580,580,580,580,580,580,580,580,580,580,580,5031,5031,501,501,501,501,501,501,501,501,501,501,501,501,501,501,501,501,501,501,501,501,501,501,501,501,501,501,501,501,501,501,501,501,501,501,501,501,501,501,501,501,501,501,501,501,501,501,501,501,501,501,501,501,501,501,501,501,501,501,501,501,501,501,501,501,501,501,501,501,501,501,501,501,501,501,501,501,501,501,501,501,501,501,501,501,501,501,501,501,501,501,501,501,501,501,501,501,501,501,501,501,501,501,501,501,501,501,501,501,501,501,501,501,501,501,501,501,501,501,501,501,501,501,501,501,501,501,501,501,501,501,501,501,501,501,501,501,401,401,401,401,401,401,501,501,501,501,501,501,501,501,501,501,501,501,501,501,501,501,501,501,501,501,501,501,501,501,501,501,501,501,501,501,501,501,501,501,501,501,456,456,456,456,456,456,456,456
456,456,456,456,456,456,456,456,456,456,456,456,456,456,456,456,456,456,456,456,456,456,456,456,456,456,456,456,456,456,456,456,456,456,456,456,456,456,456,456,456,456,456,456,456,456,456,456,456,456,456,456,456,456,456,456,456,456,456,456,456,456,456,456,456,456,456,456,456,456,456,456,456,456,456,456,456,456,456,456,456,456,456,456,456,580,580,501,501,501,501,501,501,501,501,501,501,501,501,501,501,501,501,501,501,501,501,501,501,501,501,501,501,501,501,501,501,501,501,501,501,501,501,501,501,501,501,501,501,501,580,580,580,580,580,580,580,580,580,580,580,580,580,580,580,580,580,580,580,580,580,580,580,580,580,580,580,580,580,580,580,580,580,580,580,580,580,580,580,580,580,580,501,501,501,501,501,501,501,501,501,501,501,501,501,501,501,501,501,501,501,501,501,501,501,501,501,501,501,501,501,501,501,501,501,501,501,501,501,501,501,501,501,501,501,501,501,501,501,501,501,501,501,501,501,501,501,501,501,501,501,501,501,501,501,501,501,501,501,501,501,501,501,501,501,501,501,501,501,501,501,501,501,501,501,501,501,501,501,501,501,501,501,501,501,501,501,501,501,501,501,501,501,501,501,501,501,501,501,501,501,501,501,501,501,501,501,501,501,501,501,501,501,501,501,501,501,501,501,501,501,501,501,501,501,501,501,501,501,501,501,501,501,501,501,501,501,501,501,501,501,501,501,501,501,501,501,501,501,501,501,501,501,501,501,501,501,501,501,501,501,501,501,501,501,501,501,501,501,501,501,501,456,456,456,456,456,456,456,456
456,456,456,456,456,456,456,456,456,456,456,456,456,456,456,456,456,456,456,456,456,456,456,456,456,456,456,456,456,456,456,456,456,456,456,456,456,456,456,456,456,456,456,456,456,456,456,456,456,456,456,456,456,456,456,456,456,456,456,456,456,456,456,456,456,456,456,456,456,456,456,456,456,456,456,456,456,456,456,456,456,456,456,456,456,501,501,501,501,501,501,501,501,501,501,501,501,501,501,501,501,501,501,501,501,501,501,501,501,501,501,501,501,501,501,501,501,501,501,501,501,501,501,501,501,501,501,501,501,501,501,580,580,580,580,580,580,580,580,580,580,580,580,580,580,580,580,580,580,580,580,580,580,580,580,580,580,580,580,580,580,580,580,580,580,580,580,580,580,580,501,501,501,501,501,501,501,501,501,501,501,501,501,501,501,501,501,501,501,501,501,501,501,501,501,501,501,501,501,501,501,501,501,501,501,501,501,501,501,501,501,501,501,501,501,501,501,501,501,501,501,501,501,501,501,501,501,501,501,501,501,501,501,501,501,501,501,501,501,501,501,501,501,501,501,501,501,501,501,501,501,501,501,501,501,501,501,501,501,501,501,501,501,501,501,501,501,501,501,501,501,501,501,501,501,501,501,501,501,501,501,501,501,501,501,501,501,501,501,501,501,501,501,501,501,501,501,501,501,501,501,501,501,501,501,501,501,501,501,501,501,501,501,501,501,501,501,501,501,501,501,501,501,501,501,501,501,501,501,501,501,501,501,501,501,501,501,501,501,501,501,501,501,501,501,501,501,501,501,501,501,501,456,456,456,456,456,456,456,456
456,456,456,456,456,456,456,456,456,456,456,456,456,456,456,456,456,456,456,456,456,456,456,456,456,456,456,456,456,456,456,456,456,456,456,456,456,456,456,456,456,456,456,456,456,456,456,456,456,456,456,456,456,456,456,456,456,456,456,456,456,456,456,456,456,456,456,456,456,456,456,456,456,456,456,456,456,456,456,456,456,501,501,501,501,501,501,501,501,501,501,501,501,501,501,501,501,501,501,501,501,501,501,501,501,501,501,501,501,501,501,501,501,501,501,501,501,501,501,501,501,501,501,501,501,501,501,501,501,501,501,501,580,580,580,580,580,580,580,580,580,580,580,580,580,580,580,580,580,580,580,580,580,580,580,580,580,580,580,580,580,580,580,501,501,501,501,501,501,501,501,501,501,501,501,501,501,501,501,501,501,501,501,501,501,501,501,501,501,501,501,501,501,501,501,501,501,501,501,501,501,501,501,501,501,501,501,501,501,501,501,501,501,501,501,501,501,501,501,501,501,501,501,501,501,501,501,501,501,501,501,501,501,501,501,501,501,501,501,501,501,501,501,501,501,501,501,501,501,501,501,501,501,501,501,501,501,501,501,501,501,501,501,501,501,501,501,501,501,501,501,501,501,501,501,501,501,501,501,501,501,501,501,501,501,501,501,501,501,501,501,501,501,501,501,501,501,501,501,501,501,501,501,501,501,501,501,501,501,501,501,501,501,501,501,501,501,501,501,501,501,501,501,501,501,501,501,501,501,501,501,501,501,501,501,501,501,501,501,501,501,501,501,501,501,501,501,501,501,501,501,501,501,456,456,456,456,456,456,456
456,456,456,456,456,456,456,456,456,456,456,456,456,456,456,456,456,456,456,456,456,456,456,456,456,456,456,456,456,456,456,456,456,456,456,456,456,456,456,456,456,456,456,456,456,456,456,456,456,456,456,456,456,456,456,456,456,456,456,456,456,456,456,456,456,456,456,456,456,456,456,456,456,456,456,456,456,456,456,456,456,456,501,501,501,501,501,501,501,501,501,501,501,501,501,501,501,501,501,501,501,501,501,501,501,501,501,501,501,501,501,501,501,501,501,501,501,501,501,501,501,501,501,501,501,501,501,501,501,501,501,501,501,580,580,580,580,580,580,580,580,580,580,580,580,580,580,580,580,580,580,580,580,580,580,501,501,501,501,501,501,501,501,501,501,501,501,501,501,501,501,501,501,501,501,501,501,501,501,501,501,501,501,501,501,501,501,501,501,501,501,501,501,501,501,501,501,501,501,501,501,501,501,501,501,501,501,501,501,501,501,501,501,501,501,501,501,501,501,501,501,501,501,501,501,501,501,501,501,501,501,501,501,501,501,501,501,501,501,501,501,501,501,501,501,501,501,501,501,501,501,501,501,501,501,501,501,501,501,501,501,501,501,501,501,501,501,501,501,501,501,501,501,501,501,501,501,501,501,501,501,501,501,501,501,501,501,501,501,501,501,501,501,501,501,501,501,501,501,501,501,501,501,501,501,501,501,501,501,501,501,501,501,501,501,501,501,501,501,501,501,501,501,501,501,501,501,501,501,501,501,501,501,501,501,501,501,501,501,501,501,501,501,501,501,501,501,501,501,501,501,501,501,456,456,456,456,456,456,456
456,456,456,456,456,456,456,456,456,456,456,456,456,456,456,456,456,456,456,456,456,456,456,456,456,456,456,456,456,456,456,456,456,456,456,456,456,456,456,456,456,456,456,456,456,456,456,456,456,456,456,456,456,456,456,456,456,456,456,456,456,456,456,456,456,456,456,456,456,456,456,456,456,456,456,456,456,456,456,456,456,456,501,501,501,501,501,501,501,501,501,501,501,501,501,501,501,501,501,501,501,501,501,501,501,501,501,501,501,501,501,501,501,501,501,501,501,501,501,501,501,501,501,501,501,501,501,501,501,501,501,501,501,501,501,501,580,580,580,580,580,580,580,580,580,580,580,580,580,580,580,580,501,501,501,501,501,501,501,501,501,501,501,501,501,501,501,501,501,501,501,501,501,501,501,501,501,501,501,501,501,501,501,501,501,501,501,501,501,501,501,501,501,501,501,501,501,501,501,501,501,501,501,501,501,501,501,501,501,501,501,501,501,501,501,501,501,501,501,501,501,501,501,501,501,501,501,501,501,501,501,501,501,501,501,501,501,501,501,501,501,501,501,501,501,501,501,501,501,501,501,501,501,501,501,501,501,501,501,501,501,501,501,501,501,501,501,501,501,501,501,501,501,501,501,501,501,501,501,501,501,501,501,501,501,501,501,501,501,501,501,501,501,501,501,501,501,501,501,501,501,501,501,501,501,501,501,501,501,501,501,501,501,501,501,501,501,501,501,501,501,501,501,501,501,501,501,501,501,501,501,501,501,501,501,501,501,501,501,501,501,501,501,501,501,501,501,501,501,501,501,501,501,456,456,456,456,456,456,456
456,456,456,456,456,456,456,456,456,456,456,456,456,456,456,456,456,456,456,456,456,456,456,456,456,456,456,456,456,456,456,456,456,456,456,456,456,456,456,456,456,456,456,456,456,456,456,456,456,456,456,456,456,456,456,456,456,456,456,456,456,456,456,456,456,456,456,456,456,456,456,456,456,456,456,456,456,456,456,456,456,456,456,501,501,501,501,501,501,501,501,501,501,501,501,501,501,501,501,501,501,501,501,501,501,501,501,501,501,501,501,501,501,501,501,501,501,501,501,501,501,501,501,501,501,501,501,501,501,501,501,501,501,501,501,501,501,501,501,501,501,501,501,501,501,501,501,501,501,501,501,501,501,501,501,501,501,501,501,501,501,501,501,501,501,501,501,501,501,501,501,501,501,501,501,501,501,501,501,501,501,501,501,501,501,501,501,501,501,501,501,501,501,501,501,501,501,501,501,501,501,501,501,501,501,501,501,501,501,501,501,501,501,501,501,501,501,501,501,501,501,501,501,501,501,501,501,501,501,501,501,501,501,501,501,501,501,501,501,501,501,501,501,501,501,501,501,501,501,501,501,501,501,501,501,501,501,501,501,501,501,501,501,501,501,501,501,501,501,501,501,501,501,501,501,501,501,501,501,501,501,501,501,501,501,501,501,501,501,501,501,501,501,501,501,501,501,501,501,501,501,501,501,501,501,501,501,501,501,501,501,501,501,501,501,501,501,501,501,501,501,501,501,501,501,501,501,501,501,501,501,501,501,501,501,501,501,501,501,501,501,501,501,501,501,501,501,501,501,501,501,501,501,456,456,456,456,456,456,456
456,456,456,456,456,456,456,456,456,456,456,456,456,456,456,456,456,456,456,456,456,456,456,456,456,456,456,456,456,456,456,456,456,456,456,456,456,456,456,456,456,456,456,456,456,456,456,456,456,456,456,456,456,456,456,456,456,456,456,456,456,456,456,456,456,456,456,456,456,456,456,456,456,456,456,456,456,456,456,456,456,456,456,456,501,501,501,501,501,501,501,501,501,501,501,501,501,501,501,501,501,501,501,501,501,501,501,501,501,501,501,501,501,501,501,501,501,501,501,501,501,501,501,501,501,501,501,501,501,501,501,501,501,501,501,501,501,501,501,501,501,501,501,501,501,501,501,501,501,501,501,501,501,501,501,501,501,501,501,501,501,501,501,501,501,501,501,501,501,501,501,501,501,501,501,501,501,501,501,501,501,501,501,501,501,501,501,501,501,501,501,501,501,501,501,501,501,501,501,501,501,501,501,501,501,501,501,501,501,501,501,501,501,501,501,501,501,501,501,501,501,501,501,501,501,501,501,501,501,501,501,501,501,501,501,501,501,501,501,501,501,501,501,501,501,501,501,501,501,501,501,501,501,501,501,501,501,501,501,501,501,501,501,501,501,501,501,501,501,501,501,501,501,501,501,501,501,501,501,501,501,501,501,501,501,501,501,501,501,501,501,501,501,501,501,501,501,501,501,501,501,501,501,501,501,501,501,501,501,501,501,501,501,501,501,501,501,501,501,501,501,501,501,501,501,501,501,501,501,501,501,501,501,501,501,501,501,501,501,501,501,501,501,501,501,501,501,501,501,501,501,501,501,501,456,456,456,456,456,456
456,456,456,456,456,456,456,456,456,456,456,456,456,456,456,456,456,456,456,456,456,456,456,456,456,456,456,456,456,456,456,456,456,456,456,456,456,456,456,456,456,456,456,456,456,456,456,456,456,456,456,456,456,456,456,456,456,456,456,456,456,456,456,456,456,456,456,456,456,456,456,456,456,456,456,456,456,456,456,456,456,456,456,456,456,501,501,501,501,501,501,501,501,501,501,501,501,501,501,501,501,501,501,501,501,501,501,501,501,501,501,501,501,501,501,501,501,501,501,501,501,501,501,501,501,501,501,501,501,501,501,501,501,501,501,501,501,501,501,501,501,501,501,501,501,501,501,501,501,501,501,501,501,501,501,501,501,501,501,501,501,501,501,501,501,501,501,501,501,501,501,501,501,501,501,501,501,501,501,501,501,501,501,501,501,501,501,501,501,501,501,501,501,501,501,501,501,501,501,501,501,501,501,501,501,501,501,501,501,501,501,501,501,501,501,501,501,501,501,501,501,501,501,501,501,501,501,501,501,501,501,501,501,501,501,501,501,501,501,501,501,501,501,501,501,501,501,501,501,501,501,501,501,501,501,501,501,501,501,501,501,501,501,501,501,501,501,501,501,501,501,501,501,501,501,501,501,501,501,501,501,501,501,501,501,501,501,501,501,501,501,501,501,501,501,501,501,501,501,501,501,501,501,501,501,501,501,501,501,501,501,501,501,501,501,501,501,501,501,501,501,501,501,501,501,501,501,501,501,501,501,501,501,501,501,501,501,501,501,501,501,501,501,501,501,501,501,501,501,501,501,501,501,501,456,456,456,456,456,456
456,456,456,456,456,456,456,456,456,456,456,456,456,456,456,456,456,456,456,456,456,456,456,456,456,456,456,456,456,456,456,456,456,456,456,456,456,456,456,456,456,456,456,456,456,456,456,456,456,456,456,456,456,456,456,456,456,456,456,456,456,456,456,456,456,456,456,456,456,456,456,456,456,456,456,456,456,456,456,456,456,456,456,456,456,501,501,501,501,501,501,501,501,501,501,501,501,501,501,501,501,501,501,501,501,501,501,501,501,501,501,501,501,501,501,501,501,501,501,501,501,501,501,501,501,501,501,501,501,501,501,501,501,501,501,501,501,501,501,501,501,501,501,501,501,501,501,501,501,501,501,501,501,501,501,501,501,501,501,501,501,501,501,501,501,501,501,501,501,501,501,501,501,501,501,501,501,501,501,501,501,501,501,501,501,501,501,501,501,501,501,501,501,501,501,501,501,501,501,501,501,501,501,501,501,501,501,501,501,501,501,501,501,501,501,501,501,501,501,501,501,501,501,501,501,501,501,501,501,501,501,501,501,501,501,501,501,501,501,501,501,501,501,501,501,501,501,501,501,501,501,501,501,501,501,501,501,501,501,501,501,501,501,501,501,501,501,501,501,501,501,501,501,501,501,501,501,501,501,501,501,501,501,501,501,501,501,501,501,501,501,501,501,501,501,501,501,501,501,501,501,501,501,501,501,501,501,501,501,501,501,501,501,501,501,501,501,501,501,501,501,501,501,501,501,501,501,501,501,501,501,501,501,501,501,501,501,501,501,501,501,501,501,501,501,501,501,501,501,501,501,501,501,501,456,456,456,456,456,456
456,456,456,456,456,456,456,456,456,456,456,456,456,456,456,456,456,456,456,456,456,456,456,456,456,456,456,456,456,456,456,456,456,456,456,456,456,456,456,456,456,456,456,456,456,456,456,456,456,456,456,456,456,456,456,456,456,456,456,456,456,456,456,456,456,456,456,456,456,456,456,456,456,456,456,456,456,456,456,456,456,456,456,456,456,456,501,501,501,501,501,501,501,501,501,501,501,501,501,501,501,501,501,501,501,501,501,501,501,501,501,501,501,501,501,501,501,501,501,501,501,501,501,501,501,501,501,501,501,501,501,501,501,501,501,501,501,501,501,501,501,501,501,501,501,501,501,501,501,501,501,501,501,501,501,501,501,501,501,501,501,501,501,501,501,501,501,501,501,501,501,501,501,501,501,501,501,501,501,501,501,501,501,501,501,501,501,501,501,501,501,501,501,501,501,501,501,501,501,501,501,501,501,501,501,501,501,501,501,501,501,501,501,501,501,501,501,501,501,501,501,501,501,501,501,501,501,501,501,501,501,501,501,501,501,501,501,501,501,501,501,501,501,501,501,501,501,501,501,501,501,501,501,501,501,501,501,501,501,501,501,501,501,501,501,501,501,501,501,501,501,501,501,501,501,501,501,501,501,501,501,501,501,501,501,501,501,501,501,501,501,501,501,501,501,501,501,501,501,501,501,501,501,501,501,501,501,501,501,501,501,501,501,501,501,501,501,501,501,501,501,501,501,501,501,501,501,501,501,501,501,501,501,501,501,501,501,501,501,501,501,501,501,501,501,501,501,501,501,501,501,501,501,501,501,456,456,456,456,456
456,456,456,456,456,456,456,456,456,456,456,456,456,456,456,456,456,456,456,456,456,456,456,456,456,456,456,456,456,456,456,456,456,456,456,456,456,456,456,456,456,456,456,456,456,456,456,456,456,456,456,456,456,456,456,456,456,456,456,456,456,456,456,456,456,456,456,456,456,456,456,456,456,456,456,456,456,456,456,456,456,456,456,456,456,456,456,501,501,501,501,501,501,501,501,501,501,501,501,501,501,501,501,501,501,501,501,501,501,501,501,501,501,501,501,501,501,501,501,501,501,501,501,501,501,501,501,501,501,501,501,501,501,501,501,501,501,501,501,501,501,501,501,501,501,501,501,501,501,501,501,501,501,501,501,501,501,501,501,501,501,501,501,501,501,501,501,501,501,501,501,501,501,501,501,501,501,501,501,501,501,501,501,501,501,501,501,501,501,501,501,501,501,501,501,501,501,501,501,501,501,501,501,501,501,501,501,501,501,501,501,501,501,501,501,501,501,501,501,501,501,501,501,501,501,501,501,501,501,501,501,501,501,501,501,501,501,501,501,501,501,501,501,501,501,501,501,501,501,501,501,501,501,501,501,501,501,501,501,501,501,501,501,501,501,501,501,501,501,501,501,501,501,501,501,501,501,501,501,501,501,501,501,501,501,501,501,501,501,501,501,501,501,501,501,501,501,501,501,501,501,501,501,501,501,501,501,501,501,501,501,501,501,501,501,501,501,501,501,501,501,501,501,501,501,501,501,501,501,501,501,501,501,501,501,501,501,501,501,501,501,501,501,501,501,501,501,501,501,501,501,501,501,501,501,501,456,456,456,456
456,456,456,456,456,456,456,456,456,456,456,456,456,456,456,456,456,456,456,456,456,456,456,456,456,456,456,456,456,456,456,456,456,456,456,456,456,456,456,456,456,456,456,456,456,456,456,456,456,456,456,456,456,456,456,456,456,456,456,456,456,456,456,456,456,456,456,456,456,456,456,456,456,456,456,456,456,456,456,456,456,456,456,456,456,456,456,456,501,501,501,501,501,501,501,501,501,501,501,501,501,501,501,501,501,501,501,501,501,501,501,501,501,501,501,501,501,501,501,501,501,501,501,501,501,501,501,501,501,501,501,501,501,501,501,501,501,501,501,501,501,501,501,501,501,501,501,501,501,501,501,501,501,501,501,501,501,501,501,501,501,501,501,501,501,501,501,501,501,501,501,501,501,501,501,501,501,501,501,501,501,501,501,501,501,501,501,501,501,501,501,501,501,501,501,501,501,501,501,501,501,501,501,501,501,501,501,501,501,501,501,501,501,501,501,501,501,501,501,501,501,501,501,501,501,501,501,501,501,501,501,501,501,501,501,501,501,501,501,501,501,501,501,501,501,501,501,501,501,501,501,501,501,501,501,501,501,501,501,501,501,501,501,501,501,501,501,501,501,501,501,501,501,501,501,501,501,501,501,501,501,501,501,501,501,501,501,501,501,501,501,501,501,501,501,501,501,501,501,501,501,501,501,501,501,501,501,501,501,501,501,501,501,501,501,501,501,501,501,501,501,501,501,501,501,501,501,501,501,501,501,501,501,501,501,501,501,501,501,501,501,501,501,501,501,501,501,501,501,501,501,501,501,501,501,501,501,456,456,456
456,456,456,456,456,456,456,456,456,456,456,456,456,456,456,456,456,456,456,456,456,456,456,456,456,456,456,456,456,456,456,456,456,456,456,456,456,456,456,456,456,456,456,456,456,456,456,456,456,456,456,456,456,456,456,456,456,456,456,456,456,456,456,456,456,456,456,456,456,456,456,456,456,456,456,456,456,456,456,456,456,456,456,456,456,456,456,456,456,456,501,501,501,501,501,501,501,501,501,501,501,501,501,501,501,501,501,501,501,501,501,501,501,501,501,501,501,501,501,501,501,501,501,501,501,501,501,501,501,501,501,501,501,501,501,501,501,501,501,501,501,501,501,501,501,501,501,501,501,501,501,501,501,501,501,501,501,501,501,501,501,501,501,501,501,501,501,501,501,501,501,501,501,501,501,501,501,501,501,501,501,501,501,501,501,501,501,501,501,501,501,501,501,501,501,501,501,501,501,501,501,501,501,501,501,501,501,501,501,501,501,501,501,501,501,501,501,501,501,501,501,501,501,501,501,501,501,501,501,501,501,501,501,501,501,501,501,501,501,501,501,501,501,501,501,501,501,501,501,501,501,501,501,501,501,501,501,501,501,501,501,501,501,501,501,501,501,501,501,501,501,501,501,501,501,501,501,501,501,501,501,501,501,501,501,501,501,501,501,501,501,501,501,501,501,501,501,501,501,501,501,501,501,501,501,501,501,501,501,501,501,501,501,501,501,501,501,501,501,501,501,501,501,501,501,501,501,501,501,501,501,501,501,501,501,501,501,501,501,501,501,501,501,501,501,501,501,501,501,501,501,501,501,501,501,501,501,501,456,456
456,456,456,456,456,456,456,456,456,456,456,456,456,456,456,456,456,456,456,456,456,456,456,456,456,456,456,456,456,456,456,456,456,456,456,456,456,456,456,456,456,456,456,456,456,456,456,456,456,456,456,456,456,456,456,456,456,456,456,456,456,456,456,456,456,456,456,456,456,456,456,456,456,456,456,456,456,456,456,456,456,456,456,456,456,456,456,456,456,456,456,501,501,501,501,501,501,501,501,501,501,501,501,501,501,501,501,501,501,501,501,501,501,501,501,501,501,501,501,501,501,501,501,501,501,501,501,501,501,501,501,501,501,501,501,501,501,501,501,501,501,501,501,501,501,501,501,501,501,501,501,501,501,501,501,501,501,501,501,501,501,501,501,501,501,501,501,501,501,501,501,501,501,501,501,501,501,501,501,501,501,501,501,501,501,501,501,501,501,501,501,501,501,501,501,501,501,501,501,501,501,501,501,501,501,501,501,501,501,501,501,501,501,501,501,501,501,501,501,501,501,501,501,501,501,501,501,501,501,501,501,501,501,501,501,501,501,501,501,501,501,501,501,501,501,501,501,501,501,501,501,501,501,501,501,501,501,501,501,501,501,501,501,501,501,501,501,501,501,501,501,501,501,501,501,501,501,501,501,501,501,501,501,501,501,501,501,501,501,501,501,501,501,501,501,501,501,501,501,501,501,501,501,501,501,501,501,501,501,501,501,501,501,501,501,501,501,501,501,501,501,501,501,501,501,501,501,501,501,501,501,501,501,501,501,501,501,501,501,501,501,501,501,501,501,501,501,501,501,501,501,501,501,501,501,501,501,501,501,501
501,456,456,456,456,456,456,456,456,456,456,456,456,456,456,456,456,456,456,456,456,456,456,456,456,456,456,456,456,456,456,456,456,456,456,456,456,456,456,456,456,456,456,456,456,456,456,456,456,456,456,456,456,456,456,456,456,456,456,456,456,456,456,456,456,456,456,456,456,456,456,456,456,456,456,456,456,456,456,456,456,456,456,456,456,456,456,456,456,456,456,456,501,501,501,501,501,501,501,501,501,501,501,501,501,501,501,501,501,501,501,501,501,501,501,501,501,501,501,501,501,501,501,501,501,501,501,501,501,501,501,501,501,501,501,501,501,501,501,501,501,501,501,501,501,501,501,501,501,501,501,501,501,501,501,501,501,501,501,501,501,501,501,501,501,501,501,501,501,501,501,501,501,501,501,501,501,501,501,501,501,501,501,501,501,501,501,501,501,501,501,501,501,501,501,501,501,501,501,501,501,501,501,501,501,501,501,501,501,501,501,501,501,501,501,501,501,501,501,501,501,501,501,501,501,501,501,501,501,501,501,501,501,501,501,501,501,501,501,501,501,501,501,501,501,501,501,501,501,501,501,501,501,501,501,501,501,501,501,501,501,501,501,501,501,501,501,501,501,501,501,501,501,501,501,501,501,501,501,501,501,501,501,501,501,501,501,501,501,501,501,501,501,501,501,501,501,501,501,501,501,501,501,501,501,501,501,501,501,501,501,501,501,501,501,501,501,501,501,501,501,501,501,501,501,501,501,501,501,501,501,501,501,501,501,501,501,501,501,501,501,501,501,501,501,501,501,501,501,501,501,501,501,501,501,501,501,501,501,501
501,501,501,456,456,456,456,456,456,456,456,456,456,456,456,456,456,456,456,456,456,456,456,456,456,456,456,456,456,456,456,456,456,456,456,456,456,456,456,456,456,456,456,456,456,456,456,456,456,456,456,456,456,456,456,456,456,456,456,456,456,456,456,456,456,456,456,456,456,456,456,456,456,456,456,456,456,456,456,456,456,456,456,456,456,456,456,456,456,456,456,456,456,456,501,501,501,501,501,501,501,501,501,501,501,501,501,501,501,501,501,501,501,501,501,501,501,501,501,501,501,501,501,501,501,501,501,501,501,501,501,501,501,501,501,501,501,501,501,501,501,501,501,501,501,501,501,501,501,501,501,501,501,501,501,501,501,501,501,501,501,501,501,501,501,501,501,501,501,501,501,501,501,501,501,501,501,501,501,501,501,501,501,501,501,501,501,501,501,501,501,501,501,501,501,501,501,501,501,501,501,501,501,501,501,501,501,501,501,501,501,501,501,501,501,501,501,501,501,501,501,501,501,501,501,501,501,501,501,501,501,501,501,501,501,501,501,501,501,501,501,501,501,501,501,501,501,501,501,501,501,501,501,501,501,501,501,501,501,501,501,501,501,501,501,501,501,501,501,501,501,501,501,501,501,501,501,501,501,501,501,501,501,501,501,501,501,501,501,501,501,501,501,501,501,501,501,501,501,501,501,501,501,501,501,501,501,501,501,501,501,501,501,501,501,501,501,501,501,501,501,501,501,501,501,501,501,501,501,501,501,501,501,501,501,501,501,501,501,501,501,501,501,501,501,501,501,501,501,501,501,501,501,501,501,501,501,501,501,501
501,501,501,501,501,501,456,456,456,456,456,456,456,456,456,456,456,456,456,456,456,456,456,456,456,456,456,456,456,456,456,456,456,456,456,456,456,456,456,456,456,456,456,456,456,456,456,456,456,456,456,456,456,456,456,456,456,456,456,456,456,456,456,456,456,456,456,456,456,456,456,456,456,456,456,456,456,456,456,456,456,456,456,456,456,456,456,456,456,456,456,456,456,456,456,501,501,501,501,501,501,501,501,501,501,501,501,501,501,501,501,501,501,501,501,501,501,501,501,501,501,501,501,501,501,501,501,501,501,501,501,501,501,501,501,501,501,501,501,501,501,501,501,501,501,501,501,501,501,501,501,501,501,501,501,501,501,501,501,501,501,501,501,501,501,501,501,501,501,501,501,501,501,501,501,501,501,501,501,501,501,501,501,501,501,501,501,501,501,501,501,501,501,501,501,501,501,501,501,501,501,501,501,501,501,501,501,501,501,501,501,501,501,501,501,501,501,501,501,501,501,501,501,501,501,501,501,501,501,501,501,501,501,501,501,501,501,501,501,501,501,501,501,501,501,501,501,501,501,501,501,501,501,501,501,501,501,501,501,501,501,501,501,501,501,501,501,501,501,501,501,501,501,501,501,501,501,501,501,501,501,501,501,501,501,501,501,501,501,501,501,501,501,501,501,501,501,501,501,501,501,501,501,501,501,501,501,501,501,501,501,501,501,501,501,501,501,501,501,501,501,501,501,501,501,501,501,501,501,501,501,501,501,501,501,501,501,501,501,501,501,501,501,501,501,501,501,501,501,501,501,501,501,501,501,501,501,501,501,501
501,501,501,501,501,501,501,501,501,456,456,456,456,456,456,456,456,456,456,456,456,456,456,456,456,456,456,456,456,456,456,456,456,456,456,456,456,456,456,456,456,456,456,456,456,456,456,456,456,456,456,456,456,456,456,456,456,456,456,456,456,456,456,456,456,456,456,456,456,456,456,456,456,456,456,456,456,456,456,456,456,456,456,456,456,456,456,456,456,456,456,456,456,456,456,456,456,501,501,501,501,501,501,501,501,501,501,501,501,501,501,501,501,501,501,501,501,501,501,501,501,501,501,501,501,501,501,501,501,501,501,501,501,501,501,501,501,501,501,501,501,501,501,501,501,501,501,501,501,501,501,501,501,501,501,501,501,501,501,501,501,501,501,501,501,501,501,501,501,501,501,501,501,501,501,501,501,501,501,501,501,501,501,501,501,501,501,501,501,501,501,501,501,501,501,501,501,501,501,501,501,501,501,501,501,501,501,501,501,501,501,501,501,501,501,501,501,501,501,501,501,501,501,501,501,501,501,501,501,501,501,501,501,501,501,501,501,501,501,501,501,501,501,501,501,501,501,501,501,501,501,501,501,501,501,501,501,501,501,501,501,501,501,501,501,501,501,501,501,501,501,501,501,501,501,501,501,501,501,501,501,501,501,501,501,501,501,501,501,501,501,501,501,501,501,501,501,501,501,501,501,501,501,501,501,501,501,501,501,501,501,501,501,501,501,501,501,501,501,501,501,501,501,501,501,501,501,501,501,501,501,501,501,501,501,501,501,501,501,501,501,501,501,501,501,501,501,501,501,501,501,501,501,501,501,501,501,501,501,501
501,501,501,501,501,501,501,501,501,501,501,501,501,456,456,456,456,456,456,456,456,456,456,456,456,456,456,456,456,456,456,456,456,456,456,456,456,456,456,456,456,456,456,456,456,456,456,456,456,456,456,456,456,456,456,456,456,456,456,456,456,456,456,456,456,456,456,456,456,456,456,456,456,456,456,456,456,456,456,456,456,456,456,456,456,456,456,456,456,456,456,456,456,456,456,456,456,456,456,501,501,501,501,501,501,501,501,501,501,501,501,501,501,501,501,501,501,501,501,501,501,501,501,501,501,501,501,501,501,501,501,501,501,501,501,501,501,501,501,501,501,501,501,501,501,501,501,501,501,501,501,501,501,501,501,501,501,501,501,501,501,501,501,501,501,501,501,501,501,501,501,501,501,501,501,501,501,501,501,501,501,501,501,501,501,501,501,501,501,501,501,501,501,501,501,501,501,501,501,501,501,501,501,501,501,501,501,501,501,501,501,501,501,501,501,501,501,501,501,501,501,501,501,501,501,501,501,501,501,501,501,501,501,501,501,501,501,501,501,501,501,501,501,501,501,501,501,501,501,501,501,501,501,501,501,501,501,501,501,501,501,501,501,501,501,501,501,501,501,501,501,501,501,501,501,501,501,501,501,501,501,501,501,501,501,501,501,501,501,501,501,501,501,501,501,501,501,501,501,501,501,501,501,501,501,501,501,501,501,501,501,501,501,501,501,501,501,501,501,501,501,501,501,501,501,501,501,501,501,501,501,501,501,501,501,501,501,501,501,501,501,501,501,501,501,501,501,501,501,501,501,501,501,501,501,501,501,501,501,501
501,501,501,501,501,501,501,501,501,501,501,501,501,501,501,501,501,456,456,456,456,456,456,456,456,456,456,456,456,456,456,456,456,456,456,456,456,456,456,456,456,456,456,456,456,456,456,456,456,456,456,456,456,456,456,456,456,456,456,456,456,456,456,456,456,456,456,456,456,456,456,456,456,456,456,456,456,456,456,456,456,456,456,456,456,456,456,456,456,456,456,456,456,456,456,456,456,456,456,456,456,456,501,501,501,501,501,501,501,501,501,501,501,501,501,501,501,501,501,501,501,501,501,501,501,501,501,501,501,501,501,501,501,501,501,501,501,501,501,501,501,501,501,501,501,501,501,501,501,501,501,501,501,501,501,501,501,501,501,501,501,501,501,501,501,501,501,501,501,501,501,501,501,501,501,501,501,501,501,501,501,501,501,501,501,501,501,501,501,501,501,501,501,501,501,501,501,501,501,501,501,501,501,501,501,501,501,501,501,501,501,501,501,501,501,501,501,501,501,501,501,501,501,501,501,501,501,501,501,501,501,501,501,501,501,501,501,501,501,501,501,501,501,501,501,501,501,501,501,501,501,501,501,501,501,501,501,501,501,501,501,501,501,501,501,501,501,501,501,501,501,501,501,501,501,501,501,501,501,501,501,501,501,501,501,501,501,501,501,501,501,501,501,501,501,501,501,501,501,501,501,501,501,501,501,501,501,501,501,501,501,501,501,501,501,501,501,501,501,501,501,501,501,501,501,501,501,501,501,501,501,501,501,501,501,501,501,501,501,501,501,501,501,501,501,501,501,501,501,501,501,501,501,501,501,501,501,501,501,501
501,501,501,501,501,501,501,501,501,501,501,501,501,501,501,501,501,501,501,501,501,456,456,456,456,456,456,456,456,456,456,456,456,456,456,456,456,456,456,456,456,456,456,456,456,456,456,456,456,456,456,456,456,456,456,456,456,456,456,456,456,456,456,456,456,456,456,456,456,456,456,456,456,456,456,456,456,456,456,456,456,456,456,456,456,456,456,456,456,456,456,456,456,456,456,456,456,456,456,456,456,456,456,456,501,501,501,501,501,501,501,501,501,501,501,501,501,501,501,501,501,501,501,501,501,501,501,501,501,501,501,501,501,501,501,501,501,501,501,501,501,501,501,501,501,501,501,501,501,501,501,501,501,501,501,501,501,501,501,501,501,501,501,501,501,501,501,501,501,501,501,501,501,501,501,501,501,501,501,501,501,501,501,501,501,501,501,501,501,501,501,501,501,501,501,501,501,501,501,501,501,501,501,501,501,501,501,501,501,501,501,501,501,501,501,501,501,501,501,501,501,501,501,501,501,501,501,501,501,501,501,501,501,501,501,501,501,501,501,501,501,501,501,501,501,501,501,501,501,501,501,501,501,501,501,501,501,501,501,501,501,501,501,501,501,501,501,501,501,501,501,501,501,501,501,501,501,501,501,501,501,501,501,501,501,501,501,501,501,501,501,501,501,501,501,501,501,501,501,501,501,501,501,501,501,501,501,501,501,501,501,501,501,501,501,501,501,501,501,501,501,501,501,501,501,501,501,501,501,501,501,501,501,501,501,501,501,501,501,501,501,501,501,501,501,501,501,501,501,501,501,501,501,501,501,501,501,501,501,501
501,501,501,501,501,501,501,501,501,501,501,501,501,501,501,501,501,501,501,501,501,501,501,501,501,501,456,456,456,456,456,456,456,456,456,456,456,456,456,456,456,456,456,456,456,456,456,456,456,456,456,456,456,456,456,456,456,456,456,456,456,456,456,456,456,456,456,456,456,456,456,456,456,456,456,456,456,456,456,456,456,456,456,456,456,456,456,456,456,456,456,456,456,456,456,456,456,456,456,456,456,456,456,456,456,456,456,456,501,501,501,501,501,501,501,501,501,501,501,501,501,501,501,501,501,501,501,501,501,501,501,501,501,501,501,501,501,501,501,501,501,501,501,501,501,501,501,501,501,501,501,501,501,501,501,501,501,501,501,501,501,501,501,501,501,501,501,501,501,501,501,501,501,501,501,501,501,501,501,501,501,501,501,501,501,501,501,501,501,501,501,501,501,501,501,501,501,501,501,501,501,501,501,501,501,501,501,501,501,501,501,501,501,501,501,501,501,501,501,501,501,501,501,501,501,501,501,501,501,501,501,501,501,501,501,501,501,501,501,501,501,501,501,501,501,501,501,501,501,501,501,501,501,501,501,501,501,501,501,501,501,501,501,501,501,501,501,501,501,501,501,501,501,501,501,501,501,501,501,501,501,501,501,501,501,501,501,501,501,501,501,501,501,501,501,501,501,501,501,501,501,501,501,501,501,501,501,501,501,501,501,501,501,501,501,501,501,501,501,501,501,501,501,501,501,501,501,501,501,501,501,501,501,501,501,501,501,501,501,501,501,501,501,501,501,501,501,501,501,501,501,501,501,501,501,501,501,501,501,501
501,501,501,501,501,501,501,501,501,501,501,501,501,501,501,501,501,501,501,501,501,501,501,501,501,501,501,501,501,456,456,456,456,456,456,456,456,456,456,456,456,456,456,456,456,456,456,456,456,456,456,456,456,456,456,456,456,456,456,456,456,456,456,456,456,456,456,456,456,456,456,456,456,456,456,456,456,456,456,456,456,456,456,456,456,456,456,456,456,456,456,456,456,456,456,456,456,456,456,456,456,456,456,456,456,501,501,501,501,501,501,501,501,501,501,501,501,501,501,501,501,501,501,501,501,501,501,501,501,501,501,501,501,501,501,501,501,501,501,501,501,501,501,501,501,501,501,501,501,501,501,501,501,501,501,501,501,501,501,501,501,501,501,501,501,501,501,501,501,501,501,501,501,501,501,501,501,501,501,501,501,501,501,501,501,501,501,501,501,501,501,501,501,501,501,501,501,501,501,501,501,501,501,501,501,501,501,501,501,501,501,501,501,501,501,501,501,501,501,501,501,501,501,501,501,501,501,501,501,501,501,501,501,501,501,501,501,501,501,501,501,501,501,501,501,501,501,501,501,501,501,501,501,501,501,501,501,501,501,501,501,501,501,501,501,501,501,501,501,501,501,501,501,501,501,501,501,501,501,501,501,501,501,501,501,501,501,501,501,501,501,501,501,501,501,501,501,501,501,501,501,501,501,501,501,501,501,501,501,501,501,501,501,501,501,501,501,501,501,501,501,501,501,501,501,501,501,501,501,501,501,501,501,501,501,501,501,501,501,501,501,501,501,501,501,501,501,501,501,501,501,501,501,501,501,501,501,501,501,501
501,501,501,501,501,501,501,501,501,501,501,501,501,501,501,501,501,501,501,501,501,501,501,501,501,501,501,501,501,501,501,501,456,456,456,456,456,456,456,456,456,456,456,456,456,456,456,456,456,456,456,456,456,456,456,456,456,456,456,456,456,456,456,456,456,456,456,456,456,456,456,456,456,456,456,456,456,456,456,456,456,456,456,456,456,456,456,456,456,456,456,456,456,456,456,456,456,456,456,456,456,501,501,501,501,501,501,501,501,501,501,501,501,501,501,501,501,501,501,501,501,501,501,501,501,501,501,501,501,501,501,501,501,501,501,501,501,501,501,501,501,501,501,501,501,501,501,501,501,501,501,501,501,501,501,501,501,501,501,501,501,501,501,501,501,501,501,501,501,501,501,501,501,501,501,501,501,501,501,501,501,501,501,501,501,501,501,501,501,501,501,501,501,501,501,501,501,501,501,501,501,501,501,501,501,501,501,501,501,501,501,501,501,501,501,501,501,501,501,501,501,501,501,501,501,501,501,501,501,501,501,501,501,501,501,501,501,501,501,501,501,501,501,501,501,501,501,501,501,501,501,501,501,501,501,501,501,501,501,501,501,501,501,501,501,501,501,501,501,501,501,501,501,501,501,501,501,501,501,501,501,501,501,501,501,501,501,501,501,501,501,501,501,501,501,501,501,501,501,501,501,501,501,501,501,501,501,501,501,501,501,501,501,501,501,501,501,501,501,501,501,501,501,501,501,501,501,501,501,501,501,501,501,501,501,501,501,501,501,501,501,501,501,501,501,501,501,501,501,501,501,501,501,501,501,501,501,501,501,501
501,501,501,501,501,501,501,501,501,501,501,501,501,501,501,501,501,501,501,501,501,501,501,501,501,501,501,501,501,501,501,501,501,501,501,501,501,501,501,456,456,456,456,456,456,456,456,456,456,456,456,456,456,456,456,456,456,456,456,456,456,456,456,456,456,456,456,456,456,456,456,456,456,456,456,456,456,456,456,456,456,456,456,456,456,456,456,456,456,456,456,456,456,456,456,456,501,501,501,501,501,501,501,501,501,501,501,501,501,501,501,501,501,501,501,501,501,501,501,501,501,501,501,501,501,501,501,501,501,501,501,501,501,501,501,501,501,501,501,501,501,501,501,501,501,501,501,501,501,501,501,501,501,501,501,501,501,501,501,501,501,501,501,501,501,501,501,501,501,501,501,501,501,501,501,501,501,501,501,501,501,501,501,501,501,501,501,501,501,501,501,501,501,501,501,501,501,501,501,501,501,501,501,501,501,501,501,501,501,501,501,501,501,501,501,501,501,501,501,501,501,501,501,501,501,501,501,501,501,501,501,501,501,501,501,501,501,501,501,501,501,501,501,501,501,501,501,501,501,501,501,501,501,501,501,501,501,501,501,501,501,501,501,501,501,501,501,501,501,501,501,501,501,501,501,501,501,501,501,501,501,501,501,501,501,501,501,501,501,501,501,501,501,501,501,501,501,501,501,501,501,501,501,501,501,501,501,501,501,501,501,501,501,501,501,501,501,501,501,501,501,501,501,501,501,501,501,501,501,501,501,501,501,501,501,501,501,501,501,501,501,501,501,501,501,501,501,501,501,501,501,501,501,501,501,501,501,501,501,501
501,501,501,501,501,501,501,501,501,501,501,501,501,501,501,501,501,501,501,501,501,501,501,501,501,501,501,501,501,501,501,501,501,501,501,501,501,501,501,501,501,501,501,501,501,501,501,501,501,501,456,456,456,456,456,456,456,456,456,456,456,456,456,456,456,456,456,456,456,456,456,456,456,456,456,456,456,456,456,456,456,456,456,456,456,456,456,456,456,456,501,501,501,501,501,501,501,501,501,501,501,501,501,501,501,501,501,501,501,501,501,501,501,501,501,501,501,501,501,501,501,501,501,501,501,501,501,501,501,501,501,501,501,501,501,501,501,501,501,501,501,501,501,501,501,501,501,501,501,501,501,501,501,501,501,501,501,501,501,501,501,501,501,501,501,501,501,501,501,501,501,501,501,501,501,501,501,501,501,501,501,501,501,501,501,501,501,501,501,501,501,501,501,501,501,501,501,501,501,501,501,501,501,501,501,501,501,501,501,501,501,501,501,501,501,501,501,501,501,501,501,501,501,501,501,501,501,501,501,501,501,501,501,501,501,501,501,501,501,501,501,501,501,501,501,501,501,501,501,501,501,501,501,501,501,501,501,501,501,501,501,501,501,501,501,501,501,501,501,501,501,501,501,501,501,501,501,501,501,501,501,501,501,501,501,501,501,501,501,501,501,501,501,501,501,501,501,501,501,501,501,501,501,501,501,501,501,501,501,501,501,501,501,501,501,501,501,501,501,501,501,501,501,501,501,501,501,501,501,501,501,501,501,501,501,501,501,501,501,501,501,501,501,501,501,501,501,501,501,501,501,501,501,501,501,501,501,501,501,501
501,501,501,501,501,501,501,501,501,501,501,501,501,501,501,501,501,501,501,501,501,501,501,501,501,501,501,501,501,501,501,501,501,501,501,501,501,501,501,501,501,501,501,501,501,501,501,501,501,501,501,501,501,501,501,501,501,501,501,501,501,501,501,501,501,501,501,501,501,501,501,501,501,501,501,501,501,501,501,501,501,501,501,501,501,501,501,501,501,501,501,501,501,501,501,501,501,501,501,501,501,501,501,501,501,501,501,501,501,501,501,501,501,501,501,501,501,501,501,501,501,501,501,501,501,501,501,501,501,501,501,501,501,501,501,501,501,501,501,501,501,501,501,501,501,501,501,501,501,501,501,501,501,501,501,501,501,501,501,501,501,501,501,501,501,501,501,501,501,501,501,501,501,501,501,501,501,501,501,501,501,501,501,501,501,501,501,501,501,501,501,501,501,501,501,501,501,501,501,501,501,501,501,501,501,501,501,501,501,501,501,501,501,501,501,501,501,501,501,501,501,501,501,501,501,501,501,501,501,501,501,501,501,501,501,501,501,501,501,501,501,501,501,501,501,501,501,501,501,501,501,501,501,501,501,501,501,501,501,501,501,501,501,501,501,501,501,501,501,501,501,501,501,501,501,501,501,501,501,501,501,501,501,501,501,501,501,501,501,501,501,501,501,501,501,501,501,501,501,501,501,501,501,501,501,501,501,501,501,501,501,501,501,501,501,501,501,501,501,501,501,501,501,501,501,501,501,501,501,501,501,501,501,501,501,501,501,501,501,501,501,501,501,501,501,501,501,501,501,501,501,501,501,501,501,501,501,501,501,501
501,501,501,501,501,501,501,501,501,501,501,501,501,501,501,501,501,501,501,501,501,501,501,501,501,501,501,501,501,501,501,501,501,501,501,501,501,501,501,501,501,501,501,501,501,501,501,501,501,501,501,501,501,501,501,501,501,501,501,501,501,501,501,501,501,501,501,501,501,501,501,501,501,501,501,501,501,501,501,501,501,501,501,501,501,501,501,501,501,501,501,501,501,501,501,501,501,501,501,501,501,501,501,501,501,501,501,501,501,501,501,501,501,501,501,501,501,501,501,501,501,501,501,501,501,501,501,501,501,501,501,501,501,501,501,501,501,501,501,501,501,501,501,501,501,501,501,501,501,501,501,501,501,501,501,501,501,501,501,501,501,501,501,501,501,501,501,501,501,501,501,501,501,501,501,501,501,501,501,501,501,501,501,501,501,501,501,501,501,501,501,501,501,501,501,501,501,501,501,501,501,501,501,501,501,501,501,501,501,501,501,501,501,501,501,501,501,501,501,501,501,501,501,501,501,501,501,501,501,501,501,501,501,501,501,501,501,501,501,501,501,501,501,501,501,501,501,501,501,501,501,501,501,501,501,501,501,501,501,501,501,501,501,501,501,501,501,501,501,501,501,501,501,501,501,501,501,501,501,501,501,501,501,501,501,501,501,501,501,501,501,501,501,501,501,501,501,501,501,501,501,501,501,501,501,501,501,501,501,501,501,501,501,501,501,501,501,501,501,501,501,501,501,501,501,501,501,501,501,501,501,501,501,501,501,501,501,501,501,501,501,501,501,501,501,501,501,501,501,501,501,501,501,501,501,501,501,501,501,501
501,501,501,501,501,501,501,501,501,501,501,501,501,501,501,501,501,501,501,501,501,501,501,501,501,501,501,501,501,501,501,501,501,501,501,501,501,501,501,501,501,501,501,501,501,501,501,501,501,501,501,501,501,501,501,501,501,501,501,501,501,501,501,501,501,501,501,501,501,501,501,501,501,501,501,501,501,501,501,501,501,501,501,501,501,501,501,501,501,501,501,501,501,501,501,501,501,501,501,501,501,501,501,501,501,501,501,501,501,501,501,501,501,501,501,501,501,501,501,501,501,501,501,501,501,501,501,501,501,501,501,501,501,501,501,501,501,501,501,501,501,501,501,501,501,501,501,501,501,501,501,501,501,501,501,501,501,501,501,501,501,501,501,501,501,501,501,501,501,501,501,501,501,501,501,501,501,501,501,501,501,501,501,501,501,501,501,501,501,501,501,501,501,501,501,501,501,501,501,501,501,501,501,501,501,501,501,501,501,501,501,501,501,501,501,501,501,501,501,501,501,501,501,501,501,501,501,501,501,501,501,501,501,501,501,501,501,501,501,501,501,501,501,501,501,501,501,501,501,501,501,501,501,501,501,501,501,501,501,501,501,501,501,501,501,501,501,501,501,501,501,501,501,501,501,501,501,501,501,501,501,501,501,501,501,501,501,501,501,501,501,501,501,501,501,501,501,501,501,501,501,501,501,501,501,501,501,501,501,501,501,501,501,501,501,501,501,501,501,501,501,501,501,501,501,501,501,501,501,501,501,501,501,501,501,501,501,501,501,501,501,501,501,501,501,501,501,501,501,501,501,501,501,501,501,501,501,501,501,501
501,501,501,501,501,501,501,501,501,501,501,501,501,501,501,501,501,501,501,501,501,501,501,501,501,501,501,501,501,501,501,501,501,501,501,501,501,501,501,501,501,501,501,501,501,501,501,501,501,501,501,501,501,501,501,501,501,501,501,501,501,501,501,501,501,501,501,501,501,501,501,501,501,501,501,501,501,501,501,501,501,501,501,501,501,501,501,501,501,501,501,501,501,501,501,501,501,501,501,501,501,501,501,501,501,501,501,501,501,501,501,501,501,501,501,501,501,501,501,501,501,501,501,501,501,501,501,501,501,501,501,501,501,501,501,501,501,501,501,501,501,501,501,501,501,501,501,501,501,501,501,501,501,501,501,501,501,501,501,501,501,501,501,501,501,501,501,501,501,501,501,501,501,501,501,501,501,501,501,501,501,501,501,501,501,501,501,501,501,501,501,501,501,501,501,501,501,501,501,501,501,501,501,501,501,501,501,501,501,501,501,501,501,501,501,501,501,501,501,501,501,501,501,501,501,501,501,501,501,501,501,501,501,501,501,501,501,501,501,501,501,501,501,501,501,501,501,501,501,501,501,501,501,501,501,501,501,501,501,501,501,501,501,501,501,501,501,501,501,501,501,501,501,501,501,501,501,501,501,501,501,501,501,501,501,501,501,501,501,501,501,501,501,501,501,501,501,501,501,501,501,501,501,501,501,501,501,501,501,501,501,501,501,501,501,501,501,501,501,501,501,501,501,501,501,501,501,501,501,501,501,501,501,501,501,501,501,501,501,501,501,501,501,501,501,501,501,501,501,501,501,501,501,501,501,501,501,501,501,501
501,501,501,501,501,501,501,501,501,501,501,501,501,501,501,501,501,501,501,501,501,501,501,501,501,501,501,501,501,501,501,501,501,501,501,501,501,501,501,501,501,501,501,501,501,501,501,501,501,501,501,501,501,501,501,501,501,501,501,501,501,501,501,501,501,501,501,501,501,501,501,501,501,501,501,501,501,501,501,501,501,501,501,501,501,501,501,501,501,501,501,501,501,501,501,501,501,501,501,501,501,501,501,501,501,501,501,501,501,501,501,501,501,501,501,501,501,501,501,501,501,501,501,501,501,501,501,501,501,501,501,501,501,501,501,501,501,501,501,501,501,501,501,501,501,501,501,501,501,501,501,501,501,501,501,501,501,501,501,501,501,501,501,501,501,501,501,501,501,501,501,501,501,501,501,501,501,501,501,501,501,501,501,501,501,501,501,501,501,501,501,501,501,501,501,501,501,501,501,501,501,501,501,501,501,501,501,501,501,501,501,501,501,501,501,501,501,501,501,501,501,501,501,501,501,501,501,501,501,501,501,501,501,501,501,501,501,501,501,501,501,501,501,501,501,501,501,501,501,501,501,501,501,501,501,501,501,501,501,501,501,501,501,501,501,501,501,501,501,501,501,501,501,501,501,501,501,501,501,501,501,501,501,501,501,501,501,501,501,501,501,501,501,501,501,501,501,501,501,501,501,501,501,501,501,501,501,501,501,501,501,501,501,501,501,501,501,501,501,501,501,501,501,501,501,501,501,501,501,501,501,501,501,501,501,501,501,501,501,501,501,501,501,501,501,501,501,501,501,501,501,501,501,501,501,501,501,501,501,501
501,501,501,501,501,501,501,501,501,501,501,501,501,501,501,501,501,501,501,501,501,501,501,501,501,501,501,501,501,501,501,501,501,501,501,501,501,501,501,501,501,501,501,501,501,501,501,501,501,501,501,501,501,501,501,501,501,501,501,501,501,501,501,501,501,501,501,501,501,501,501,501,501,501,501,501,501,501,501,501,501,501,501,501,501,501,501,501,501,501,501,501,501,501,501,501,501,501,501,501,501,501,501,501,501,501,501,501,501,501,501,501,501,501,501,501,501,501,501,501,501,501,501,501,501,501,501,501,501,501,501,501,501,501,501,501,501,501,501,501,501,501,501,501,501,501,501,501,501,501,501,501,501,501,501,501,501,501,501,501,501,501,501,501,501,501,501,501,501,501,501,501,501,501,501,501,501,501,501,501,501,501,501,501,501,501,501,501,501,501,501,501,501,501,501,501,501,501,501,501,501,501,501,501,501,501,501,501,501,501,501,501,501,501,501,501,501,501,501,501,501,501,501,501,501,501,501,501,501,501,501,501,501,501,501,501,501,501,501,501,501,501,501,501,501,501,501,501,501,501,501,501,501,501,501,501,501,501,501,501,501,501,501,501,501,501,501,501,501,501,501,501,501,501,501,501,501,501,501,501,501,501,501,501,501,501,501,501,501,501,501,501,501,501,501,501,501,501,501,501,501,501,501,501,501,501,501,501,501,501,501,501,501,501,501,501,501,501,501,501,501,501,501,501,501,501,501,501,501,501,501,501,501,501,501,501,501,501,501,501,501,501,501,501,501,501,501,501,501,501,501,501,501,501,501,501,501,501,501,501
501,501,501,501,501,501,501,501,501,501,501,501,501,501,501,501,501,501,501,501,501,501,501,501,501,501,501,501,501,501,501,501,501,501,501,501,501,501,501,501,501,501,501,501,501,501,501,501,501,501,501,501,501,501,501,501,501,501,501,501,501,501,501,501,501,501,501,501,501,501,501,501,501,501,501,501,501,501,501,501,501,501,501,501,501,501,501,501,501,501,501,501,501,501,501,501,501,501,501,501,501,501,501,501,501,501,501,501,501,501,501,501,501,501,501,501,501,501,501,501,501,501,501,501,501,501,501,501,501,501,501,501,501,501,501,501,501,501,501,501,501,501,501,501,501,501,501,501,501,501,501,501,501,501,501,501,501,501,501,501,501,501,501,501,501,501,501,501,501,501,501,501,501,501,501,501,501,501,501,501,501,501,501,501,501,501,501,501,501,501,501,501,501,501,501,501,501,501,501,501,501,501,501,501,501,501,501,501,501,501,501,501,501,501,501,501,501,501,501,501,501,501,501,501,501,501,501,501,501,501,501,501,501,501,501,501,501,501,501,501,501,501,501,501,501,501,501,501,501,501,501,501,501,501,501,501,501,501,501,501,501,501,501,501,501,501,501,501,501,501,501,501,501,501,501,501,501,501,501,501,501,501,501,501,501,501,501,501,501,501,501,501,501,501,501,501,501,501,501,501,501,501,501,501,501,501,501,501,501,501,501,501,501,501,501,501,501,501,501,501,501,501,501,501,501,501,501,501,501,501,501,501,501,501,501,501,501,501,501,501,501,501,501,501,501,501,501,501,501,501,501,501,501,501,501,501,501,501,501,501
501,501,501,501,501,501,501,501,501,501,501,501,501,501,501,501,501,501,501,501,501,501,501,501,501,501,501,501,501,501,501,501,501,501,501,501,501,501,501,501,501,501,501,501,501,501,501,501,501,501,501,501,501,501,501,501,501,501,501,501,501,501,501,501,501,501,501,501,501,501,501,501,501,501,501,501,501,501,501,501,501,501,501,501,501,501,501,501,501,501,501,501,501,501,501,501,501,501,501,501,501,501,501,501,501,501,501,501,501,501,501,501,501,501,501,501,501,501,501,501,501,501,501,501,501,501,501,501,501,501,501,501,501,501,501,501,501,501,501,501,501,501,501,501,501,501,501,501,501,501,501,501,501,501,501,501,501,501,501,501,501,501,501,501,501,501,501,501,501,501,501,501,501,501,501,501,501,501,501,501,501,501,501,501,501,501,501,501,501,501,501,501,501,501,501,501,501,501,501,501,501,501,501,501,501,501,501,501,501,501,501,501,501,501,501,501,501,501,501,501,501,501,501,501,501,501,501,501,501,501,501,501,501,501,501,501,501,501,501,501,501,501,501,501,501,501,501,501,501,501,501,501,501,501,501,501,501,501,501,501,501,501,501,501,501,501,501,501,501,501,501,501,501,501,501,501,501,501,501,501,501,501,501,501,501,501,501,501,501,501,501,501,501,501,501,501,501,501,501,501,501,501,501,501,501,501,501,501,501,501,501,501,501,501,501,501,501,501,501,501,501,501,501,501,501,501,501,501,501,501,501,501,501,501,501,501,501,501,501,501,501,501,501,501,501,501,501,501,501,501,501,501,501,501,501,501,501,501,501,501
501,501,501,501,501,501,501,501,501,501,501,501,501,501,501,501,501,501,501,501,501,501,501,501,501,501,501,501,501,501,501,501,501,501,501,501,501,501,501,501,501,501,501,501,501,501,501,501,501,501,501,501,501,501,501,501,501,501,501,501,501,501,501,501,501,501,501,501,501,501,501,501,501,501,501,501,501,501,501,501,501,501,501,501,501,501,501,501,501,501,501,501,501,501,501,501,501,501,501,501,501,501,501,501,501,501,501,501,501,501,501,501,501,501,501,501,501,501,501,501,501,501,501,501,501,501,501,501,501,501,501,501,501,501,501,501,501,501,501,501,501,501,501,501,501,501,501,501,501,501,501,501,501,501,501,501,501,501,501,501,501,501,501,501,501,501,501,501,501,501,501,501,501,501,501,501,501,501,501,501,501,501,501,501,501,501,501,501,501,501,501,501,501,501,501,501,501,501,501,501,501,501,501,501,501,501,501,501,501,501,501,501,501,501,501,501,501,501,501,501,501,501,501,501,501,501,501,501,501,501,501,501,501,501,501,501,501,501,501,501,501,501,501,501,501,501,501,501,501,501,501,501,501,501,501,501,501,501,501,501,501,501,501,501,501,501,501,501,501,501,501,501,501,501,501,501,501,501,501,501,501,501,501,501,501,501,501,501,501,501,501,501,501,501,501,501,501,501,501,501,501,501,501,501,501,501,501,501,501,501,501,501,501,501,501,501,501,501,501,501,501,501,501,501,501,501,501,501,501,501,501,501,501,501,501,501,501,501,501,501,501,501,501,501,501,501,501,501,501,501,501,501,501,501,501,501,501,501,501,501
501,501,501,501,501,501,501,501,501,501,501,501,501,501,501,501,501,501,501,501,501,501,501,501,501,501,501,501,501,501,501,501,501,501,501,501,501,501,501,501,501,501,501,501,501,501,501,501,501,501,501,501,501,501,501,501,501,501,501,501,501,501,501,501,501,501,501,501,501,501,501,501,501,501,501,501,501,501,501,501,501,501,501,501,501,501,501,501,501,501,501,501,501,501,501,501,501,501,501,501,501,501,501,501,501,501,501,501,501,501,501,501,501,501,501,501,501,501,501,501,501,501,501,501,501,501,501,501,501,501,501,501,501,501,501,501,501,501,501,501,501,501,501,501,501,501,501,501,501,501,501,501,501,501,501,501,501,501,501,501,501,501,501,501,501,501,501,501,501,501,501,501,501,501,501,501,501,501,501,501,501,501,501,501,501,501,501,501,501,501,501,501,501,501,501,501,501,501,501,501,501,501,501,501,501,501,501,501,501,501,501,501,501,501,501,501,501,501,501,501,501,501,501,501,501,501,501,501,501,501,501,501,501,501,501,501,501,501,501,501,501,501,501,501,501,501,501,501,501,501,501,501,501,501,501,501,501,501,501,501,501,501,501,501,501,501,501,501,501,501,501,501,501,501,501,501,501,501,501,501,501,501,501,501,501,501,501,501,501,501,501,501,501,501,501,501,501,501,501,501,501,501,501,501,501,501,501,501,501,501,501,501,501,501,501,501,501,501,501,501,501,501,501,501,501,501,501,501,501,501,501,501,501,501,501,501,501,501,501,501,501,501,501,501,501,501,501,501,501,501,501,501,501,501,501,501,501,501,501,501
