701,701,701,701,701,701,701,701,701,701,701,701,701,701,701,701,701,701,701,701,701,701,701,701,701,701,701,701,701,701,701,701,701,701,701,701,701,701,701,701,701,701,701,701,701,701,701,701,701,701,701,701,701,701,701,701,701,701,701,701,701,701,701,701,701,701,701,701,701,701,701,701,701,701,701,701,701,701,701,701,701,701,701,701,701,701,701,701,701,701,701,701,701,701,701,701,701,701,701,701,701,701,701,701,701,701,701,701,701,701,701,701,701,701,701,701,701,701,701,701,701,701,701,701,701,701,701,701,701,701,701,701,701,701,701,701,701,701,701,701,701,701,701,701,701,701,701,701,701,701,701,701,701,701,701,701,701,701,701,701,701,701,701,701,701,701,701,701,701,701,701,701,701,701,701,701,701,701,701,701,701,701,701,701,701,701,701,701,701,701,701,701,701,701,701,701,701,701,701,701,701,701,701,701,701,701,701,701,701,701,701,701,701,701,701,701,701,701,701,701,701,701,701,701,701,701,701,701,701,701,701,701,701,701,701,701,701,701,701,701,701,701,701,701,701,701,701,701,701,701,701,701,701,701,701,701,701,701,701,701,701,701,701,701,701,701,701,701,701,701,701,701,701,701,701,701,701,701,701,701,701,701,701,701,701,701,701,701,701,701,701,701,701,701,701,701,701,701,701,701,701,701,701,701,701,701,701,701,701,701,701,701,701,701,701,701,701,701,701,701,701,701,701,701,701,701,701,701,701,701,701,701,701,701,701,701,701,701,701,701,701,701,701,701,701,701,701,701,701,701,701,701,701,701,701,701,701,701,701,701
701,701,701,701,701,701,701,701,701,701,701,701,701,701,701,701,701,701,701,701,701,701,701,701,701,701,701,701,701,701,701,701,701,701,701,701,701,701,701,701,701,701,701,701,701,701,701,701,701,701,701,701,701,701,701,701,701,701,701,701,701,701,701,701,701,701,701,701,701,701,701,701,701,701,701,701,701,701,701,701,701,701,701,701,701,701,701,701,701,701,701,701,701,701,701,701,701,701,701,701,701,701,701,701,701,701,701,701,701,701,701,701,701,701,701,701,701,701,701,701,701,701,701,701,701,701,701,701,701,701,701,701,701,701,701,701,701,701,701,701,701,701,701,701,701,701,701,701,701,701,701,701,701,701,701,701,701,701,701,701,701,701,701,701,701,701,701,701,701,701,701,701,701,701,701,701,701,701,701,701,701,701,701,701,701,701,701,701,701,701,701,701,701,701,701,701,701,701,701,701,701,701,701,701,701,701,701,701,701,701,701,701,701,701,701,701,701,701,701,701,701,701,701,701,701,701,701,701,701,701,701,701,701,701,701,701,701,701,701,701,701,701,701,701,701,701,701,701,701,701,701,701,701,701,701,701,701,701,701,701,701,701,701,701,701,701,701,701,701,701,701,701,701,701,701,701,701,701,701,701,701,701,701,701,701,701,701,701,701,701,701,701,701,701,701,701,701,701,701,701,701,701,701,701,701,701,701,701,701,701,701,701,701,701,701,701,701,701,701,701,701,701,701,701,701,701,701,701,701,701,701,701,701,701,701,701,701,701,701,701,701,701,701,701,701,701,701,701,701,701,701,701,701,701,701,701,701,701,701,701
701,701,701,701,701,701,701,701,701,701,701,701,701,701,701,701,701,701,701,701,701,701,701,701,701,701,701,701,701,701,701,701,701,701,701,701,701,701,701,701,701,701,701,701,701,701,701,701,701,701,701,701,701,701,701,701,701,701,701,701,701,701,701,701,701,701,701,701,701,701,701,701,701,701,701,701,701,701,701,701,701,701,701,701,701,701,701,701,701,701,701,701,701,701,701,701,701,701,701,701,701,701,701,701,701,701,701,701,701,701,701,701,701,701,701,701,701,701,701,701,701,701,701,701,701,701,701,701,701,701,701,701,701,701,701,701,701,701,701,701,701,701,701,701,701,701,701,701,701,701,701,701,701,701,701,701,701,701,701,701,701,701,701,701,701,701,701,701,701,701,701,701,701,701,701,701,701,701,701,701,701,701,701,701,701,701,701,701,701,701,701,701,701,701,701,701,701,701,701,701,701,701,701,701,701,701,701,701,701,701,701,701,701,701,701,701,701,701,701,701,701,701,701,701,701,701,701,701,701,701,701,701,701,701,701,701,701,701,701,701,701,701,701,701,701,701,701,701,701,701,701,701,701,701,701,701,701,701,701,701,701,701,701,701,701,701,701,701,701,701,701,701,701,701,701,701,701,701,701,701,701,701,701,701,701,701,701,701,701,701,701,701,701,701,701,701,701,701,701,701,701,701,701,701,701,701,701,701,701,701,701,701,701,701,701,701,701,701,701,701,701,701,701,701,701,701,701,701,701,701,701,701,701,701,701,701,701,701,701,701,701,701,701,701,701,701,701,701,701,701,701,701,701,701,701,701,701,701,701,701
701,701,701,701,701,701,701,701,701,701,701,701,701,701,701,701,701,701,701,701,701,701,701,701,701,701,701,701,701,701,701,701,701,701,701,701,701,701,701,701,701,701,701,701,701,701,701,701,701,701,701,701,701,701,701,701,701,701,701,701,701,701,701,701,701,701,701,701,701,701,701,701,701,701,701,701,701,701,701,701,701,701,701,701,701,701,701,701,701,701,701,701,701,701,701,701,701,701,701,701,701,701,701,701,701,701,701,701,701,701,701,701,701,701,701,701,701,701,701,701,701,701,701,701,701,701,701,701,701,701,701,701,701,701,701,701,701,701,701,701,701,701,701,701,701,701,701,701,701,701,701,701,701,701,701,701,701,701,701,701,701,701,701,701,701,701,701,701,701,701,701,701,701,701,701,701,701,701,701,701,701,701,701,701,701,701,701,701,701,701,701,701,701,701,701,701,701,701,701,701,701,701,701,701,701,701,701,701,701,701,701,701,701,701,701,701,701,701,701,701,701,701,701,701,701,701,701,701,701,701,701,701,701,701,701,701,701,701,701,701,701,701,701,701,701,701,701,701,701,701,701,701,701,701,701,701,701,701,701,701,701,701,701,701,701,701,701,701,701,701,701,701,701,701,701,701,701,701,701,701,701,701,701,701,701,701,701,701,701,701,701,701,701,701,701,701,701,701,701,701,701,701,701,701,701,701,701,701,701,701,701,701,701,701,701,701,701,701,701,701,701,701,701,701,701,701,701,701,701,701,701,701,701,701,701,701,701,701,701,701,701,701,701,701,701,701,701,701,701,701,701,701,701,701,701,701,701,701,701,701
701,701,701,701,701,701,701,701,701,701,701,701,701,701,701,701,701,701,701,701,701,701,701,701,701,701,701,701,701,701,701,701,701,701,701,701,701,701,701,701,701,701,701,701,701,701,701,701,701,701,701,701,701,701,701,701,701,701,701,701,701,701,701,701,701,701,701,701,701,701,701,701,701,701,701,701,701,701,701,701,701,701,701,701,701,701,701,701,701,701,701,701,701,701,701,701,701,701,701,701,701,701,701,701,701,701,701,701,701,701,701,701,701,701,701,701,701,701,701,701,701,701,701,701,701,701,701,701,701,701,701,701,701,701,701,701,701,701,701,701,701,701,701,701,701,701,701,701,701,701,701,701,701,701,701,701,701,701,701,701,701,701,701,701,701,701,701,701,701,701,701,701,701,701,701,701,701,701,701,701,701,701,701,701,701,701,701,701,701,701,701,701,701,701,701,701,701,701,701,701,701,701,701,701,701,701,701,701,701,701,701,701,701,701,701,701,701,701,701,701,701,701,701,701,701,701,701,701,701,701,701,701,701,701,701,701,701,701,701,701,701,701,701,701,701,701,701,701,701,701,701,701,701,701,701,701,701,701,701,701,701,701,701,701,701,701,701,701,701,701,701,701,701,701,701,701,701,701,701,701,701,701,701,701,701,701,701,701,701,701,701,701,701,701,701,701,701,701,701,701,701,701,701,701,701,701,701,701,701,701,701,701,701,701,701,701,701,701,701,701,701,701,701,701,701,701,701,701,701,701,701,701,701,701,701,701,701,701,701,701,701,701,701,701,701,701,701,701,701,701,701,701,701,701,701,701,701,701,701,701
701,701,701,701,701,701,701,701,701,701,701,701,701,701,701,701,701,701,701,701,701,701,701,701,701,701,701,701,701,701,701,701,701,701,701,701,701,701,701,701,701,701,701,701,701,701,701,701,701,701,701,701,701,701,701,701,701,701,701,701,701,701,701,701,701,701,701,701,701,701,701,701,701,701,701,701,701,701,701,701,701,701,701,701,701,701,701,701,701,701,701,701,701,701,701,701,701,701,701,701,701,701,701,701,701,701,701,701,701,701,701,701,701,701,701,701,701,701,701,701,701,701,701,701,701,701,701,701,701,701,701,701,701,701,701,701,701,701,701,701,701,701,701,701,701,701,701,701,701,701,701,701,701,701,701,701,701,701,701,701,701,701,701,701,701,701,701,701,701,701,701,701,701,701,701,701,701,701,701,701,701,701,701,701,701,701,701,701,701,701,701,701,701,701,701,701,701,701,701,701,701,701,701,701,701,701,701,701,701,701,701,701,701,701,701,701,701,701,701,701,701,701,701,701,701,701,701,701,701,701,701,701,701,701,701,701,701,701,701,701,701,701,701,701,701,701,701,701,701,701,701,701,701,701,701,701,701,701,701,701,701,701,701,701,701,701,701,701,701,701,701,701,701,701,701,701,701,701,701,701,701,701,701,701,701,701,701,701,701,701,701,701,701,701,701,701,701,701,701,701,701,701,701,701,701,701,701,701,701,701,701,701,701,701,701,701,701,701,701,701,701,701,701,701,701,701,701,701,701,701,701,701,701,701,701,701,701,701,701,701,701,701,701,701,701,701,701,701,701,701,701,701,701,701,701,701,701,701,701,701
701,701,701,701,701,701,701,701,701,701,701,701,701,701,701,701,701,701,701,701,701,701,701,701,701,701,701,701,701,701,701,701,701,701,701,701,701,701,701,701,701,701,701,701,701,701,701,701,701,701,701,701,701,701,701,701,701,701,701,701,701,701,701,701,701,701,701,701,701,701,701,701,701,701,701,701,701,701,701,701,701,701,701,701,701,701,701,701,701,701,701,701,701,701,701,701,701,701,701,701,701,701,701,701,701,701,701,701,701,701,701,701,701,701,701,701,701,701,701,701,701,701,701,701,701,701,701,701,701,701,701,701,701,701,701,701,701,701,701,701,701,701,701,701,701,701,701,701,701,701,701,701,701,701,701,701,701,701,701,701,701,701,701,701,701,701,701,701,701,701,701,701,701,701,701,701,701,701,701,701,701,701,701,701,701,701,701,701,701,701,701,701,701,701,701,701,701,701,701,701,701,701,701,701,701,701,701,701,701,701,701,701,701,701,701,701,701,701,701,701,701,701,701,701,701,701,701,701,701,701,701,701,701,701,701,701,701,701,701,701,701,701,701,701,701,701,701,701,701,701,701,701,701,701,701,701,701,701,701,701,701,701,701,701,701,701,701,701,701,701,701,701,701,701,701,701,701,701,701,701,701,701,701,701,701,701,701,701,701,701,701,701,701,701,701,701,701,701,701,701,701,701,701,701,701,701,701,701,701,701,701,701,701,701,701,701,701,701,701,701,701,701,701,701,701,701,701,701,701,701,701,701,701,701,701,701,701,701,701,701,701,701,701,701,701,701,701,701,701,701,701,701,701,701,701,701,701,701,701,701
701,701,701,701,701,701,701,701,701,701,701,701,701,701,701,701,701,701,701,701,701,701,701,701,701,701,701,701,701,701,701,701,701,701,701,701,701,701,701,701,701,701,701,701,701,701,701,701,701,701,701,701,701,701,701,701,701,701,701,701,701,701,701,701,701,701,701,701,701,701,701,701,701,701,701,701,701,701,701,701,701,701,701,701,701,701,701,701,701,701,701,701,701,701,701,701,701,701,701,701,701,701,701,701,701,701,701,701,701,701,701,701,701,701,701,701,701,701,701,701,701,701,701,701,701,701,701,701,701,701,701,701,701,701,701,701,701,701,701,701,701,701,701,701,701,701,701,701,701,701,701,701,701,701,701,701,701,701,701,701,701,701,701,701,701,701,701,701,701,701,701,701,701,701,701,701,701,701,701,701,701,701,701,701,701,701,701,701,701,701,701,701,701,701,701,701,701,701,701,701,701,701,701,701,701,701,701,701,701,701,701,701,701,701,701,701,701,701,701,701,701,701,701,701,701,701,701,701,701,701,701,701,701,701,701,701,701,701,701,701,701,701,701,701,701,701,701,701,701,701,701,701,701,701,701,701,701,701,701,701,701,701,701,701,701,701,701,701,701,701,701,701,701,701,701,701,701,701,701,701,701,701,701,701,701,701,701,701,701,701,701,701,701,701,701,701,701,701,701,701,701,701,701,701,701,701,701,701,701,701,701,701,701,701,701,701,701,701,701,701,701,701,701,701,701,701,701,701,701,701,701,701,701,701,701,701,701,701,701,701,701,701,701,701,701,701,701,701,701,701,701,701,701,701,701,701,701,701,701,701
701,701,701,701,701,701,701,701,701,701,701,701,701,701,701,701,701,701,701,701,701,701,701,701,701,701,701,701,701,701,701,701,701,701,701,701,701,701,701,701,701,701,701,701,701,701,701,701,701,701,701,701,701,701,701,701,701,701,701,701,701,701,701,701,701,701,701,701,701,701,701,701,701,701,701,701,701,701,701,701,701,701,701,701,701,701,701,701,701,701,701,701,701,701,701,701,701,701,701,701,701,701,701,701,701,701,701,701,701,701,701,701,701,701,701,701,701,701,701,701,701,701,701,701,701,701,701,701,701,701,701,701,701,701,701,701,701,701,701,701,701,701,701,701,701,701,701,701,701,701,701,701,701,701,701,701,701,701,701,701,701,701,701,701,701,701,701,701,701,701,701,701,701,701,701,701,701,701,701,701,701,701,701,701,701,701,701,701,701,701,701,701,701,701,701,701,701,701,701,701,701,701,701,701,701,701,701,701,701,701,701,701,701,701,701,701,701,701,701,701,701,701,701,701,701,701,701,701,701,701,701,701,701,701,701,701,701,701,701,701,701,701,701,701,701,701,701,701,701,701,701,701,701,701,701,701,701,701,701,701,701,701,701,701,701,701,701,701,701,701,701,701,701,701,701,701,701,701,701,701,701,701,701,701,701,701,701,701,701,701,701,701,701,701,701,701,701,701,701,701,701,701,701,701,701,701,701,701,701,701,701,701,701,701,701,701,701,701,701,701,701,701,701,701,701,701,701,701,701,701,701,701,701,701,701,701,701,701,701,701,701,701,701,701,701,701,701,701,701,701,701,701,701,701,701,701,701,701,701,701
701,701,701,701,701,701,701,701,701,701,701,701,701,701,701,701,701,701,701,701,701,701,701,701,701,701,701,701,701,701,701,701,701,701,701,701,701,701,701,701,701,701,701,701,701,701,701,701,701,701,701,701,701,701,701,701,701,701,701,701,701,701,701,701,701,701,701,701,701,701,701,701,701,701,701,701,701,701,701,701,701,701,701,701,701,701,701,701,701,701,701,701,701,701,701,701,701,701,701,701,701,701,701,701,701,701,701,701,701,701,701,701,701,701,701,701,701,701,701,701,701,701,701,701,701,701,701,701,701,701,701,701,701,701,701,701,701,701,701,701,701,701,701,701,701,701,701,701,701,701,701,701,701,701,701,701,701,701,701,701,701,701,701,701,701,701,701,701,701,701,701,701,701,701,701,701,701,701,701,701,701,701,701,701,701,701,701,701,701,701,701,701,701,701,701,701,701,701,701,701,701,701,701,701,701,701,701,701,701,701,701,701,701,701,701,701,701,701,701,701,701,701,701,701,701,701,701,701,701,701,701,701,701,701,701,701,701,701,701,701,701,701,701,701,701,701,701,701,701,701,701,701,701,701,701,701,701,701,701,701,701,701,701,701,701,701,701,701,701,701,701,701,701,701,701,701,701,701,701,701,701,701,701,701,701,701,701,701,701,701,701,701,701,701,701,701,701,701,701,701,701,701,701,701,701,701,701,701,701,701,701,701,701,701,701,701,701,701,701,701,701,701,701,701,701,701,701,701,701,701,701,701,701,701,701,701,701,701,701,701,701,701,701,701,701,701,701,701,701,701,701,701,701,701,701,701,701,701,701,701
701,701,701,701,701,701,701,701,701,701,701,701,701,701,701,701,701,701,701,701,701,701,701,701,701,701,701,701,701,701,701,701,701,701,701,701,701,701,701,701,701,701,701,701,701,701,701,701,701,701,701,701,701,701,701,701,701,701,701,701,701,701,701,701,701,701,701,701,701,701,701,701,701,701,701,701,701,701,701,701,701,701,701,701,701,701,701,701,701,701,701,701,701,701,701,701,701,701,701,701,701,701,701,701,701,701,701,701,701,701,701,701,701,701,701,701,701,701,701,701,701,701,701,701,701,701,701,701,701,701,701,701,701,701,701,701,701,701,701,701,701,701,701,701,701,701,701,701,701,701,701,701,701,701,701,701,701,701,701,701,701,701,701,701,701,701,701,701,701,701,701,701,701,701,701,701,701,701,701,701,701,701,701,701,701,701,701,701,701,701,701,701,701,701,701,701,701,701,701,701,701,701,701,701,701,701,701,701,701,701,701,701,701,701,701,701,701,701,701,701,701,701,701,701,701,701,701,701,701,701,701,701,701,701,701,701,701,701,701,701,701,701,701,701,701,701,701,701,701,701,701,701,701,701,701,701,701,701,701,701,701,701,701,701,701,701,701,701,701,701,701,701,701,701,701,701,701,701,701,701,701,701,701,701,701,701,701,701,701,701,701,701,701,701,701,701,701,701,701,701,701,701,701,701,701,701,701,701,701,701,701,701,701,701,701,701,701,701,701,701,701,701,701,701,701,701,701,701,701,701,701,701,701,701,701,701,701,701,701,701,701,701,701,701,701,701,701,701,701,701,701,701,701,701,701,701,701,701,701,701
701,701,701,701,701,701,701,701,701,701,701,701,701,701,701,701,701,701,701,701,701,701,701,701,701,701,701,701,701,701,701,701,701,701,701,701,701,701,701,701,701,701,701,701,701,701,701,701,701,701,701,701,701,701,701,701,701,701,701,701,701,701,701,701,701,701,701,701,701,701,701,701,701,701,701,701,701,701,701,701,701,701,701,701,701,701,701,701,701,701,701,701,701,701,701,701,701,701,701,701,701,701,701,701,701,701,701,701,701,701,701,701,701,701,701,701,701,701,701,701,701,701,701,701,701,701,701,701,701,701,701,701,701,701,701,701,701,701,701,701,701,701,701,701,701,701,701,701,701,701,701,701,701,701,701,701,701,701,701,701,701,701,701,701,701,701,701,701,701,701,701,701,701,701,701,701,701,701,701,701,701,701,701,701,701,701,701,701,701,701,701,701,701,701,701,701,701,701,701,701,701,701,701,701,701,701,701,701,701,701,701,701,701,701,701,701,701,701,701,701,701,701,701,701,701,701,701,701,701,701,701,701,701,701,701,701,701,701,701,701,701,701,701,701,701,701,701,701,701,701,701,701,701,701,701,701,701,701,701,701,701,701,701,701,701,701,701,701,701,701,701,701,701,701,701,701,701,701,701,701,701,701,701,701,701,701,701,701,701,701,701,701,701,701,701,701,701,701,701,701,701,701,701,701,701,701,701,701,701,701,701,701,701,701,701,701,701,701,701,701,701,701,701,701,701,701,701,701,701,701,701,701,701,701,701,701,701,701,701,701,701,701,701,701,701,701,701,701,701,701,701,701,701,701,701,701,701,701,701,701
701,701,201,201,201,201,201,201,201,201,201,201,201,701,701,701,701,701,701,701,701,701,701,701,701,701,701,701,701,701,701,701,701,701,701,701,701,701,701,701,701,701,701,701,701,701,701,701,701,701,701,701,701,701,701,701,701,701,701,701,701,701,701,701,701,701,701,701,701,701,701,701,701,701,701,701,701,701,701,701,701,701,701,701,701,701,701,701,701,701,701,701,701,701,701,701,701,701,701,701,701,701,701,701,701,701,701,701,701,701,701,701,701,701,701,701,701,701,701,701,701,701,701,701,701,701,701,701,701,701,701,701,701,701,701,701,701,701,701,701,701,701,701,701,701,701,701,701,701,701,701,701,701,701,701,701,701,701,701,701,701,701,701,701,701,701,701,701,701,701,701,701,701,701,701,701,701,701,701,701,701,701,701,701,701,701,701,701,701,701,701,701,701,701,701,701,701,701,701,701,701,701,701,701,701,701,701,701,701,701,701,701,701,701,701,701,701,701,701,701,701,701,701,701,701,701,701,701,701,701,701,701,701,701,701,701,701,701,701,701,701,701,701,701,701,701,701,701,701,701,701,701,701,701,701,701,701,701,701,701,701,701,701,701,701,701,701,701,701,701,701,701,701,701,701,701,701,701,701,701,701,701,701,701,701,701,701,701,701,701,701,701,701,701,701,701,701,701,701,701,701,701,701,701,701,701,701,701,701,701,701,701,701,701,701,701,701,701,701,701,701,701,701,701,701,701,701,701,701,701,701,701,701,701,701,701,701,701,701,701,701,701,701,701,701,701,701,701,701,701,701,701,701,701,701,701,701,701,701,701
201,201,201,201,201,201,201,201,201,201,201,201,201,201,201,201,201,201,201,201,701,701,701,701,701,701,701,701,701,701,701,701,701,701,701,701,701,701,701,701,701,701,701,701,701,701,701,701,701,701,701,701,701,701,701,701,701,701,701,701,701,701,701,701,701,701,701,701,701,701,701,701,701,701,701,701,701,701,701,701,701,701,701,701,701,701,701,701,701,701,701,701,701,701,701,701,701,701,701,701,701,701,701,701,701,701,701,701,701,701,701,701,701,701,701,701,701,701,701,701,701,701,701,701,701,701,701,701,701,701,701,701,701,701,701,701,701,701,701,701,701,701,701,701,701,701,701,701,701,701,701,701,701,701,701,701,701,701,701,701,701,701,701,701,701,701,701,701,701,701,701,701,701,701,701,701,701,701,701,701,701,701,701,701,701,701,701,701,701,701,701,701,701,701,701,701,701,701,701,701,701,701,701,701,701,701,701,701,701,701,701,701,701,701,701,701,701,701,701,701,701,701,701,701,701,701,701,701,701,701,701,701,701,701,701,701,701,701,701,701,701,701,701,701,701,701,701,701,701,701,701,701,701,701,701,701,701,701,701,701,701,701,701,701,701,701,701,701,701,701,701,701,701,701,701,701,701,701,701,701,701,701,701,701,701,701,701,701,701,701,701,701,701,701,701,701,701,701,701,701,701,701,701,701,701,701,701,701,701,701,701,701,701,701,701,701,701,701,701,701,701,701,701,701,701,701,701,701,701,701,701,701,701,701,701,701,701,701,701,701,701,701,701,701,701,701,701,701,701,701,701,701,701,701,701,701,701,701,701,701
201,201,201,201,201,201,201,201,201,201,201,201,201,201,201,201,201,201,201,201,201,201,201,201,201,201,701,701,701,701,701,701,701,701,701,701,701,701,701,701,701,701,701,701,701,701,701,701,701,701,701,701,701,701,701,701,701,701,701,701,701,701,701,701,701,701,701,701,701,701,701,701,701,701,701,701,701,701,701,701,701,701,701,701,701,701,701,701,701,701,701,701,701,701,701,701,701,701,701,701,701,701,701,701,701,701,701,701,701,701,701,701,701,701,701,701,701,701,701,701,701,701,701,701,701,701,701,701,701,701,701,701,701,701,701,701,701,701,701,701,701,701,701,701,701,701,701,701,701,701,701,701,701,701,701,701,701,701,701,701,701,701,701,701,701,701,701,701,701,701,701,701,701,701,701,701,701,701,701,701,701,701,701,701,701,701,701,701,701,701,701,701,701,701,701,701,701,701,701,701,701,701,701,701,701,701,701,701,701,701,701,701,701,701,701,701,701,701,701,701,701,701,701,701,701,701,701,701,701,701,701,701,701,701,701,701,701,701,701,701,701,701,701,701,701,701,701,701,701,701,701,701,701,701,701,701,701,701,701,701,701,701,701,701,701,701,701,701,701,701,701,701,701,701,701,701,701,701,701,701,701,701,701,701,701,701,701,701,701,701,701,701,701,701,701,701,701,701,701,701,701,701,701,701,701,701,701,701,701,701,701,701,701,701,701,701,701,701,701,701,701,701,701,701,701,701,701,701,701,701,701,701,701,701,701,701,701,701,701,701,701,701,701,701,701,701,701,701,701,701,701,701,701,701,701,701,701,701,201,201
201,201,201,201,201,201,201,201,201,201,201,201,201,201,201,201,201,201,201,201,201,201,201,201,201,201,201,201,201,201,201,701,701,701,701,701,701,701,701,701,701,701,701,701,701,701,701,701,701,701,701,701,701,701,701,701,701,701,701,701,701,701,701,701,701,701,701,701,701,701,701,701,701,701,701,701,701,701,701,701,701,701,701,701,701,701,701,701,701,701,701,701,701,701,701,701,701,701,701,701,701,701,701,701,701,701,701,701,701,701,701,701,701,701,701,701,701,701,701,701,701,701,701,701,701,701,701,701,701,701,701,701,701,701,701,701,701,701,701,701,701,701,701,701,701,701,701,701,701,701,701,701,701,701,701,701,701,701,701,701,701,701,701,701,701,701,701,701,701,701,701,701,701,701,701,701,701,701,701,701,701,701,701,701,701,701,701,701,701,701,701,701,701,701,701,701,701,701,701,701,701,701,701,701,701,701,701,701,701,701,701,701,701,701,701,701,701,701,701,701,701,701,701,701,701,701,701,701,701,701,701,701,701,701,701,701,701,701,701,701,701,701,701,701,701,701,701,701,701,701,701,701,701,701,701,701,701,701,701,701,701,701,701,701,701,701,701,701,701,701,701,701,701,701,701,701,701,701,701,701,701,701,701,701,701,701,701,701,701,701,701,701,701,701,701,701,701,701,701,701,701,701,701,701,701,701,701,701,701,701,701,701,701,701,701,701,701,701,701,701,701,701,701,701,701,701,701,701,701,701,701,701,701,701,701,701,701,701,701,701,701,701,701,701,701,701,701,701,701,701,701,701,701,701,701,201,201,201,201,201
201,201,201,201,201,201,201,201,201,201,201,201,201,201,201,201,201,201,201,201,201,201,201,201,201,201,201,201,201,201,201,201,201,201,201,701,701,701,701,701,701,701,701,701,701,701,701,701,701,701,701,701,701,701,701,701,701,701,701,701,701,701,701,701,701,701,701,701,701,701,701,701,701,701,701,701,701,701,701,701,701,701,701,701,701,701,701,701,701,701,701,701,701,701,701,701,701,701,701,701,701,701,701,701,701,701,701,701,701,701,701,701,701,701,701,701,701,701,701,701,701,701,701,701,701,701,701,701,701,701,701,701,701,701,701,701,701,701,701,701,701,701,701,701,701,701,701,701,701,701,701,701,701,701,701,701,701,701,701,701,701,701,701,701,701,701,701,701,701,701,701,701,701,701,701,701,701,701,701,701,701,701,701,701,701,701,701,701,701,701,701,701,701,701,701,701,701,701,701,701,701,701,701,701,701,701,701,701,701,701,701,701,701,701,701,701,701,701,701,701,701,701,701,701,701,701,701,701,701,701,701,701,701,701,701,701,701,701,701,701,701,701,701,701,701,701,701,701,701,701,701,701,701,701,701,701,701,701,701,701,701,701,701,701,701,701,701,701,701,701,701,701,701,701,701,701,701,701,701,701,701,701,701,701,701,701,701,701,701,701,701,701,701,701,701,701,701,701,701,701,701,701,701,701,701,701,701,701,701,701,701,701,701,701,701,701,701,701,701,701,701,701,701,701,701,701,701,701,701,701,701,701,701,701,701,701,701,701,701,701,701,701,701,701,701,701,701,701,701,701,701,701,701,701,701,201,201,201,201,201
201,201,201,201,201,201,201,201,201,201,201,201,201,201,201,201,201,201,201,201,201,201,201,201,201,201,201,201,201,201,201,201,201,201,201,201,201,201,201,201,201,201,701,701,701,701,701,701,701,701,701,701,701,701,701,701,701,701,701,701,701,701,701,701,701,701,701,701,701,701,701,701,701,701,701,701,701,701,701,701,701,701,701,701,701,701,701,701,701,701,701,701,701,701,701,701,701,701,701,701,701,701,701,701,701,701,701,701,701,701,701,701,701,701,701,701,701,701,701,701,701,701,701,701,701,701,701,701,701,701,701,701,701,701,701,701,701,701,701,701,701,701,701,701,701,701,701,701,701,701,701,701,701,701,701,701,701,701,701,701,701,701,701,701,701,701,701,701,701,701,701,701,701,701,701,701,701,701,701,701,701,701,701,701,701,701,701,701,701,701,701,701,701,701,701,701,701,701,701,701,701,701,701,701,701,701,701,701,701,701,701,701,701,701,701,701,701,701,701,701,701,701,701,701,701,701,701,701,701,701,701,701,701,701,701,701,701,701,701,701,701,701,701,701,701,701,701,701,701,701,701,701,701,701,701,701,701,701,701,701,701,701,701,701,701,701,701,701,701,701,701,701,701,701,701,701,701,701,701,701,701,701,701,701,701,701,701,701,701,701,701,701,701,701,701,701,701,701,701,701,701,701,701,701,701,701,701,701,701,701,701,701,701,701,701,701,701,701,701,701,701,701,701,701,701,701,701,701,701,701,701,701,701,701,701,701,701,701,701,701,701,701,701,701,701,701,701,701,701,701,701,701,701,701,701,201,201,201,201,201
201,201,201,201,201,201,201,201,201,201,201,201,201,201,201,201,201,201,201,201,201,201,201,201,201,201,201,201,201,201,201,201,201,201,201,201,201,201,201,201,201,201,201,201,201,201,201,701,701,701,701,701,701,701,701,701,701,701,701,701,701,701,701,701,701,701,701,701,701,701,701,701,701,701,701,701,701,701,701,701,701,701,701,701,701,701,701,701,701,701,701,701,701,701,701,701,701,701,701,701,701,701,701,701,701,701,701,701,701,701,701,701,701,701,701,701,701,701,701,701,701,701,701,701,701,701,701,701,701,701,701,701,701,701,701,701,701,701,701,701,701,701,701,701,701,701,701,701,701,701,701,701,701,701,701,701,701,701,701,701,701,701,701,701,701,701,701,701,701,701,701,701,701,701,701,701,701,701,701,701,701,701,701,701,701,701,701,701,701,701,701,701,701,701,701,701,701,701,701,701,701,701,701,701,701,701,701,701,701,701,701,701,701,701,701,701,701,701,701,701,701,701,701,701,701,701,701,701,701,701,701,701,701,701,701,701,701,701,701,701,701,701,701,701,701,701,701,701,701,701,701,701,701,701,701,701,701,701,701,701,701,701,701,701,701,701,701,701,701,701,701,701,701,701,701,701,701,701,701,701,701,701,701,701,701,701,701,701,701,701,701,701,701,701,701,701,701,701,701,701,701,701,701,701,701,701,701,701,701,701,701,701,701,701,701,701,701,701,701,701,701,701,701,701,701,701,701,701,701,701,701,701,701,701,701,701,701,701,701,701,701,701,701,701,701,701,701,701,701,701,701,701,701,701,701,201,201,201,201,201
201,201,201,201,201,201,201,201,201,201,201,201,201,201,201,201,201,201,201,201,201,201,201,201,201,201,201,201,201,201,201,201,201,201,201,201,201,201,201,201,201,201,201,201,201,201,201,201,201,201,201,701,701,701,701,701,701,701,701,701,701,701,701,701,701,701,701,701,701,701,701,701,701,701,701,701,701,701,701,701,701,701,701,701,701,701,701,701,701,701,701,701,701,701,701,701,701,701,701,701,701,701,701,701,701,701,701,701,701,701,701,701,701,701,701,701,701,701,701,701,701,701,701,701,701,701,701,701,701,701,701,701,701,701,701,701,701,701,701,701,701,701,701,701,701,701,701,701,701,701,701,701,701,701,701,701,701,701,701,701,701,701,701,701,701,701,701,701,701,701,701,701,701,701,701,701,701,701,701,701,701,701,701,701,701,701,701,701,701,701,701,701,701,701,701,701,701,701,701,701,701,701,701,701,701,701,701,701,701,701,701,701,701,701,701,701,701,701,701,701,701,701,701,701,701,701,701,701,701,701,701,701,701,701,701,701,701,701,701,701,701,701,701,701,701,701,701,701,701,701,701,701,701,701,701,701,701,701,701,701,701,701,701,701,701,701,701,701,701,701,701,701,701,701,701,701,701,701,701,701,701,701,701,701,701,701,701,701,701,701,701,701,701,701,701,701,701,701,701,701,701,701,701,701,701,701,701,701,701,701,701,701,701,701,701,701,701,701,701,701,701,701,701,701,701,701,701,701,701,701,701,701,701,701,701,701,701,701,701,701,701,701,701,701,701,701,701,701,701,701,701,701,701,701,701,701,201,201,201,201
201,201,201,201,201,201,201,201,201,201,201,201,201,201,201,201,201,201,201,201,201,201,201,201,201,201,201,201,201,201,201,201,201,201,201,201,201,201,201,201,201,201,201,201,201,201,201,201,201,201,201,201,201,701,701,701,701,701,701,701,701,701,701,701,701,701,701,701,701,701,701,701,701,701,701,701,701,701,701,701,701,701,701,701,701,701,701,701,701,701,701,701,701,701,701,701,701,701,701,701,701,701,701,701,701,701,701,701,701,701,701,701,701,701,701,701,701,701,701,701,701,701,701,701,701,701,701,701,701,701,701,701,701,701,701,701,701,701,701,701,701,701,701,701,701,701,701,701,701,701,701,701,701,701,701,701,701,701,701,701,701,701,701,701,701,701,701,701,701,701,701,701,701,701,701,701,701,701,701,701,701,701,701,701,701,701,701,701,701,701,701,701,701,701,701,701,701,701,701,701,701,701,701,701,701,701,701,701,701,701,701,701,701,701,701,701,701,701,701,701,701,701,701,701,701,701,701,701,701,701,701,701,701,701,701,701,701,701,701,701,701,701,701,701,701,701,701,701,701,701,701,701,701,701,701,701,701,701,701,701,701,701,701,701,701,701,701,701,701,701,701,701,701,701,701,701,701,701,701,701,701,701,701,701,701,701,701,701,701,701,701,701,701,701,701,701,701,701,701,701,701,701,701,701,701,701,701,701,701,701,701,701,701,701,701,701,701,701,701,701,701,701,701,701,701,701,701,701,701,701,701,701,701,701,701,701,701,701,701,701,701,701,701,701,701,701,701,701,701,701,701,701,701,701,701,701,201,201,201,201
201,201,201,201,201,201,201,201,201,201,201,201,201,201,201,201,201,201,201,201,201,201,201,201,201,201,201,201,201,201,201,201,201,201,201,201,201,201,201,201,201,201,201,201,201,201,201,201,201,201,201,201,201,201,701,701,701,701,701,701,701,701,701,701,701,701,701,701,701,701,701,701,701,701,701,701,701,701,701,701,701,701,701,701,701,701,701,701,701,701,701,701,701,701,701,701,701,701,701,701,701,701,701,701,701,701,701,701,701,701,701,701,701,701,701,701,701,701,701,701,701,701,701,701,701,701,701,701,701,701,701,701,701,701,701,701,701,701,701,701,701,701,701,701,701,701,701,701,701,701,701,701,701,701,701,701,701,701,701,701,701,701,701,701,701,701,701,701,701,701,701,701,701,701,701,701,701,701,701,701,701,701,701,701,701,701,701,701,701,701,701,701,701,701,701,701,701,701,701,701,701,701,701,701,701,701,701,701,701,701,701,701,701,701,701,701,701,701,701,701,701,701,701,701,701,701,701,701,701,701,701,701,701,701,701,701,701,701,701,701,701,701,701,701,701,701,701,701,701,701,701,701,701,701,701,701,701,701,701,701,701,701,701,701,701,701,701,701,701,701,701,701,701,701,701,701,701,701,701,701,701,701,701,701,701,701,701,701,701,701,701,701,701,701,701,701,701,701,701,701,701,701,701,701,701,701,701,701,701,701,701,701,701,701,701,701,701,701,701,701,701,701,701,701,701,701,701,701,701,701,701,701,701,701,701,701,701,701,701,701,701,701,701,701,701,701,701,701,701,701,701,701,701,701,701,701,201,201,201,201
201,201,201,201,201,201,201,201,201,201,201,201,201,201,201,201,201,201,201,201,201,201,201,201,201,201,201,201,201,201,201,201,201,201,201,201,201,201,201,201,201,201,201,201,201,201,201,201,201,201,201,201,201,201,201,201,701,701,701,701,701,701,701,701,701,701,701,701,701,701,701,701,701,701,701,701,701,701,701,701,701,701,701,701,701,701,701,701,701,701,701,701,701,701,701,701,701,701,701,701,701,701,701,701,701,701,701,701,701,701,701,701,701,701,701,701,701,701,701,701,701,701,701,701,701,701,701,701,701,701,701,701,701,701,701,701,701,701,701,701,701,701,701,701,701,701,701,701,701,701,701,701,701,701,701,701,701,701,701,701,701,701,701,701,701,701,701,701,701,701,701,701,701,701,701,701,701,701,701,701,701,701,701,701,701,701,701,701,701,701,701,701,701,701,701,701,701,701,701,701,701,701,701,701,701,701,701,701,701,701,701,701,701,701,701,701,701,701,701,701,701,701,701,701,701,701,701,701,701,701,701,701,701,701,701,701,701,701,701,701,701,701,701,701,701,701,701,701,701,701,701,701,701,701,701,701,701,701,701,701,701,701,701,701,701,701,701,701,701,701,701,701,701,701,701,701,701,701,701,701,701,701,701,701,701,701,701,701,701,701,701,701,701,701,701,701,701,701,701,701,701,701,701,701,701,701,701,701,701,701,701,701,701,701,701,701,701,701,701,701,701,701,701,701,701,701,701,701,701,701,701,701,701,701,701,701,701,701,701,701,701,701,701,701,701,701,701,701,701,701,701,701,701,701,701,701,201,201,201,201
201,201,201,201,201,201,201,201,201,201,201,201,201,201,201,201,201,201,201,201,201,201,201,201,201,201,201,201,201,201,201,201,201,201,201,201,201,201,201,201,201,201,201,201,201,201,201,201,201,201,201,201,201,201,201,201,701,701,701,701,701,701,701,701,701,701,701,701,701,701,701,701,701,701,701,701,701,701,701,701,701,701,701,701,701,701,701,701,701,701,701,701,701,701,701,701,701,701,701,701,701,701,701,701,701,701,701,701,701,701,701,701,701,701,701,701,701,701,701,701,701,701,701,701,701,701,701,701,701,701,701,701,701,701,701,701,701,701,701,701,701,701,701,701,701,701,701,701,701,701,701,701,701,701,701,701,701,701,701,701,701,701,701,701,701,701,701,701,701,701,701,701,701,701,701,701,701,701,701,701,701,701,701,701,701,701,701,701,701,701,701,701,701,701,701,701,701,701,701,701,701,701,701,701,701,701,701,701,701,701,701,701,701,701,701,701,701,701,701,701,701,701,701,701,701,701,701,701,701,701,701,701,701,701,701,701,701,701,701,701,701,701,701,701,701,701,701,701,701,701,701,701,701,701,701,701,701,701,701,701,701,701,701,701,701,701,701,701,701,701,701,701,701,701,701,701,701,701,701,701,701,701,701,701,701,701,701,701,701,701,701,701,701,701,701,701,701,701,701,701,701,701,701,701,701,701,701,701,701,701,701,701,701,701,701,701,701,701,701,701,701,701,701,701,701,701,701,701,701,701,701,701,701,701,701,701,701,701,701,701,701,701,701,701,701,701,701,701,701,701,701,701,701,701,701,201,201,201,201,201
201,201,201,201,201,201,201,201,201,201,201,201,201,201,201,201,201,201,201,201,201,201,201,201,201,201,201,201,201,201,201,201,201,201,201,201,201,201,201,201,201,201,201,201,201,201,201,201,201,201,201,201,201,201,201,201,701,701,701,701,701,701,701,701,701,701,701,701,701,701,701,701,701,701,701,701,701,701,701,701,701,701,701,701,701,701,701,701,701,701,701,701,701,701,701,701,701,701,701,701,701,701,701,701,701,701,701,701,701,701,701,701,701,701,701,701,701,701,701,701,701,701,701,701,701,701,701,701,701,701,701,701,701,701,701,701,701,701,701,701,701,701,701,701,701,701,701,701,701,701,701,701,701,701,701,701,701,701,701,701,701,701,701,701,701,701,701,701,701,701,701,701,701,701,701,701,701,701,701,701,701,701,701,701,701,701,701,701,701,701,701,701,701,701,701,701,701,701,701,701,701,701,701,701,701,701,701,701,701,701,701,701,701,701,701,701,701,701,701,701,701,701,701,701,701,701,701,701,701,701,701,701,701,701,701,701,701,701,701,701,701,701,701,701,701,701,701,701,701,701,701,701,701,701,701,701,701,701,701,701,701,701,701,701,701,701,701,701,701,701,701,701,701,701,701,701,701,701,701,701,701,701,701,701,701,701,701,701,701,701,701,701,701,701,701,701,701,701,701,701,701,701,701,701,701,701,701,701,701,701,701,701,701,701,701,701,701,701,701,701,701,701,701,701,701,701,701,701,701,701,701,701,701,701,701,701,701,701,701,701,701,701,701,701,701,701,701,701,701,701,701,701,701,701,201,201,201,201,201,201
201,201,201,201,201,201,201,201,201,201,201,201,201,201,201,201,201,201,201,201,201,201,201,201,201,201,201,201,201,201,201,201,201,201,201,201,201,201,201,201,201,201,201,201,201,201,201,201,201,201,201,201,201,201,201,201,701,701,701,701,701,701,701,701,701,701,701,701,701,701,701,701,701,701,701,701,701,701,701,701,701,701,701,701,701,701,701,701,701,701,701,701,701,701,701,701,701,701,701,701,701,701,701,701,701,701,701,701,701,701,701,701,701,701,701,701,701,701,701,701,701,701,701,701,701,701,701,701,701,701,701,701,701,701,701,701,701,701,701,701,701,701,701,701,701,701,701,701,701,701,701,701,701,701,701,701,701,701,701,701,701,701,701,701,701,701,701,701,701,701,701,701,701,701,701,701,701,701,701,701,701,701,701,701,701,701,701,701,701,701,701,701,701,701,701,701,701,701,701,701,701,701,701,701,701,701,701,701,701,701,701,701,701,701,701,701,701,701,701,701,701,701,701,701,701,701,701,701,701,701,701,701,701,701,701,701,701,701,701,701,701,701,701,701,701,701,701,701,701,701,701,701,701,701,701,701,701,701,701,701,701,701,701,701,701,701,701,701,701,701,701,701,701,701,701,701,701,701,701,701,701,701,701,701,701,701,701,701,701,701,701,701,701,701,701,701,701,701,701,701,701,701,701,701,701,701,701,701,701,701,701,701,701,701,701,701,701,701,701,701,701,701,701,701,701,701,701,701,701,701,701,701,701,701,701,701,701,701,701,701,701,701,701,701,701,701,701,701,701,701,701,701,701,201,201,201,201,201,201,201
201,201,201,201,201,201,201,201,201,201,201,201,201,201,201,201,201,201,201,201,201,201,201,201,201,201,201,201,201,201,201,201,201,201,201,201,201,201,201,201,201,201,201,201,201,201,201,201,201,201,201,201,201,201,201,201,201,201,201,201,701,701,701,701,701,701,701,701,701,701,701,701,701,701,701,701,701,701,701,701,701,701,701,701,701,701,701,701,701,701,701,701,701,701,701,701,701,701,701,701,701,701,701,701,701,701,701,701,701,701,701,701,701,701,701,701,701,701,701,701,701,701,701,701,701,701,701,701,701,701,701,701,701,701,701,701,701,701,701,701,701,701,701,701,701,701,701,701,701,701,701,701,701,701,701,701,701,701,701,701,701,701,701,701,701,701,701,701,701,701,701,701,701,701,701,701,701,701,701,701,701,701,701,701,701,701,701,701,701,701,701,701,701,701,701,701,701,701,701,701,701,701,701,701,701,701,701,701,701,701,701,701,701,701,701,701,701,701,701,701,701,701,701,701,701,701,701,701,701,701,701,701,701,701,701,701,701,701,701,701,701,701,701,701,701,701,701,701,701,701,701,701,701,701,701,701,701,701,701,701,701,701,701,701,701,701,701,701,701,701,701,701,701,701,701,701,701,701,701,701,701,701,701,701,701,701,701,701,701,701,701,701,701,701,701,701,701,701,701,701,701,701,701,701,701,701,701,701,701,701,701,701,701,701,701,701,701,701,701,701,701,701,701,701,701,701,701,701,701,701,701,701,701,701,701,701,701,701,701,701,701,701,701,701,701,701,701,701,701,701,701,701,701,201,201,201,201,201,201,201
201,201,201,201,201,201,201,201,201,201,201,201,201,201,201,201,201,201,201,201,201,201,201,201,201,201,201,201,201,201,201,201,201,201,201,201,201,201,201,201,201,201,201,201,201,201,201,201,201,201,201,201,201,201,201,201,201,201,201,201,201,201,201,701,701,701,701,701,701,701,701,701,701,701,701,701,701,701,701,701,701,701,701,701,701,701,701,701,701,701,701,701,701,701,701,701,701,701,701,701,701,701,701,701,701,701,701,701,701,701,701,701,701,701,701,701,701,701,701,701,701,701,701,701,701,701,701,701,701,701,701,701,701,701,701,701,701,701,701,701,701,701,701,701,701,701,701,701,701,701,701,701,701,701,701,701,701,701,701,701,701,701,701,701,701,701,701,701,701,701,701,701,701,701,701,701,701,701,701,701,701,701,701,701,701,701,701,701,701,701,701,701,701,701,701,701,701,701,701,701,701,701,701,701,701,701,701,701,701,701,701,701,701,701,701,701,701,701,701,701,701,701,701,701,701,701,701,701,701,701,701,701,701,701,701,701,701,701,701,701,701,701,701,701,701,701,701,701,701,701,701,701,701,701,701,701,701,701,701,701,701,701,701,701,701,701,701,701,701,701,701,701,701,701,701,701,701,701,701,701,701,701,701,701,701,701,701,701,701,701,701,701,701,701,701,701,701,701,701,701,701,701,701,701,701,701,701,701,701,701,701,701,701,701,701,701,701,701,701,701,701,701,701,701,701,701,701,701,701,701,701,701,701,701,701,701,701,701,701,701,701,701,701,701,701,701,701,701,701,701,701,701,701,701,201,201,201,201,201,201
201,201,201,201,201,201,201,201,201,201,201,201,201,201,201,201,201,201,201,201,201,201,201,201,201,201,201,201,201,201,201,201,201,201,201,201,201,201,201,201,201,201,201,201,201,201,201,201,201,201,201,201,201,201,201,201,201,201,201,201,201,201,201,201,201,701,701,701,701,701,701,701,701,701,701,701,701,701,701,701,701,701,701,701,701,701,701,701,701,701,701,701,701,701,701,701,701,701,701,701,701,701,701,701,701,701,701,701,701,701,701,701,701,701,701,701,701,701,701,701,701,701,701,701,701,701,701,701,701,701,701,701,701,701,701,701,701,701,701,701,701,701,701,701,701,701,701,701,701,701,701,701,701,701,701,701,701,701,701,701,701,701,701,701,701,701,701,701,701,701,701,701,701,701,701,701,701,701,701,701,701,701,701,701,701,701,701,701,701,701,701,701,701,701,701,701,701,701,701,701,701,701,701,701,701,701,701,701,701,701,701,701,701,701,701,701,701,701,701,701,701,701,701,701,701,701,701,701,701,701,701,701,701,701,701,701,701,701,701,701,701,701,701,701,701,701,701,701,701,701,701,701,701,701,701,701,701,701,701,701,701,701,701,701,701,701,701,701,701,701,701,701,701,701,701,701,701,701,701,701,701,701,701,701,701,701,701,701,701,701,701,701,701,701,701,701,701,701,701,701,701,701,701,701,701,701,701,701,701,701,701,701,701,701,701,701,701,701,701,701,701,701,701,701,701,701,701,701,701,701,701,701,701,701,701,701,701,701,701,701,701,701,701,701,701,701,701,701,701,701,701,701,701,201,201,201,201,201,201,201
201,201,201,201,201,201,201,201,201,201,201,201,201,201,201,201,201,201,201,201,201,201,201,201,201,201,201,201,201,201,201,201,201,201,201,201,201,201,201,201,201,201,201,201,201,201,201,201,201,201,201,201,201,201,201,201,201,201,201,201,201,201,201,201,201,201,201,701,701,701,701,701,701,701,701,701,701,701,701,701,701,701,701,701,701,701,701,701,701,701,701,701,701,701,701,701,701,701,701,701,701,701,701,701,701,701,701,701,701,701,701,701,701,701,701,701,701,701,701,701,701,701,701,701,701,701,701,701,701,701,701,701,701,701,701,701,701,701,701,701,701,701,701,701,701,701,701,701,701,701,701,701,701,701,701,701,701,701,701,701,701,701,701,701,701,701,701,701,701,701,701,701,701,701,701,701,701,701,701,701,701,701,701,701,701,701,701,701,701,701,701,701,701,701,701,701,701,701,701,701,701,701,701,701,701,701,701,701,701,701,701,701,701,701,701,701,701,701,701,701,701,701,701,701,701,701,701,701,701,701,701,701,701,701,701,701,701,701,701,701,701,701,701,701,701,701,701,701,701,701,701,701,701,701,701,701,701,701,701,701,701,701,701,701,701,701,701,701,701,701,701,701,701,701,701,701,701,701,701,701,701,701,701,701,701,701,701,701,701,701,701,701,701,701,701,701,701,701,701,701,701,701,701,701,701,701,701,701,701,701,701,701,701,701,701,701,701,701,701,701,701,701,701,701,701,701,701,701,701,701,701,701,701,701,701,701,701,701,701,701,701,701,701,701,701,701,701,701,701,701,701,701,201,201,201,201,201,201,201,201
201,201,201,201,201,201,201,201,201,201,201,201,201,201,201,201,201,201,201,201,201,201,201,201,201,201,201,201,201,201,201,201,201,201,201,201,201,201,201,201,201,201,201,201,201,201,201,201,201,201,201,201,201,201,201,201,201,201,201,201,201,201,201,201,201,201,201,201,701,701,701,701,701,701,701,701,701,701,701,701,701,701,701,701,701,701,701,701,701,701,302,302,302,302,302,302,302,302,302,302,302,302,302,302,302,302,302,302,302,701,701,701,701,701,701,701,701,701,701,701,701,701,701,701,701,701,701,701,701,701,701,701,701,701,701,701,701,701,701,701,701,701,701,701,701,701,701,701,701,701,701,701,701,701,701,701,701,701,701,701,701,701,701,701,701,701,701,701,701,701,701,701,701,701,701,701,701,701,701,701,701,701,701,701,701,701,701,701,701,701,701,701,701,501,501,501,501,701,701,701,701,701,701,701,701,701,701,701,701,701,701,701,701,701,701,701,701,701,701,701,701,701,701,701,701,701,701,701,701,701,701,701,701,701,701,701,701,701,701,701,701,701,701,701,701,701,701,701,701,701,701,701,701,701,701,701,701,701,701,701,701,701,701,701,701,701,701,701,701,701,701,701,701,701,701,701,701,701,701,701,701,701,701,701,701,701,701,701,701,701,701,701,701,701,701,701,701,701,701,701,701,701,701,701,701,701,701,701,701,701,701,701,701,701,701,701,701,701,701,701,701,701,701,701,701,701,701,701,701,701,701,701,701,701,701,701,701,701,701,701,701,701,701,701,701,701,701,701,701,701,701,701,201,201,201,201,201,201,201,201
201,201,201,201,201,201,201,201,201,201,201,201,201,201,201,201,201,201,201,201,201,201,201,201,201,201,201,201,201,201,201,201,201,201,201,201,201,201,201,201,201,201,201,201,201,201,201,201,201,201,201,201,201,201,201,201,201,201,201,201,201,201,201,201,201,201,201,201,201,201,701,701,701,701,701,701,701,701,701,701,701,701,701,22031,22031,22031,22031,22031,22031,22031,22031,302,302,302,302,302,302,302,302,302,302,302,302,302,302,302,302,302,302,302,302,302,302,302,302,302,302,302,302,302,701,701,701,701,701,701,701,701,701,701,701,701,701,701,701,701,701,701,701,701,701,701,701,701,701,701,701,701,701,701,701,701,701,701,701,701,701,701,701,701,701,701,701,701,701,701,701,701,701,701,701,701,701,701,701,701,701,701,701,701,701,701,701,701,701,701,701,701,701,701,701,501,501,501,501,501,501,501,501,701,501,501,501,701,701,701,701,701,701,701,701,701,701,701,701,701,701,701,701,701,701,701,701,701,701,701,701,701,701,701,701,701,701,701,701,701,701,701,701,701,701,701,701,701,701,701,701,701,701,701,701,701,701,701,701,701,701,701,701,701,701,701,701,701,701,701,701,701,701,701,701,701,701,701,701,701,701,701,701,701,701,701,701,701,701,701,701,701,701,701,701,701,701,701,701,701,701,701,701,701,701,701,701,701,701,701,701,701,701,701,701,701,701,701,701,701,701,701,701,701,701,701,701,701,701,701,701,701,701,701,701,701,701,701,701,701,701,701,701,701,701,701,701,701,701,701,701,701,701,701,701,701,201,201,201,201,201,201,201,201
201,201,201,201,201,201,201,201,201,201,201,201,201,201,201,201,201,201,201,201,201,201,201,201,201,201,201,201,201,201,201,201,201,201,201,201,201,201,201,201,201,201,201,201,201,201,201,201,201,201,201,201,201,201,201,201,201,201,201,201,201,201,201,201,201,201,201,201,201,201,201,701,701,701,701,701,701,701,22031,22031,22031,22031,22031,22031,22031,22031,22031,22031,22031,22031,22031,22031,302,302,302,302,302,302,302,302,302,302,302,302,302,302,302,302,302,302,302,302,302,302,302,302,302,302,302,302,302,302,302,302,302,302,701,701,701,701,701,701,701,701,701,701,701,701,701,701,701,701,701,701,701,701,701,701,701,701,701,701,701,701,701,701,701,701,701,701,701,701,701,701,701,701,701,701,701,701,701,701,701,701,701,701,701,701,701,701,701,701,701,701,701,701,701,701,701,501,501,501,501,501,501,501,501,501,501,501,501,501,501,501,501,501,701,701,701,701,701,701,701,701,701,701,701,701,701,701,701,701,701,701,701,701,701,701,701,701,701,701,701,701,701,701,701,701,701,701,701,701,701,701,701,701,701,701,701,701,701,701,701,701,701,701,701,701,701,701,701,701,701,701,701,701,701,701,701,701,701,701,701,701,701,701,701,701,701,701,701,701,701,701,701,701,701,701,701,701,701,701,701,701,701,701,701,701,701,701,701,701,701,701,701,701,701,701,701,701,701,701,701,701,701,701,701,701,701,701,701,701,701,701,701,701,701,701,701,701,701,701,701,701,701,701,701,701,701,701,701,701,701,701,701,701,701,701,701,701,701,701,201,201,201,201,201,201,201,201
201,201,201,201,201,201,201,201,201,201,201,201,201,201,201,201,201,201,201,201,201,201,201,201,201,201,201,201,201,201,201,201,201,201,201,201,201,201,201,201,201,201,201,201,201,201,201,201,201,201,201,201,201,201,201,201,201,201,201,201,201,201,201,201,201,201,201,201,201,22031,22031,22031,22031,22031,22031,22031,22031,22031,22031,22031,22031,22031,22031,22031,22031,22031,22031,22031,22031,22031,22031,22031,22031,302,302,302,302,302,302,302,302,302,302,302,302,302,302,302,302,302,302,302,302,302,302,302,302,302,302,302,302,302,302,302,302,302,302,302,302,302,302,302,302,302,302,302,302,302,302,302,302,302,302,302,302,302,302,302,701,701,701,701,701,701,701,701,701,701,701,701,701,701,701,701,701,701,701,701,701,701,701,701,701,701,701,701,701,701,701,701,701,701,701,701,701,701,701,701,501,501,501,501,501,501,501,501,501,501,501,501,501,501,501,501,501,501,501,501,701,701,701,701,701,701,701,701,701,701,701,701,701,701,701,701,701,701,701,701,701,701,701,701,701,701,701,701,701,701,701,701,701,701,701,701,701,701,701,701,701,701,701,701,701,701,701,701,701,701,701,701,701,701,701,701,701,701,701,701,701,701,701,701,701,701,701,701,701,701,701,701,701,701,701,701,701,701,701,701,701,701,701,701,701,701,701,701,701,701,701,701,701,701,701,701,701,701,701,701,701,701,701,701,701,701,701,701,701,701,701,701,701,701,701,701,701,701,701,701,701,701,701,701,701,701,701,701,701,701,701,701,701,701,701,701,701,701,701,701,701,701,701,701,201,201,201,201,201,201,201,201
201,201,201,201,201,201,201,201,201,201,201,201,201,201,201,201,201,201,201,201,201,201,201,201,201,201,201,201,201,201,201,201,201,201,201,201,201,201,201,201,201,201,201,201,201,201,201,201,201,201,201,201,201,201,201,201,201,201,201,201,201,201,201,201,201,22031,22031,22031,22031,22031,22031,22031,22031,22031,22031,22031,22031,22031,22031,22031,22031,22031,22031,22031,22031,22031,22031,22031,22031,22031,22031,302,302,302,302,302,302,302,302,302,302,302,302,302,302,302,302,302,302,302,302,302,302,302,302,302,302,302,302,302,302,302,302,302,302,302,302,302,302,302,302,302,302,302,302,302,302,302,302,302,302,302,302,302,302,302,302,302,302,302,302,302,302,302,302,701,701,701,701,701,701,701,701,701,701,701,701,701,701,701,701,701,701,701,701,701,701,701,701,701,701,701,701,701,701,701,501,501,501,501,501,501,501,501,501,501,501,501,501,501,501,501,501,501,501,501,501,501,501,501,701,701,701,701,701,701,701,701,701,701,701,701,701,701,701,701,701,701,701,701,701,701,701,701,701,701,701,701,701,701,701,701,701,701,701,701,701,701,701,701,701,701,701,701,701,701,701,701,701,701,701,701,701,701,701,701,701,701,701,701,701,701,701,701,701,701,701,701,701,701,701,701,701,701,701,701,701,701,701,701,701,701,701,701,701,701,701,701,701,701,701,701,701,701,701,701,701,701,701,701,701,701,701,701,701,701,701,701,701,701,701,701,701,701,701,701,701,701,701,701,701,701,701,701,701,701,701,701,701,701,701,701,701,701,701,701,701,701,701,701,701,701,201,201,201,201,201,201,201,201
201,201,201,201,201,201,201,201,201,201,201,201,201,201,201,201,201,201,201,201,201,201,201,201,201,201,201,201,201,201,201,201,201,201,201,201,201,201,201,201,201,201,201,201,201,201,201,201,201,201,201,201,201,201,201,201,201,201,201,201,201,22031,22031,22031,22031,22031,22031,22031,22031,22031,22031,22031,22031,22031,22031,22031,22031,22031,22031,22031,22031,22031,22031,22031,22031,22031,22031,22031,302,302,302,302,302,302,302,302,302,302,302,302,302,302,302,302,302,302,302,302,302,302,302,302,302,302,302,302,302,302,302,302,302,302,302,302,302,302,302,302,302,302,302,302,302,302,302,302,302,302,302,302,302,302,302,302,302,302,302,302,302,302,302,302,302,302,302,302,302,701,701,701,701,701,701,701,701,701,701,701,701,701,701,701,701,701,701,701,701,701,701,701,701,701,701,701,701,501,501,501,501,501,501,501,501,501,501,501,501,501,501,501,501,501,501,501,501,501,501,501,501,501,501,501,701,701,701,701,701,701,701,701,701,701,701,701,701,701,701,701,701,701,701,701,701,701,701,701,701,701,701,701,701,701,701,701,701,701,701,701,701,701,701,701,701,701,701,701,701,701,701,701,701,701,701,701,701,701,701,701,701,701,701,701,701,701,701,701,701,701,701,701,701,701,701,701,701,701,701,701,701,701,701,701,701,701,701,701,701,701,701,701,701,701,701,701,701,701,701,701,701,701,701,701,701,701,701,701,701,701,701,701,701,701,701,701,701,701,701,701,701,701,701,701,701,701,701,701,701,701,701,701,701,701,701,701,701,701,701,701,701,701,701,701,201,201,201,201,201,201,201,201
201,201,201,201,201,201,201,201,201,201,201,201,201,201,201,201,201,201,201,201,201,201,201,201,201,201,201,201,201,201,201,201,201,201,201,201,201,201,201,201,201,201,201,201,201,201,201,201,201,201,201,201,201,201,201,201,201,22031,22031,22031,22031,22031,22031,22031,22031,22031,22031,22031,22031,22031,22031,22031,22031,22031,22031,22031,22031,22031,22031,22031,22031,22031,22031,22031,22031,22031,22031,302,302,302,302,302,302,302,302,302,302,302,302,302,302,302,302,302,302,302,302,302,302,302,302,302,302,302,302,302,302,302,302,302,302,302,302,302,302,302,302,302,302,302,302,302,302,302,302,302,302,302,302,302,302,302,302,302,302,302,302,302,302,302,302,302,302,302,302,302,302,302,302,302,701,701,701,701,701,701,701,701,701,701,701,701,701,701,701,701,701,701,701,701,701,701,701,701,501,501,501,501,501,501,501,501,501,501,501,501,501,501,501,501,501,501,501,501,501,501,501,501,501,501,501,501,501,701,701,701,701,701,701,701,701,701,701,701,701,701,701,701,701,701,701,701,701,701,701,701,701,701,701,701,701,701,701,701,701,701,701,701,701,701,701,701,701,701,701,701,701,701,701,701,701,701,701,701,701,701,701,701,701,701,701,701,701,701,701,701,701,701,701,701,701,701,701,701,701,701,701,701,701,701,701,701,701,701,701,701,701,701,701,701,701,701,701,701,701,701,701,701,701,701,701,701,701,701,701,701,701,701,701,701,701,701,701,701,701,701,701,701,701,701,701,701,701,701,701,701,701,701,701,701,701,701,701,701,701,701,701,701,701,701,701,22042,201,201,201,201,201,201,201,201
201,201,201,201,201,201,201,201,201,201,201,201,201,201,201,201,201,201,201,201,201,201,201,201,201,201,201,201,201,201,201,201,201,201,201,201,201,201,201,201,201,201,201,201,201,201,201,201,201,201,201,201,201,201,201,201,22031,22031,22031,22031,22031,22031,22031,22031,22031,22031,22031,22031,22031,22031,22031,22031,22031,22031,22031,22031,22031,22031,22031,22031,22031,22031,22031,22031,22031,22031,302,302,302,302,302,302,302,302,302,302,302,302,302,302,302,302,302,302,302,302,302,302,302,302,302,302,302,302,302,302,302,302,302,302,302,302,302,302,302,302,302,302,302,302,302,302,302,302,302,302,302,302,302,302,302,302,302,302,302,302,302,302,302,302,302,302,302,302,302,302,302,302,302,302,302,701,701,701,701,701,701,701,701,701,701,701,701,701,701,701,701,701,701,701,701,701,501,501,501,501,501,501,501,501,501,501,501,501,501,501,501,501,501,501,501,501,501,501,501,501,501,501,501,501,501,501,501,501,501,501,501,501,501,501,501,501,501,501,501,501,701,701,701,701,701,701,701,701,701,701,701,701,701,701,701,701,701,701,701,701,701,701,701,701,701,701,701,701,701,701,701,701,701,701,701,701,701,701,701,701,701,701,701,701,701,701,701,701,701,701,701,701,701,701,701,701,701,701,701,701,701,701,701,701,701,701,701,701,701,701,701,701,701,701,701,701,701,701,701,701,701,701,701,701,701,701,701,701,701,701,701,701,701,701,701,701,701,701,701,701,701,701,701,701,701,701,701,701,701,701,701,701,22042,22042,22042,22042,22042,22042,22042,22042,22042,22042,22042,22042,22042,22042,201,201,201,201,201,201,201,201
201,201,201,201,201,201,201,201,201,201,201,201,201,201,201,201,201,201,201,201,201,201,201,201,201,201,201,201,201,201,201,201,201,201,201,201,201,201,201,201,201,201,201,201,201,201,201,201,201,201,201,201,201,201,201,22031,22031,22031,22031,22031,22031,22031,22031,22031,22031,22031,22031,22031,22031,22031,22031,22031,22031,22031,22031,22031,22031,22031,22031,22031,22031,22031,22031,22031,302,302,302,302,302,302,302,302,302,302,302,302,302,302,302,302,302,302,302,302,302,302,302,302,302,302,302,302,302,302,302,302,302,302,302,302,302,302,302,302,302,302,302,302,302,302,302,302,302,302,302,302,302,302,302,302,302,302,302,302,302,302,302,302,302,302,302,302,302,302,302,302,302,302,302,302,302,302,302,701,701,701,701,701,701,701,701,701,701,701,701,701,701,701,701,701,701,501,501,501,501,501,501,501,501,501,501,501,501,501,501,501,501,501,501,501,501,501,501,501,501,501,501,501,501,501,501,501,501,501,501,501,501,501,501,501,501,501,501,501,501,501,501,501,501,501,701,701,701,701,701,701,701,701,701,701,701,701,701,701,701,701,701,701,701,701,701,701,701,701,701,701,701,701,701,701,701,701,701,701,701,701,701,701,701,701,701,701,701,701,701,701,701,701,701,701,701,701,701,701,701,701,701,701,701,701,701,701,701,701,701,701,701,701,701,701,701,701,701,701,701,701,701,701,701,701,701,77030,77030,77030,77030,77030,701,701,701,701,701,701,701,701,701,701,701,701,701,701,701,701,701,701,701,701,701,22042,22042,22042,22042,22042,22042,22042,22042,22042,22042,22042,22042,22042,22042,22042,201,201,201,201,201,201,201,201
201,201,201,201,201,201,201,201,201,201,201,201,201,201,201,201,201,201,201,201,201,201,201,201,201,201,201,201,201,201,201,201,201,201,201,201,201,201,201,201,201,201,201,201,201,201,201,201,201,201,22031,22031,22031,22031,22031,22031,22031,22031,22031,22031,22031,22031,22031,22031,22031,22031,22031,22031,22031,22031,22031,22031,22031,22031,22031,22031,22031,22031,22031,22031,22031,22031,302,302,302,302,302,302,302,302,302,302,302,302,302,302,302,302,302,302,302,302,302,302,302,302,302,302,302,302,302,302,302,302,302,302,302,302,302,302,302,302,302,302,302,302,302,302,302,302,302,302,302,302,302,302,302,302,302,302,302,302,302,302,302,302,302,302,302,302,302,302,302,302,302,302,302,302,302,302,302,302,302,302,302,302,701,701,701,701,701,701,701,701,701,701,701,701,701,701,501,501,501,501,501,501,501,501,501,501,501,501,501,501,501,501,501,501,501,501,501,501,501,501,501,501,501,501,501,501,501,501,501,501,501,501,501,501,501,501,501,501,501,501,501,501,501,501,501,501,501,501,501,501,501,701,701,701,701,701,701,701,701,701,701,701,701,701,701,701,701,701,701,701,701,701,701,701,701,701,701,701,701,701,701,701,701,701,701,701,701,701,701,701,701,701,701,701,701,701,701,701,701,701,701,701,701,701,701,701,701,701,701,701,701,701,701,701,701,701,701,701,701,701,701,701,701,701,701,701,77030,77030,77030,77030,77030,77030,77030,77030,77030,77030,77030,77030,77030,77030,77030,77030,77030,77030,77030,77030,77030,77030,701,701,701,77030,77030,22042,22042,22042,22042,22042,22042,22042,22042,22042,22042,22042,22042,22042,22042,22042,201,201,201,201,201,201,201,201
201,201,201,201,201,201,201,201,201,201,201,201,201,201,201,201,201,201,201,201,201,201,201,201,201,201,201,201,201,201,201,201,201,201,201,201,201,201,201,201,201,201,201,201,201,22031,22031,22031,22031,22031,22031,22031,22031,22031,22031,22031,22031,22031,22031,22031,22031,22031,22031,22031,22031,22031,22031,22031,22031,22031,22031,22031,22031,22031,22031,22031,22031,22031,22031,22031,302,302,302,302,302,302,302,302,302,302,302,302,302,302,302,302,302,302,302,302,302,302,302,302,302,302,302,302,302,302,302,302,302,302,302,302,302,302,302,302,302,302,302,302,302,302,302,302,302,302,302,302,302,302,302,302,302,302,302,302,302,302,302,302,302,302,302,302,302,302,302,302,302,302,302,302,302,302,302,302,302,302,302,302,302,302,302,302,302,302,302,701,701,701,701,701,701,701,701,501,501,501,501,501,501,501,501,501,501,501,501,501,501,501,501,501,501,501,501,501,501,501,501,501,501,501,501,501,501,501,501,501,501,501,501,501,501,501,501,501,501,501,501,501,501,501,501,501,501,501,501,501,501,501,501,501,501,501,501,701,701,701,701,701,701,701,701,701,701,701,701,701,701,701,701,701,701,701,701,701,701,701,701,701,701,701,701,701,701,701,701,701,701,701,701,701,701,701,701,701,701,701,701,701,701,701,701,701,701,701,701,701,701,701,701,701,701,701,701,701,701,701,701,701,701,701,701,701,77030,77030,77030,77030,77030,77030,77030,77030,77030,77030,77030,77030,77030,77030,77030,77030,77030,77030,77030,77030,77030,77030,77030,77030,77030,77030,77030,77030,77030,22042,22042,22042,22042,22042,22042,22042,22042,22042,22042,22042,22042,22042,22042,22042,201,201,201,201,201,201,201,201
201,201,201,201,201,201,201,201,201,201,201,201,201,201,201,201,201,201,201,201,201,201,201,201,201,201,201,201,201,201,201,201,201,201,201,201,201,201,201,201,201,201,201,22031,22031,22031,22031,22031,22031,22031,22031,22031,22031,22031,22031,22031,22031,22031,22031,22031,22031,22031,22031,22031,22031,22031,22031,22031,22031,22031,22031,22031,22031,22031,22031,22031,22031,302,302,302,302,302,302,302,302,302,302,302,302,302,302,302,302,302,302,302,302,302,302,302,302,302,302,302,302,302,302,302,302,302,302,302,302,302,302,302,302,302,302,302,302,302,302,302,302,302,302,302,302,302,302,302,302,302,302,302,302,302,302,302,302,302,302,302,302,302,302,302,302,302,302,302,302,302,302,302,302,302,302,302,302,302,302,302,302,302,302,302,302,302,302,302,9804411,9804411,9804411,701,701,701,701,501,501,501,501,501,501,501,501,501,501,501,501,501,501,501,501,501,501,501,501,501,501,501,501,501,501,501,501,501,501,501,501,501,501,501,501,501,501,501,501,501,501,501,501,501,501,501,501,501,501,501,501,501,501,501,501,501,501,501,501,501,501,501,501,501,501,701,701,701,701,701,701,701,701,701,701,701,701,701,701,701,701,701,701,701,701,701,701,701,701,701,701,701,701,701,701,701,701,701,701,701,701,701,701,701,701,701,701,701,701,701,701,701,701,701,701,701,701,701,701,701,701,701,701,701,701,701,701,77030,77030,77030,77030,77030,77030,77030,77030,77030,77030,77030,77030,77030,77030,77030,77030,77030,77030,77030,77030,77030,77030,77030,77030,77030,77030,77030,77030,77030,77030,77030,22042,22042,22042,22042,22042,22042,22042,22042,22042,22042,22042,22042,22042,22042,201,201,201,201,201,201,201,201
201,201,201,201,201,201,201,201,201,201,201,201,201,201,201,201,201,201,201,201,201,201,201,201,201,201,201,201,201,201,201,201,201,201,201,201,201,201,201,201,201,22031,22031,22031,22031,22031,22031,22031,22031,22031,22031,22031,22031,22031,22031,22031,22031,22031,22031,22031,22031,22031,22031,22031,22031,22031,22031,22031,22031,22031,22031,22031,22031,22031,22031,302,302,302,302,302,302,302,302,302,302,302,302,302,302,302,302,302,302,302,302,302,302,302,302,302,302,302,302,302,302,302,302,302,302,302,302,302,302,302,302,302,302,302,302,302,302,302,302,302,302,302,302,302,302,302,302,302,302,302,302,302,302,302,302,302,302,302,302,302,302,302,302,302,302,302,302,302,302,302,302,302,302,302,302,302,302,302,302,302,302,302,302,302,302,302,9804411,9804411,9804411,9804411,9804411,9804411,9804411,9804411,501,501,501,501,501,501,501,501,501,501,501,501,501,501,501,501,501,501,501,501,501,501,501,501,501,501,501,501,501,501,501,501,501,501,501,501,501,501,501,501,501,501,501,501,501,501,501,501,501,501,501,501,501,501,501,501,501,501,501,501,501,501,501,501,501,501,501,501,501,501,501,501,501,501,501,501,501,501,701,701,701,701,701,701,701,701,701,701,701,701,701,701,701,701,701,701,701,701,701,701,701,701,701,701,701,701,701,701,701,701,701,701,701,701,701,701,701,701,701,701,701,701,701,701,701,701,701,77030,77030,77030,77030,77030,77030,77030,77030,77030,77030,77030,77030,77030,77030,77030,77030,77030,77030,77030,77030,77030,77030,77030,77030,77030,77030,77030,77030,77030,77030,77030,77030,77030,22042,22042,22042,22042,22042,22042,22042,22042,22042,22042,22042,22042,22042,22042,201,201,201,201,201,201,201,201
201,201,201,201,201,201,201,201,201,201,201,201,201,201,201,201,201,201,201,201,201,201,201,201,201,201,201,201,201,201,201,201,201,201,201,201,201,201,201,201,22031,22031,22031,22031,22031,22031,22031,22031,22031,22031,22031,22031,22031,22031,22031,22031,22031,22031,22031,22031,22031,22031,22031,22031,22031,22031,22031,302,302,22031,22031,302,302,22031,302,302,302,302,302,302,302,302,302,302,302,302,302,302,302,302,302,302,302,302,302,302,302,302,302,302,302,302,302,302,302,302,302,302,302,302,302,302,302,302,302,302,302,302,302,302,302,302,302,302,302,302,302,302,302,302,302,302,302,302,302,302,302,302,302,302,302,302,302,302,302,302,302,302,302,302,302,302,302,302,302,302,302,302,302,302,302,302,302,302,302,302,302,302,9804411,9804411,9804411,9804411,9804411,9804411,9804411,9804411,9804411,9804411,9804411,9804411,9804411,9804411,501,501,501,501,501,501,501,501,501,501,501,501,501,501,501,501,501,501,501,501,501,501,501,501,501,501,501,501,501,501,501,501,501,501,501,501,501,501,501,501,501,501,501,501,501,501,501,501,501,501,501,501,501,501,501,501,501,501,501,501,501,501,501,501,501,501,501,501,501,501,501,501,501,501,501,501,701,701,701,701,701,701,701,701,701,701,701,701,701,701,701,701,701,701,701,701,701,701,701,701,701,701,701,701,701,701,701,701,701,701,701,701,701,701,701,701,701,701,701,701,701,701,77030,77030,77030,77030,77030,77030,77030,77030,77030,77030,77030,77030,77030,77030,77030,77030,77030,77030,77030,77030,77030,77030,77030,77030,77030,77030,77030,77030,77030,77030,77030,77030,77030,77030,22042,22042,22042,22042,22042,22042,22042,22042,22042,22042,22042,22042,22042,22042,201,201,201,201,201,201,201,201
201,201,201,201,201,201,201,201,201,201,201,201,201,201,201,201,201,201,201,201,201,201,201,201,201,201,201,201,201,201,201,201,201,201,201,201,201,201,22031,22031,22031,22031,22031,22031,22031,22031,22031,22031,22031,22031,22031,22031,22031,22031,22031,22031,22031,22031,22031,22031,22031,22031,22031,22031,22031,22031,302,302,302,302,302,302,302,302,302,302,302,302,302,302,302,302,302,302,302,302,302,302,302,302,302,302,302,302,302,302,302,302,302,302,302,302,302,302,302,302,302,302,302,302,302,302,302,302,302,302,302,302,302,302,302,302,302,302,302,302,302,302,302,302,302,302,302,302,302,302,302,302,302,302,302,302,302,302,302,302,302,302,302,302,302,302,302,302,302,302,302,302,302,302,302,302,302,302,302,302,302,9804411,9804411,9804411,9804411,9804411,9804411,9804411,9804411,9804411,9804411,9804411,9804411,9804411,9804411,9804411,9804411,501,501,501,501,501,501,501,501,501,501,501,501,501,501,501,501,501,501,501,501,501,501,501,501,501,501,501,501,501,501,501,501,501,501,501,501,501,501,501,501,501,501,501,501,501,501,501,501,501,501,501,501,501,501,501,501,501,501,501,501,501,501,501,501,501,501,501,501,501,501,501,501,501,501,501,701,701,701,701,701,701,701,701,701,701,701,701,701,701,701,701,701,701,701,701,701,701,701,701,701,701,701,701,701,701,701,701,701,701,701,701,701,701,701,701,701,77030,77030,77030,77030,77030,77030,77030,77030,77030,77030,77030,77030,77030,77030,77030,77030,77030,77030,77030,77030,77030,77030,77030,77030,77030,77030,77030,77030,77030,77030,77030,77030,77030,77030,77030,77030,77030,77030,77030,22042,22042,22042,22042,22042,22042,22042,22042,22042,22042,22042,22042,22042,22042,22042,22042,201,201,201,201,201,201
201,201,201,201,201,201,201,201,201,201,201,201,201,201,201,201,201,201,201,201,201,201,201,201,201,201,201,201,201,201,201,201,201,201,201,201,201,22031,22031,22031,22031,22031,22031,22031,22031,22031,22031,22031,22031,22031,22031,22031,22031,22031,22031,22031,22031,22031,22031,22031,22031,22031,302,302,302,302,302,302,302,302,302,302,302,302,302,302,302,302,302,302,302,302,302,302,302,302,302,302,302,302,302,302,302,302,302,302,302,302,302,302,302,302,302,302,302,302,302,302,302,302,302,302,302,302,302,302,302,302,302,302,302,302,302,302,302,302,302,302,302,302,302,302,302,302,302,302,302,302,302,302,302,302,302,302,302,302,302,302,302,302,302,302,302,302,302,302,302,302,302,302,302,302,302,302,302,9804411,9804411,9804411,9804411,9804411,9804411,9804411,9804411,9804411,9804411,9804411,9804411,9804411,9804411,9804411,9804411,9804411,9804411,9804411,9804411,501,501,501,501,501,501,501,501,501,501,501,501,501,501,501,501,501,501,501,501,501,501,501,501,501,501,501,501,501,501,501,501,501,501,501,501,501,501,501,501,501,501,501,501,501,501,501,501,501,501,501,501,501,501,501,501,501,501,501,501,501,501,501,501,501,501,501,501,501,501,501,501,501,501,501,501,501,501,501,701,701,701,701,701,701,701,701,701,701,701,701,701,701,701,701,701,701,701,701,701,701,701,701,701,701,701,701,701,701,701,701,701,701,701,701,77030,77030,77030,77030,77030,77030,77030,77030,77030,77030,77030,77030,77030,77030,77030,77030,77030,77030,77030,77030,77030,77030,77030,77030,77030,77030,77030,77030,77030,77030,77030,77030,77030,77030,77030,77030,77030,77030,77030,22042,22042,22042,22042,22042,22042,22042,22042,22042,22042,22042,22042,22042,22042,22042,22032,22032,22032,201,201,201
201,201,201,201,201,201,201,201,201,201,201,201,201,201,201,201,201,201,201,201,201,201,201,201,201,201,201,201,201,201,201,201,201,201,201,201,22031,22031,22031,22031,22031,22031,22031,22031,22031,22031,22031,22031,22031,22031,22031,22031,22031,22031,22031,22031,22031,22031,22031,22031,22031,302,302,302,302,302,302,302,302,302,302,302,302,302,302,302,302,302,302,302,302,302,302,302,302,302,302,302,302,302,302,302,302,302,302,302,302,302,302,302,302,302,302,302,302,302,302,302,302,302,302,302,302,302,302,302,302,302,302,302,302,302,302,302,302,302,302,302,302,302,302,302,302,302,302,302,302,302,302,302,302,302,302,302,302,302,302,302,302,302,302,302,302,302,302,302,302,302,302,302,302,302,302,9804411,9804411,9804411,9804411,9804411,9804411,9804411,9804411,9804411,9804411,9804411,9804411,9804411,9804411,9804411,9804411,9804411,9804411,9804411,9804411,9804411,9804411,9804411,501,501,501,501,501,501,501,501,501,501,501,501,501,501,501,501,501,501,501,501,501,501,501,501,501,501,501,501,501,501,501,501,501,501,501,501,501,501,501,501,501,501,501,501,501,501,501,501,501,501,501,501,501,501,501,501,501,501,501,501,501,501,501,501,501,501,501,501,501,501,501,501,501,501,501,501,501,501,501,501,501,501,501,501,501,701,701,701,701,701,501,701,701,701,701,701,701,701,701,701,701,701,701,701,701,701,701,701,701,701,701,701,701,701,701,701,77030,77030,77030,77030,77030,77030,77030,77030,77030,77030,77030,77030,77030,77030,77030,77030,77030,77030,77030,77030,77030,77030,77030,77030,77030,77030,77030,77030,77030,77030,77030,77030,77030,77030,77030,77030,77030,22042,22042,22042,22042,22042,22042,22042,22042,22042,22042,22042,22042,22042,22042,22042,22032,22032,22032,22032,22032,22032
22032,22032,22032,22032,201,201,201,201,201,201,201,201,201,201,201,201,201,201,201,201,201,201,201,201,201,201,201,201,201,201,201,201,201,201,201,22031,22031,22031,22031,22031,22031,22031,22031,22031,22031,22031,22031,22031,22031,22031,22031,22031,22031,22031,22031,22031,22031,22031,22031,22031,302,302,302,302,302,302,302,302,302,302,302,302,302,302,302,302,302,302,302,302,302,302,302,302,302,302,302,302,302,302,302,302,302,302,302,302,302,302,302,302,302,302,302,302,302,302,302,302,302,302,302,302,302,302,302,302,302,302,302,302,302,302,302,302,302,302,302,302,302,302,302,302,302,302,302,302,302,302,302,302,302,302,302,302,302,302,302,302,302,302,302,302,302,302,302,302,302,302,302,302,302,302,9804411,9804411,9804411,9804411,9804411,9804411,9804411,9804411,9804411,9804411,9804411,9804411,9804411,9804411,9804411,9804411,9804411,9804411,9804411,9804411,9804411,9804411,9804411,9804411,9804411,9804411,501,501,501,501,501,501,501,501,501,501,501,501,501,501,501,501,501,501,501,501,501,501,501,501,501,501,501,501,501,501,501,501,501,501,501,501,501,501,501,501,501,501,501,501,501,501,501,501,501,501,501,501,501,501,501,501,501,501,501,501,501,501,501,501,501,501,501,501,501,501,501,501,501,501,501,501,501,501,501,501,501,501,501,501,501,501,501,501,501,501,501,501,501,501,501,701,701,701,701,701,701,701,701,701,701,701,701,701,701,701,701,701,701,701,701,701,77030,77030,77030,77030,77030,77030,77030,77030,77030,77030,77030,77030,77030,77030,77030,77030,77030,77030,77030,77030,77030,77030,77030,77030,77030,77030,77030,77030,77030,77030,77030,77030,77030,77030,77030,22042,22042,22042,22042,22042,22042,22042,22042,22042,22042,22042,22042,22042,22042,22042,22032,22032,22032,22032,22032,22032
22032,22032,22032,22032,22032,22032,22032,22032,22032,22032,201,201,201,201,201,201,201,201,201,201,201,201,201,201,201,201,201,201,201,201,201,201,22031,22031,22031,22031,22031,22031,22031,22031,22031,22031,22031,22031,22031,22031,22031,22031,22031,22031,22031,22031,22031,22031,22031,22031,22031,22031,22031,101,302,302,302,302,302,302,302,302,302,302,302,302,302,302,302,302,302,302,302,302,302,302,302,302,302,302,302,302,302,302,302,302,302,302,302,302,302,302,302,302,302,302,302,302,302,302,302,302,302,302,302,302,302,302,302,302,302,302,302,302,302,302,302,302,302,302,302,302,302,302,302,302,302,302,302,302,302,302,302,302,302,302,302,302,302,302,302,302,302,302,302,302,302,302,302,302,302,302,302,302,302,9804411,9804411,9804411,9804411,9804411,9804411,9804411,9804411,9804411,9804411,9804411,9804411,9804411,9804411,9804411,9804411,9804411,9804411,9804411,9804411,9804411,9804411,9804411,9804411,9804411,9804411,9804411,9804411,9804411,501,501,501,501,501,501,501,501,501,501,501,501,501,501,501,501,501,501,501,501,501,501,501,501,501,501,501,501,501,501,501,501,501,501,501,501,501,501,501,501,501,501,501,501,501,501,501,501,501,501,501,501,501,501,501,501,501,501,501,501,501,501,501,501,501,501,501,501,501,501,501,501,501,501,501,501,501,501,501,501,501,501,501,501,501,501,501,501,501,501,501,501,501,501,701,701,701,701,701,701,701,701,701,701,701,701,701,701,701,701,701,701,701,701,701,701,77030,77030,77030,77030,77030,77030,77030,77030,77030,77030,77030,77030,77030,77030,77030,77030,77030,77030,77030,77030,77030,77030,77030,77030,77030,77030,77030,77030,77030,77030,77030,77030,77030,22042,22042,22042,22042,22042,22042,22042,22042,22042,22042,22042,22042,22042,22042,22032,22032,22032,22032,22032,22032,22032
22032,22032,22032,22032,22032,22032,22032,22032,22032,22032,22032,22032,22032,22032,22032,22032,22032,22032,22031,22031,22031,201,201,201,201,201,22031,22031,22031,22031,22031,22031,22031,22031,22031,22031,22031,22031,22031,22031,22031,22031,22031,22031,22031,22031,22031,22031,22031,22031,22031,22031,22031,22031,101,22031,22031,22031,101,101,101,302,302,302,302,302,302,302,302,302,302,302,302,302,302,302,302,302,302,302,302,302,302,302,302,302,302,302,302,302,302,302,302,302,302,302,302,302,302,302,302,302,302,302,302,302,302,302,302,302,302,302,302,302,302,302,302,302,302,302,302,302,302,302,302,302,302,302,302,302,302,302,302,302,302,302,302,302,302,302,302,302,302,302,302,302,302,302,302,302,302,302,302,302,302,302,302,302,302,9804411,9804411,9804411,9804411,9804411,9804411,9804411,9804411,9804411,9804411,9804411,9804411,9804411,9804411,9804411,9804411,9804411,9804411,9804411,9804411,9804411,9804411,9804411,9804411,9804411,9804411,9804411,9804411,9804411,9804411,9804411,9804411,9804411,501,501,501,501,501,501,501,501,501,501,501,501,501,501,501,501,501,501,501,501,501,501,501,501,501,501,501,501,501,501,501,501,501,501,501,501,501,501,501,501,501,501,501,501,501,501,501,501,501,501,501,501,501,501,501,501,501,501,501,501,501,501,501,501,501,501,501,501,501,501,501,501,501,501,501,501,501,501,501,501,501,501,501,501,501,501,501,501,501,501,501,501,501,701,701,701,701,701,701,701,701,701,701,701,701,701,701,701,701,701,701,701,701,701,701,77030,77030,77030,77030,77030,77030,77030,77030,77030,77030,77030,77030,77030,77030,77030,77030,77030,77030,77030,77030,77030,77030,77030,77030,77030,77030,77030,22042,22042,22042,22042,22042,22042,22042,22042,22042,22042,22042,22042,22042,22042,22042,22042,22042,22042,22042,22032,22032,22032,22032,22032,22032,22032
22032,22032,22032,22032,22032,22032,22032,22032,22032,22032,22032,22032,22032,22032,22032,22032,22032,22032,22031,22031,22031,22031,22031,22031,22031,22031,22031,22031,22031,22031,22031,22031,22031,22031,22031,22031,22031,22031,22031,22031,22031,22031,22031,22031,22031,22031,22031,22031,22031,22031,22031,22031,22031,22031,101,101,22031,101,101,101,101,302,302,101,101,101,302,302,302,302,302,302,302,302,302,302,302,302,302,302,302,302,302,302,302,302,302,302,302,302,302,302,302,302,302,302,302,302,302,302,302,302,302,302,302,302,302,302,302,302,302,302,302,302,302,302,302,302,302,302,302,302,302,302,302,302,302,302,302,302,302,302,302,302,302,302,302,302,302,302,302,302,302,302,302,302,302,302,302,302,302,302,302,302,302,302,302,302,9804411,9804411,9804411,9804411,9804411,9804411,9804411,9804411,9804411,9804411,9804411,9804411,9804411,9804411,9804411,9804411,9804411,9804411,9804411,9804411,9804411,9804411,9804411,9804411,9804411,9804411,9804411,9804411,9804411,9804411,9804411,9804411,9804411,9804411,9804411,501,501,501,501,501,501,501,501,501,501,501,501,501,501,501,501,501,501,501,501,501,501,501,501,501,501,501,501,501,501,501,501,501,501,501,501,501,501,501,501,501,501,501,501,501,501,501,501,501,501,501,501,501,501,501,501,501,501,501,501,501,501,501,501,501,501,501,501,501,501,501,501,501,501,501,501,501,501,501,501,501,501,501,501,501,501,501,501,501,501,501,501,501,701,701,701,701,701,701,701,701,701,701,701,701,701,701,701,701,701,701,701,701,701,701,701,77030,77030,77030,77030,77030,77030,77030,77030,77030,77030,77030,77030,77030,77030,77030,77030,77030,77030,77030,77030,77030,77030,77030,22042,22042,22042,22042,22042,22042,22042,22042,22042,22042,22042,22042,22042,22042,22042,22042,22042,22042,22042,22042,22032,22032,22032,22032,22032,22032,22032,22032
22032,22032,22032,22032,22032,22032,22032,22032,22032,22032,22032,22032,22032,22032,22032,22032,22032,22032,22031,22031,22031,22031,22031,22031,22031,22031,22031,22031,22031,22031,22031,22031,22031,22031,22031,22031,22031,22031,22031,22031,22031,22031,22031,22031,22031,22031,22031,22031,22031,22031,22031,22031,22031,101,101,101,101,101,101,101,101,101,101,101,101,101,302,302,302,302,302,302,302,302,302,302,302,302,302,302,302,302,302,302,302,302,302,302,302,302,302,302,302,302,302,302,302,302,302,302,302,302,302,302,302,302,302,302,302,302,302,302,302,302,302,302,302,302,302,302,302,302,302,302,302,302,302,302,302,302,302,302,302,302,302,302,302,302,302,302,302,302,302,302,302,302,302,302,302,302,302,302,302,302,302,302,302,9804411,9804411,9804411,9804411,9804411,9804411,9804411,9804411,9804411,9804411,9804411,9804411,9804411,9804411,9804411,9804411,9804411,9804411,9804411,9804411,9804411,9804411,9804411,9804411,9804411,9804411,9804411,9804411,9804411,9804411,9804411,9804411,9804411,9804411,9804411,9804411,9804411,9804411,501,501,501,501,501,501,501,501,501,501,501,501,501,501,501,501,501,501,501,501,501,501,501,501,501,501,501,501,501,501,501,501,501,501,501,501,501,501,501,501,501,501,501,501,501,501,501,501,501,501,501,501,501,501,501,501,501,501,501,501,501,501,501,501,501,501,501,501,501,501,501,501,501,501,501,501,501,501,501,501,501,501,501,501,501,501,501,501,501,501,501,701,701,701,701,701,501,701,701,701,701,701,701,701,701,701,701,701,701,701,701,701,701,701,701,77030,77030,77030,77030,77030,77030,77030,77030,77030,77030,77030,77030,77030,77030,77030,77030,77030,77030,77030,77030,77030,22042,22042,22042,22042,22042,22042,22042,22042,22042,22042,22042,22042,22042,22042,22042,22042,22042,22042,22042,22042,22042,22032,22032,22032,22032,22032,22032,22032,22032
22032,22032,22032,22032,22032,22032,22032,22032,22032,22032,22032,22032,22032,22032,22032,22032,22032,22032,22031,22031,22031,22031,22031,22031,22031,22031,22031,22031,22031,22031,22031,22031,22031,22031,22031,22031,22031,22031,22031,22031,22031,22031,22031,22031,22031,22031,22031,22031,22031,22031,22031,22031,101,101,101,101,101,101,101,101,101,101,101,101,101,101,302,302,302,302,302,302,302,302,302,302,302,302,302,302,302,302,302,302,302,302,302,302,302,302,302,302,302,302,302,302,302,302,302,302,302,302,302,302,302,302,302,302,302,302,302,302,302,302,302,302,302,302,302,302,302,302,302,302,302,302,302,302,302,302,302,302,302,302,302,302,302,302,302,302,302,302,302,302,302,302,302,302,302,302,302,302,302,302,302,9804411,9804411,9804411,9804411,9804411,9804411,9804411,9804411,9804411,9804411,9804411,9804411,9804411,9804411,9804411,9804411,9804411,9804411,9804411,9804411,9804411,9804411,9804411,9804411,9804411,9804411,9804411,9804411,9804411,9804411,9804411,9804411,9804411,9804411,9804411,9804411,9804411,9804411,9804411,9804411,9804411,501,501,501,501,501,501,501,501,501,501,501,501,501,501,501,501,501,501,501,501,501,501,501,501,501,501,501,501,501,501,501,501,501,501,501,501,501,501,501,501,501,501,501,501,501,501,501,501,501,501,501,501,501,501,501,501,501,501,501,501,501,501,501,501,501,501,501,501,501,501,501,501,501,501,501,501,501,501,501,501,501,501,501,501,501,501,501,501,501,501,501,501,501,501,501,501,501,501,701,701,701,701,701,701,701,701,701,701,701,701,701,701,701,701,77030,77030,77030,77030,77030,77030,77030,77030,77030,77030,77030,77030,77030,77030,77030,77030,77030,77030,77030,22042,22042,22042,22042,22042,22042,22042,22042,22042,22042,22042,22042,22042,22042,22042,22042,22042,22042,22042,22042,22042,22042,22042,22032,22032,22032,22032,22032,22032,22032,22032
22032,22032,22032,22032,22032,22032,22032,22032,22032,22032,22032,22032,22032,22032,22032,22032,22032,22032,22031,22031,22031,22031,22031,22031,22031,22031,22031,22031,22031,22031,22031,22031,22031,22031,22031,22031,22031,22031,22031,22031,22031,22031,22031,22031,22031,22031,22031,22031,22031,22031,22031,101,101,101,101,101,101,101,101,101,101,101,101,101,101,101,101,302,302,302,302,302,302,302,302,302,302,302,302,302,302,302,302,302,302,302,302,302,302,302,302,302,302,302,302,302,302,302,302,302,302,302,302,302,302,302,302,302,302,302,302,302,302,302,302,302,302,302,302,302,302,302,302,302,302,302,302,302,302,302,302,302,302,302,302,302,302,302,302,302,302,302,302,302,302,302,302,302,302,302,302,302,302,302,9804411,9804411,9804411,9804411,9804411,9804411,9804411,9804411,9804411,9804411,9804411,9804411,9804411,9804411,9804411,9804411,9804411,9804411,9804411,9804411,9804411,9804411,9804411,9804411,9804411,9804411,9804411,9804411,9804411,9804411,9804411,9804411,9804411,9804411,9804411,9804411,9804411,9804411,9804411,9804411,9804411,9804411,9804411,9804411,501,501,501,501,501,501,501,501,501,501,501,501,501,501,501,501,501,501,501,501,501,501,501,501,501,501,501,501,501,501,501,501,501,501,501,501,501,501,501,501,501,501,501,501,501,501,501,501,501,501,501,501,501,501,501,501,501,501,501,501,501,501,501,501,501,501,501,501,501,501,501,501,501,501,501,501,501,501,501,501,501,501,501,501,501,501,501,501,501,501,501,501,501,501,501,501,501,701,701,701,701,701,701,701,701,701,701,701,701,701,701,701,77030,77030,77030,77030,77030,77030,77030,77030,77030,77030,77030,77030,77030,77030,77030,77030,77030,22042,22042,22042,22042,22042,22042,22042,22042,22042,22042,22042,22042,22042,22042,22042,22042,22042,22042,22042,22042,22042,22042,22042,22042,22042,22032,22032,22032,22032,22032,22032,22032,22032
22032,22032,22032,22032,22032,22032,22032,22032,22032,22032,22032,22032,22032,22032,22032,22032,22032,22032,22031,22031,22031,22031,22031,22031,22031,22031,22031,22031,22031,22031,22031,22031,22031,22031,22031,22031,22031,22031,22031,22031,22031,22031,22031,22031,22031,22031,22031,22031,22031,22031,101,101,101,101,101,101,101,101,101,101,101,101,101,101,101,101,101,302,302,302,302,302,302,302,302,302,302,302,302,302,302,302,302,302,302,302,302,302,302,302,302,302,302,302,302,302,302,302,302,302,302,302,302,302,302,302,302,302,302,302,302,302,302,302,302,302,302,302,302,302,302,302,302,302,302,302,302,302,302,302,302,302,302,302,302,302,302,302,302,302,302,302,302,302,302,302,302,302,302,302,302,302,302,9804411,9804411,9804411,9804411,9804411,9804411,9804411,9804411,9804411,9804411,9804411,9804411,9804411,9804411,9804411,9804411,9804411,9804411,9804411,9804411,9804411,9804411,9804411,9804411,9804411,9804411,9804411,9804411,9804411,9804411,9804411,9804411,9804411,9804411,9804411,9804411,9804411,9804411,9804411,9804411,9804411,9804411,9804411,9804411,9804411,9804411,501,501,501,501,501,501,501,501,501,501,501,501,501,501,501,501,501,501,501,501,501,501,501,501,501,501,501,501,501,501,501,501,501,501,501,501,501,501,501,501,501,501,501,501,501,501,501,501,501,501,501,501,501,501,501,501,501,501,501,501,501,501,501,501,501,501,501,501,501,501,501,501,501,501,501,501,501,501,501,501,501,501,501,501,501,501,501,501,501,501,501,501,501,501,501,501,501,701,701,701,701,701,701,701,701,701,701,701,701,701,701,77030,77030,77030,77030,77030,77030,77030,77030,77030,77030,77030,77030,77030,22042,22042,22042,22042,22042,22042,22042,22042,22042,22042,22042,22042,22042,22042,22042,22042,22042,22042,22042,22042,22042,22042,22042,22042,22042,22042,22042,22042,22042,22032,22032,22032,22032,22032,22032,22032,22032
22032,22032,22032,22032,22032,22032,22032,22032,22032,22032,22032,22032,22032,22032,22032,22032,22032,22032,22031,22031,22031,22031,22031,22031,22031,22031,22031,22031,22031,22031,22031,22031,22031,22031,22031,22031,22031,22031,22031,22031,22031,22031,22031,22031,22031,22031,22031,22031,22031,22031,101,101,101,101,101,101,101,101,101,101,101,101,101,101,101,101,101,302,302,302,302,302,302,302,302,302,302,302,302,302,302,302,302,302,302,302,302,302,302,302,302,302,302,302,302,302,302,302,302,302,302,302,302,302,302,302,302,302,302,302,302,302,302,302,302,302,302,302,302,302,302,302,302,302,302,302,302,302,302,302,302,302,302,302,302,302,302,302,302,302,302,302,302,302,302,302,302,302,302,302,302,302,9804411,9804411,9804411,9804411,9804411,9804411,9804411,9804411,9804411,9804411,9804411,9804411,9804411,9804411,9804411,9804411,9804411,9804411,9804411,9804411,9804411,9804411,9804411,9804411,9804411,9804411,9804411,9804411,9804411,9804411,9804411,9804411,9804411,9804411,9804411,9804411,9804411,9804411,9804411,9804411,9804411,9804411,9804411,9804411,9804411,9804411,9804411,9804411,501,501,501,501,501,501,501,501,501,501,501,501,501,501,501,501,501,501,501,501,501,501,501,501,501,501,501,501,501,501,501,501,501,501,501,501,501,501,501,501,501,501,501,501,501,501,501,501,501,501,501,501,501,501,501,501,501,501,501,501,501,501,501,501,501,501,501,501,501,501,501,501,501,501,501,501,501,501,501,501,501,501,501,501,501,501,501,501,501,501,501,501,501,501,501,501,501,701,701,701,701,701,701,701,701,701,701,701,701,701,77030,77030,77030,77030,77030,77030,77030,77030,77030,77030,77030,77030,22042,22042,22042,22042,22042,22042,22042,22042,22042,22042,22042,22042,22042,22042,22042,22042,22042,22042,22042,22042,22042,22042,22042,22042,22042,22042,22042,22042,22042,22042,22032,22032,22032,22032,22032,22032,22032,22032
22032,22032,22032,22032,22032,22032,22032,22032,22032,22032,22032,22032,22032,22032,22032,22032,22032,22032,22031,22031,22031,22031,22031,22031,22031,22031,22031,22031,22031,22031,22031,22031,22031,22031,22031,22031,22031,22031,22031,22031,22031,22031,22031,22031,22031,22031,22031,22031,22031,101,101,101,101,101,101,101,101,101,101,101,101,101,101,101,101,101,101,302,302,302,302,302,302,302,302,302,302,302,302,302,302,302,302,302,302,302,302,302,302,302,302,302,302,302,302,302,302,302,302,302,302,302,302,302,302,302,302,302,302,302,302,302,302,302,302,302,302,302,302,302,302,302,302,302,302,302,302,302,302,302,302,302,302,302,302,302,302,302,302,302,302,302,302,302,302,302,302,302,302,302,9804411,9804411,9804411,9804411,9804411,9804411,9804411,9804411,9804411,9804411,9804411,9804411,9804411,9804411,9804411,9804411,9804411,9804411,9804411,9804411,9804411,9804411,9804411,9804411,9804411,9804411,9804411,9804411,9804411,9804411,9804411,9804411,9804411,9804411,9804411,9804411,9804411,9804411,9804411,9804411,9804411,9804411,9804411,9804411,9804411,9804411,9804411,9804411,9804411,9804411,9804411,9804411,501,501,501,501,501,501,501,501,501,501,501,501,501,501,501,501,501,501,501,501,501,501,501,501,501,501,501,501,501,501,501,501,501,501,501,501,501,501,501,501,501,501,501,501,501,501,501,501,501,501,501,501,501,501,501,501,501,501,501,501,501,501,501,501,501,501,501,501,501,501,501,501,501,501,501,501,501,501,501,501,501,501,501,501,501,501,501,501,501,501,501,501,501,501,501,701,701,701,701,701,701,701,701,701,701,701,701,801,77030,77030,77030,77030,77030,77030,77030,77030,77030,77030,77030,22042,22042,22042,22042,22042,22042,22042,22042,22042,22042,22042,22042,22042,22042,22042,22042,22042,22042,22042,22042,22042,22042,22042,22042,22042,22042,22042,22042,22042,22042,22042,22032,22032,22032,22032,22032,22032,22032,22032
22032,22032,22032,22032,22032,22032,22032,22032,22032,22032,22032,22032,22032,22032,22032,22032,22032,22032,22032,22031,22031,22031,22031,22031,22031,22031,22031,22031,22031,22031,22031,22031,22031,22031,22031,22031,22031,22031,22031,22031,22031,22031,22031,22031,22031,22031,22031,22031,101,101,101,101,101,101,101,101,101,101,101,101,101,101,101,101,101,101,101,302,302,302,302,302,302,302,302,302,302,302,302,302,302,302,302,302,302,302,302,302,302,302,302,302,302,302,302,302,302,302,302,302,302,302,302,302,302,302,302,302,302,302,302,302,302,302,302,302,302,302,302,302,302,302,302,302,302,302,302,302,302,302,302,302,302,302,302,302,302,302,302,302,302,302,302,302,302,302,302,302,302,9804411,9804411,9804411,9804411,9804411,9804411,9804411,9804411,9804411,9804411,9804411,9804411,9804411,9804411,9804411,9804411,9804411,9804411,9804411,9804411,9804411,9804411,9804411,9804411,9804411,9804411,9804411,9804411,9804411,9804411,9804411,9804411,9804411,9804411,9804411,9804411,9804411,9804411,9804411,9804411,9804411,9804411,9804411,9804411,9804411,9804411,9804411,9804411,9804411,9804411,9804411,9804411,9804411,9804411,501,501,501,501,501,501,501,501,501,501,501,501,501,501,501,501,501,501,501,501,501,501,501,501,501,501,501,501,501,501,501,501,501,501,501,501,501,501,501,501,501,501,501,501,501,501,501,501,501,501,501,501,501,501,501,501,501,501,501,501,501,501,501,501,501,501,501,501,501,501,501,501,501,501,501,501,501,501,501,501,501,501,501,501,501,501,501,501,501,501,501,501,501,501,501,701,701,701,701,701,701,701,701,701,701,801,801,801,801,77030,77030,77030,77030,77030,77030,77030,77030,22042,22042,22042,22042,22042,22042,22042,22042,22042,22042,22042,22042,22042,22042,22042,22042,22042,22042,22042,22042,22042,22042,22042,22042,22042,22042,22042,22042,22042,22042,22042,22042,22032,22032,22032,22032,22032,22032,22032,22032
22032,22032,22032,22032,22032,22032,22032,22032,22032,22032,22032,22032,22032,22032,22032,22032,22032,22032,22032,22031,101,22031,22031,22031,22031,22031,22031,22031,22031,22031,22031,22031,22031,22031,22031,22031,22031,22031,101,101,22031,22031,22031,22031,22031,22031,22031,22031,101,101,101,101,101,101,101,101,101,101,101,101,101,101,101,101,101,101,101,101,302,302,302,302,302,302,302,302,302,302,302,302,302,302,302,302,302,302,302,302,302,302,302,302,302,302,302,302,302,302,302,302,302,302,302,302,302,302,302,302,302,302,302,302,302,302,302,302,302,302,302,302,302,302,302,302,302,302,302,302,302,302,302,302,302,302,302,302,302,302,302,302,302,302,302,302,302,302,302,302,9804411,9804411,9804411,9804411,9804411,9804411,9804411,9804411,9804411,9804411,9804411,9804411,9804411,9804411,9804411,9804411,9804411,9804411,9804411,9804411,9804411,9804411,9804411,9804411,9804411,9804411,9804411,9804411,9804411,9804411,9804411,9804411,9804411,9804411,9804411,9804411,9804411,9804411,9804411,9804411,9804411,9804411,9804411,9804411,9804411,9804411,9804411,9804411,9804411,9804411,9804411,9804411,9804411,9804411,9804411,9804411,501,501,501,501,501,501,501,501,501,501,501,501,501,501,501,501,501,501,501,501,501,501,501,501,501,501,501,501,501,501,501,501,501,501,501,501,501,501,501,501,501,501,501,501,501,501,501,501,501,501,501,501,501,501,501,501,501,501,501,501,501,501,501,501,501,501,501,501,501,501,501,501,501,501,501,501,501,501,501,501,501,501,501,501,501,501,501,501,501,501,501,501,501,501,501,501,801,801,801,801,801,801,801,801,801,801,801,801,801,77030,77030,77030,77030,77030,77030,22042,22042,22042,22042,22042,22042,22042,22042,22042,22042,22042,22042,22042,22042,22042,22042,22042,22042,22042,22042,22042,22042,22042,22042,22042,22042,22042,22042,22042,22042,22042,22042,22042,22032,22032,22032,22032,22032,22032,22032,22032
22032,22032,22032,22032,22032,22032,22032,22032,22032,22032,22032,22032,22032,22032,22032,22032,22032,22032,22032,22031,101,101,101,22031,22031,22031,22031,22031,22031,22031,22031,22031,101,22031,22031,22031,22031,101,101,101,101,22031,101,101,101,22031,22031,101,101,101,101,101,101,101,101,101,101,101,101,101,101,101,101,101,101,101,101,302,302,302,302,302,302,302,302,302,302,302,302,302,302,302,302,302,302,302,302,302,302,302,302,302,302,302,302,302,302,302,302,302,302,302,302,302,302,302,302,302,302,302,302,302,302,302,302,302,302,302,302,302,302,302,302,302,302,302,302,302,302,302,302,302,302,302,302,302,302,302,302,302,302,302,302,302,302,302,302,9804411,9804411,9804411,9804411,9804411,9804411,9804411,9804411,9804411,9804411,9804411,9804411,9804411,9804411,9804411,9804411,9804411,9804411,9804411,9804411,9804411,9804411,9804411,9804411,9804411,9804411,9804411,9804411,9804411,9804411,9804411,9804411,9804411,9804411,9804411,9804411,9804411,9804411,9804411,9804411,9804411,9804411,9804411,9804411,9804411,9804411,9804411,9804411,9804411,9804411,9804411,9804411,9804411,9804411,9804411,9804411,9804411,9804411,501,501,501,501,501,501,501,501,501,501,501,501,501,501,501,501,501,501,501,501,501,501,501,501,501,501,501,501,501,501,501,501,501,501,501,501,501,501,501,501,501,501,501,501,501,501,501,501,501,501,501,501,501,501,501,501,501,501,501,501,501,501,501,501,501,501,501,501,501,501,501,501,501,501,501,501,501,501,501,501,501,501,501,501,501,501,501,501,501,501,501,501,501,501,501,801,801,801,801,801,801,801,801,801,801,801,801,801,801,77030,77030,77030,801,22042,22042,22042,22042,22042,22042,22042,22042,22042,22042,22042,22042,22042,22042,22042,22042,22042,22042,22042,22042,22042,22042,22042,22042,22042,22042,22042,22042,22042,22042,22042,22042,22042,22042,22032,22032,22032,22032,22032,22032,22032,22032
22032,22032,22032,22032,22032,22032,22032,22032,22032,22032,22032,22032,22032,22032,22032,22032,22032,22032,22032,101,101,101,101,101,101,22031,22031,22031,22031,22031,22031,101,101,101,101,22031,101,101,101,101,101,101,101,101,101,101,101,101,101,101,101,101,101,101,101,101,101,101,101,101,101,101,101,101,101,101,101,302,302,302,302,302,302,302,302,302,302,302,302,302,302,302,302,302,302,302,302,302,302,302,302,302,302,302,302,302,302,302,302,302,302,302,302,302,302,302,302,302,302,302,302,302,302,302,302,302,302,302,302,302,302,302,302,302,302,302,302,302,302,302,302,302,302,302,302,302,302,302,302,302,302,302,302,302,302,302,9804411,9804411,9804411,9804411,9804411,9804411,9804411,9804411,9804411,9804411,9804411,9804411,9804411,9804411,9804411,9804411,9804411,9804411,9804411,9804411,9804411,9804411,9804411,9804411,9804411,9804411,9804411,9804411,9804411,9804411,9804411,9804411,9804411,9804411,9804411,9804411,9804411,9804411,9804411,9804411,9804411,9804411,9804411,9804411,9804411,9804411,9804411,9804411,9804411,9804411,9804411,9804411,9804411,9804411,9804411,9804411,9804411,9804411,9804411,9804411,501,501,501,501,501,501,501,501,501,501,501,501,501,501,501,501,501,501,501,501,501,501,501,501,501,501,501,501,501,501,501,501,501,501,501,501,501,501,501,501,501,501,501,501,501,501,501,501,501,501,501,501,501,501,501,501,501,501,501,501,501,501,501,501,501,501,501,501,501,501,501,501,501,501,501,501,501,501,501,501,501,501,501,501,501,501,501,501,501,501,501,501,501,801,801,801,801,801,801,801,801,801,801,801,801,801,801,801,801,801,801,801,801,22042,22042,22042,22042,22042,22042,22042,22042,22042,22042,22042,22042,22042,22042,22042,22042,22042,22042,22042,22042,22042,22042,22042,22042,22042,22042,22042,22042,22042,22042,22042,22042,22042,22032,22032,22032,22032,22032,22032,22032,22032
22032,22032,22032,22032,22032,22032,22032,22032,22032,22032,22032,22032,22032,22032,22032,101,101,22032,22032,101,101,101,101,101,101,101,101,22031,22031,22031,101,101,101,101,101,101,101,101,101,101,101,101,101,101,101,101,101,101,101,101,101,101,101,101,101,101,101,101,101,101,101,101,101,101,101,101,101,101,302,302,302,302,302,302,302,302,302,302,302,302,302,302,302,302,302,302,302,302,302,302,302,302,302,302,302,302,302,302,302,302,302,302,302,302,302,302,302,302,302,302,302,302,302,302,302,302,302,302,302,302,302,302,302,302,302,302,302,302,302,302,302,302,302,302,302,302,302,302,302,302,302,302,302,302,9804411,9804411,9804411,9804411,9804411,9804411,9804411,9804411,9804411,9804411,9804411,9804411,9804411,9804411,9804411,9804411,9804411,9804411,9804411,9804411,9804411,9804411,9804411,9804411,9804411,9804411,9804411,9804411,9804411,9804411,9804411,9804411,9804411,9804411,9804411,9804411,9804411,9804411,9804411,9804411,9804411,9804411,9804411,9804411,9804411,9804411,9804411,9804411,9804411,9804411,9804411,9804411,9804411,9804411,9804411,9804411,9804411,9804411,9804411,9804411,9804411,9804411,9804411,501,501,501,501,501,501,501,501,501,501,501,501,501,501,501,501,501,501,501,501,501,501,501,501,501,501,501,501,501,501,501,501,501,501,501,501,501,501,501,501,501,501,501,501,501,501,501,501,501,501,501,501,501,501,501,501,501,501,501,501,501,501,501,501,501,501,501,501,501,501,501,501,501,501,501,501,501,501,501,501,501,501,501,501,501,501,501,501,501,501,501,501,801,801,801,801,801,801,801,801,801,801,801,801,801,801,801,801,801,801,801,801,801,22042,22042,22042,22042,22042,22042,22042,22042,22042,22042,22042,22042,22042,22042,22042,22042,22042,22042,22042,22042,22042,22042,22042,22042,22042,22042,22042,22042,22042,22042,22042,22032,22032,22032,22032,22032,22032,22032,22032,22032
22032,22032,22032,22032,22032,22032,22032,22032,22032,22032,22032,22032,22032,22032,22032,101,101,101,101,101,101,101,101,101,101,101,101,101,101,101,101,101,101,101,101,101,101,101,101,101,101,101,101,101,101,101,101,101,101,101,101,101,101,101,101,101,101,101,101,101,101,101,101,101,101,302,302,302,302,302,302,302,302,302,302,302,302,302,302,302,302,302,302,302,302,302,302,302,302,302,302,302,302,302,302,302,302,302,302,302,302,302,302,302,302,302,302,302,302,302,302,302,302,302,302,302,302,302,302,302,302,302,302,302,302,302,302,302,302,302,302,302,302,302,302,302,302,302,302,302,302,302,302,98043,98043,9804411,9804411,9804411,9804411,9804411,9804411,9804411,9804411,9804411,9804411,9804411,9804411,9804411,9804411,9804411,9804411,9804411,9804411,9804411,9804411,9804411,9804411,9804411,9804411,9804411,9804411,9804411,9804411,9804411,9804411,9804411,9804411,9804411,9804411,9804411,9804411,9804411,9804411,9804411,9804411,9804411,9804411,9804411,9804411,9804411,9804411,9804411,9804411,9804411,9804411,9804411,9804411,9804411,9804411,9804411,9804411,9804411,9804411,9804411,9804411,9804411,9804411,501,501,501,501,501,501,501,501,501,501,501,501,501,501,501,501,501,501,501,501,501,501,501,501,501,501,501,501,501,501,501,501,501,501,501,501,501,501,501,501,501,501,501,501,501,501,501,501,501,501,501,501,501,501,501,501,501,501,501,501,501,501,501,501,501,501,501,501,501,501,501,501,501,501,501,501,501,501,501,501,501,501,501,501,501,501,501,501,501,501,501,801,801,801,801,801,801,801,801,801,801,801,801,801,801,801,801,801,801,801,801,801,801,801,22042,22042,22042,22042,22042,22042,22042,22042,22042,22042,22042,22042,22042,22042,22042,22042,22042,22042,22042,22042,22042,22042,22042,22042,22042,22042,22042,22042,22042,22032,22032,22032,22032,22032,22032,22032,22032,22032,22032
22032,22032,22032,22032,22032,22032,22032,22032,22032,22032,22032,22032,22032,101,101,101,101,101,101,101,101,101,101,101,101,101,101,101,101,101,101,101,101,101,101,101,101,101,101,101,101,101,101,101,101,101,101,101,101,101,101,101,101,101,101,101,101,101,101,101,101,101,101,101,101,302,302,302,302,302,302,302,302,302,302,302,302,302,302,302,302,302,302,302,302,302,302,302,302,302,302,302,302,302,302,302,302,302,302,302,302,302,302,302,302,302,302,302,302,302,302,302,302,302,302,302,302,302,302,302,302,302,302,302,302,302,302,302,302,302,302,302,302,302,302,302,302,302,302,302,302,302,98043,98043,98043,9804411,9804411,9804411,9804411,9804411,9804411,9804411,9804411,9804411,9804411,9804411,9804411,9804411,9804411,9804411,9804411,9804411,9804411,9804411,9804411,9804411,9804411,9804411,9804411,9804411,9804411,9804411,9804411,9804411,9804411,9804411,9804411,9804411,9804411,9804411,9804411,9804411,9804411,9804411,9804411,9804411,9804411,9804411,9804411,9804411,9804411,9804411,9804411,9804411,9804411,9804411,9804411,9804411,9804411,9804411,9804411,9804411,9804411,9804411,9804411,9804411,9804411,9804411,501,501,501,501,501,501,501,501,501,501,501,501,501,501,501,501,501,501,501,501,501,501,501,501,501,501,501,501,501,501,501,501,501,501,501,501,501,501,501,501,501,501,501,501,501,501,501,501,501,501,501,501,501,501,501,501,501,501,501,501,501,501,501,501,501,501,501,501,501,501,501,501,501,501,501,501,501,501,501,501,501,501,501,501,501,501,501,501,501,801,801,801,801,801,801,801,801,801,801,801,801,801,801,801,801,801,801,801,801,801,801,801,801,22042,22042,22042,22042,22042,22042,22042,22042,22042,22042,22042,22042,22042,22042,22042,22042,22042,22042,22042,22042,22042,22032,22032,22032,22032,22032,22032,22032,22032,22032,22032,22032,22032,22032,22032,22032,22032,22032,22032
22032,22032,22032,22032,22032,22032,22032,22032,22032,22032,22032,101,101,101,101,101,101,101,101,101,101,101,101,101,101,101,101,101,101,101,101,101,101,101,101,101,101,101,101,101,101,101,101,101,101,101,101,101,101,101,101,101,101,101,101,101,101,101,101,101,101,101,101,101,101,101,302,302,302,302,302,302,302,302,302,302,302,302,302,302,302,302,302,302,302,302,302,302,302,302,302,302,302,302,302,302,302,302,302,302,302,302,302,302,302,302,302,302,302,302,302,302,302,302,302,302,302,302,302,302,302,302,302,302,302,302,302,302,302,302,302,302,302,302,302,302,302,302,302,302,302,98043,98043,98043,98043,9804411,9804411,9804411,9804411,9804411,9804411,9804411,9804411,9804411,9804411,9804411,9804411,9804411,9804411,9804411,9804411,9804411,9804411,9804411,9804411,9804411,9804411,9804411,9804411,9804411,9804411,9804411,9804411,9804411,9804411,9804411,9804411,9804411,9804411,9804411,9804411,9804411,9804411,9804411,9804411,9804411,9804411,9804411,9804411,9804411,9804411,9804411,9804411,9804411,9804411,9804411,9804411,9804411,9804411,9804411,9804411,9804411,9804411,9804411,9804411,9804411,9804411,9804411,501,501,501,501,501,501,501,501,501,501,501,501,501,501,501,501,501,501,501,501,501,501,501,501,501,501,501,501,501,501,501,501,501,501,501,501,501,501,501,501,501,501,501,501,501,501,501,501,501,501,501,501,501,501,501,501,501,501,501,501,501,501,501,501,501,501,501,501,501,501,501,501,501,501,501,501,501,501,501,501,501,501,501,501,501,501,501,501,501,801,801,801,801,801,801,801,801,801,801,801,801,801,801,801,801,801,801,801,801,801,801,801,801,801,22042,22042,22042,22042,22042,22042,22042,22042,22042,22042,22042,22042,22042,22042,22042,22042,22042,22042,22042,22042,22042,22032,22032,22032,22032,22032,22032,22032,22032,22032,22032,22032,22032,22032,22032,22032,22032,22032
22032,22032,22032,22032,22032,22032,22032,101,101,101,101,101,101,101,101,101,101,101,101,101,101,101,101,101,101,101,101,101,101,101,101,101,101,101,101,101,101,101,101,101,101,101,101,101,101,101,101,101,101,101,101,101,101,101,101,101,101,101,101,101,101,101,101,101,101,302,302,302,302,302,302,302,302,302,302,302,302,302,302,302,302,302,302,302,302,302,302,302,302,302,302,302,302,302,302,302,302,302,302,302,302,302,302,302,302,302,302,302,302,302,302,302,302,302,302,302,302,302,302,302,302,302,302,302,302,302,302,302,302,302,302,302,302,302,302,302,302,302,302,302,98043,98043,98043,98043,98043,9804411,9804411,9804411,9804411,9804411,9804411,9804411,9804411,9804411,9804411,9804411,9804411,9804411,9804411,9804411,9804411,9804411,9804411,9804411,9804411,9804411,9804411,9804411,9804411,9804411,9804411,9804411,9804411,9804411,9804411,9804411,9804411,9804411,9804411,9804411,9804411,9804411,9804411,9804411,9804411,9804411,9804411,9804411,9804411,9804411,9804411,9804411,9804411,9804411,9804411,9804411,9804411,9804411,9804411,9804411,9804411,9804411,9804411,9804411,9804411,9804411,9804411,9804411,9804411,501,501,501,501,501,501,501,501,501,501,501,501,501,501,501,501,501,501,501,501,501,501,501,501,501,501,501,501,501,501,501,501,501,501,501,501,501,501,501,501,501,501,501,501,501,501,501,501,501,501,501,501,501,501,501,501,501,501,501,501,501,501,501,501,501,501,501,501,501,501,501,501,501,501,501,501,501,501,501,501,501,501,501,501,501,501,501,801,801,801,801,801,801,801,801,801,801,801,801,801,801,801,801,801,801,801,801,801,801,801,801,801,801,801,22042,22042,22042,22042,22042,22042,22042,22042,22042,22042,22042,22042,22042,22042,22042,22042,22042,22042,22042,22042,22032,22032,22032,22032,22032,22032,22032,22032,22032,22032,22032,22032,22032,22032,22032,22032,22032
22032,22032,22032,22032,22032,22032,101,101,101,101,101,101,101,101,101,101,101,101,101,101,101,101,101,101,101,101,101,101,101,101,101,101,101,101,101,101,101,101,101,101,101,101,101,101,101,101,101,101,101,101,101,101,101,101,101,101,101,101,101,101,101,101,101,302,302,302,302,302,302,302,302,302,302,302,302,302,302,302,302,302,302,302,302,302,302,302,302,302,302,302,302,302,302,302,302,302,302,302,302,302,302,302,302,302,302,302,302,302,302,302,302,302,302,302,302,302,302,302,302,302,302,302,302,302,302,302,302,302,302,302,302,302,302,302,302,302,302,302,302,98043,98043,98043,98043,98043,98043,9804411,9804411,9804411,9804411,9804411,9804411,9804411,9804411,9804411,9804411,9804411,9804411,9804411,9804411,9804411,9804411,9804411,9804411,9804411,9804411,9804411,9804411,9804411,9804411,9804411,9804411,9804411,9804411,9804411,9804411,9804411,9804411,9804411,9804411,9804411,9804411,9804411,9804411,9804411,9804411,9804411,9804411,9804411,9804411,9804411,9804411,9804411,9804411,9804411,9804411,9804411,9804411,9804411,9804411,9804411,9804411,9804411,9804411,9804411,9804411,9804411,9804411,9804411,9804411,9804411,501,501,501,501,501,501,501,501,501,501,501,501,501,501,501,501,501,501,501,501,501,501,501,501,501,501,501,501,501,501,501,501,501,501,501,501,501,501,501,501,501,501,501,501,501,501,501,501,501,501,501,501,501,501,501,501,501,501,501,501,501,501,501,501,501,501,501,501,501,501,501,501,501,501,501,501,501,501,501,501,501,501,501,501,501,501,801,801,801,801,801,801,801,801,801,801,801,801,801,801,801,801,801,801,801,801,801,801,801,801,801,801,801,22042,22042,22042,22042,22042,22042,22042,22042,22042,22042,22042,22042,22042,22042,22042,22042,22042,22042,22042,98044,22032,22032,22032,22032,22032,22032,22032,22032,22032,22032,22032,22032,22032,22032,22032,22032,22032
101,22032,22032,101,101,101,101,101,101,101,101,101,101,101,101,101,101,101,101,101,101,101,101,101,101,101,101,101,101,101,101,101,101,101,101,101,101,101,101,101,101,101,101,101,101,101,101,101,101,101,101,101,101,101,101,101,101,101,101,101,101,101,101,302,302,302,302,302,302,302,302,302,302,302,302,302,302,302,302,302,302,302,302,302,302,302,302,302,302,302,302,302,302,302,302,302,302,302,302,302,302,302,302,302,302,302,302,302,302,302,302,302,302,302,302,302,302,302,302,302,302,302,302,302,302,302,302,302,302,302,302,302,302,302,302,302,302,302,98043,98043,98043,98043,98043,98043,98043,98043,9804411,9804411,9804411,9804411,9804411,9804411,9804411,9804411,9804411,9804411,9804411,9804411,9804411,9804411,9804411,9804411,9804411,9804411,9804411,9804411,9804411,9804411,9804411,9804411,9804411,9804411,9804411,9804411,9804411,9804411,9804411,9804411,9804411,9804411,9804411,9804411,9804411,9804411,9804411,9804411,9804411,9804411,9804411,9804411,9804411,9804411,9804411,9804411,9804411,9804411,9804411,9804411,9804411,9804411,9804411,9804411,9804411,9804411,9804411,9804411,9804411,9804411,9804411,9804411,9804411,501,501,501,501,501,501,501,501,501,501,501,501,501,501,501,501,501,501,501,501,501,501,501,501,501,501,501,501,501,501,501,501,501,501,501,501,501,501,501,501,501,501,501,501,501,501,501,501,501,501,501,501,501,501,501,501,501,501,501,501,501,501,501,501,501,501,501,501,501,501,501,501,501,501,501,501,501,501,501,501,501,501,501,501,801,801,801,801,801,801,801,801,801,801,801,801,801,801,801,801,801,801,801,801,801,801,801,801,801,801,801,801,801,22042,22042,22042,22042,22042,22042,22042,22042,22042,22042,22042,22042,22042,22042,22042,98044,98044,98044,98044,98044,22032,22032,22032,22032,22032,22032,22032,22032,22032,22032,22032,22032,22032,22032,22032,101
101,101,101,101,101,101,101,101,101,101,101,101,101,101,101,101,101,101,101,101,101,101,101,101,101,101,101,101,101,101,101,101,101,101,101,101,101,101,101,101,101,101,101,101,101,101,101,101,101,101,101,101,101,101,101,101,101,101,101,101,101,101,101,302,302,302,302,302,302,302,302,302,302,302,302,302,302,302,302,302,302,302,302,302,302,302,302,302,302,302,302,302,302,302,302,302,302,302,302,302,302,302,302,302,302,302,302,302,302,302,302,302,302,302,302,302,302,302,302,302,302,302,302,302,302,302,302,302,302,302,302,302,302,302,302,302,302,98043,98043,98043,98043,98043,98043,98043,98043,98043,9804411,9804411,9804411,9804411,9804411,9804411,9804411,9804411,9804411,9804411,9804411,9804411,9804411,9804411,9804411,9804411,9804411,9804411,9804411,9804411,9804411,9804411,9804411,9804411,9804411,9804411,9804411,9804411,9804411,9804411,9804411,9804411,9804411,9804411,9804411,9804411,9804411,9804411,9804411,9804411,9804411,9804411,9804411,9804411,9804411,9804411,9804411,9804411,9804411,9804411,9804411,9804411,9804411,9804411,9804411,9804411,9804411,9804411,9804411,9804411,9804411,9804411,9804411,9804411,9804411,9804411,501,501,501,501,501,501,501,501,501,501,501,501,501,501,501,501,501,501,501,501,501,501,501,501,501,501,501,501,501,501,501,501,501,501,501,501,501,501,501,501,501,501,501,501,501,501,501,501,501,501,501,501,501,501,501,501,501,501,501,501,501,501,501,501,501,501,501,501,501,501,501,501,501,501,501,501,501,501,501,501,501,501,501,801,801,801,801,801,801,801,801,801,801,801,801,801,801,801,801,801,801,801,801,801,801,801,801,801,801,801,801,801,801,22042,22042,22042,22042,22042,22042,22042,22042,22042,22042,22042,22042,98044,98044,98044,98044,98044,98044,98044,22032,22032,22032,22032,22032,22032,22032,22032,22032,22032,22032,101,101,101,101,101
101,101,101,101,101,101,101,101,101,101,101,101,101,101,101,101,101,101,101,101,101,101,101,101,101,101,101,101,101,101,101,101,101,101,101,101,101,101,101,101,101,101,101,101,101,101,101,101,101,101,101,101,101,101,101,101,101,101,101,101,101,101,101,101,302,302,302,302,302,302,302,302,302,302,302,302,302,302,302,302,302,302,302,302,302,302,302,302,302,302,302,302,302,302,302,302,302,302,302,302,302,302,302,302,302,302,302,302,302,302,302,302,302,302,302,302,302,302,302,302,302,302,302,302,302,302,302,302,302,302,302,302,302,302,302,302,98043,98043,98043,98043,98043,98043,98043,98043,98043,98043,9804411,9804411,9804411,9804411,9804411,9804411,9804411,9804411,9804411,9804411,9804411,9804411,9804411,9804411,9804411,9804411,9804411,9804411,9804411,9804411,9804411,9804411,9804411,9804411,9804411,9804411,9804411,9804411,9804411,9804411,9804411,9804411,9804411,9804411,9804411,9804411,9804411,9804411,9804411,9804411,9804411,9804411,9804411,9804411,9804411,9804411,9804411,9804411,9804411,9804411,9804411,9804411,9804411,9804411,9804411,9804411,9804411,9804411,9804411,9804411,9804411,9804411,9804411,9804411,9804411,9804411,9804411,501,501,501,501,501,501,501,501,501,501,501,501,501,501,501,501,501,501,501,501,501,501,501,501,501,501,501,501,501,501,501,501,501,501,501,501,501,501,501,501,501,501,501,501,501,501,501,501,501,501,501,501,501,501,501,501,501,501,606,501,501,501,501,501,501,501,501,501,501,501,501,501,501,501,501,501,501,501,801,801,801,801,801,801,801,801,801,801,801,801,801,801,801,801,801,801,801,801,801,801,801,801,801,801,801,801,801,801,801,801,801,801,22042,22042,22042,22042,22042,22042,22042,22042,22042,98044,98044,98044,98044,98044,98044,98044,98044,98044,98044,98044,22032,22032,22032,22032,22032,22032,22032,22032,22032,101,101,101,101,101,101
101,101,101,101,101,101,101,101,101,101,101,101,101,101,101,101,101,101,101,101,101,101,101,101,101,101,101,101,101,101,101,101,101,101,101,101,101,101,101,101,101,101,101,101,101,101,101,101,101,101,101,101,101,101,101,101,101,101,101,101,101,101,101,101,302,302,302,302,302,302,302,302,302,302,302,302,302,302,302,302,302,302,302,302,302,302,302,302,302,302,302,302,302,302,302,302,302,302,302,302,302,302,302,302,302,302,302,302,302,302,302,302,302,302,302,302,302,302,302,302,302,302,302,302,302,302,302,302,302,302,302,302,302,302,302,98043,98043,98043,98043,98043,98043,98043,98043,98043,98043,98043,9804411,9804411,9804411,9804411,9804411,9804411,9804411,9804411,9804411,9804411,9804411,9804411,9804411,9804411,9804411,9804411,9804411,9804411,9804411,9804411,9804411,9804411,9804411,9804411,9804411,9804411,9804411,9804411,9804411,9804411,9804411,9804411,9804411,9804411,9804411,9804411,9804411,9804411,9804411,9804411,9804411,9804411,9804411,9804411,9804411,9804411,9804411,9804411,9804411,9804411,9804411,9804411,9804411,9804411,9804411,9804411,9804411,9804411,9804411,9804411,9804411,9804411,9804411,9804411,9804411,9804411,9804411,9804411,501,501,501,501,501,501,501,501,501,501,501,501,501,501,501,501,501,501,501,501,501,501,501,501,501,501,501,501,501,501,501,501,501,501,501,501,501,501,501,501,501,501,501,501,501,501,501,501,501,501,501,501,501,501,501,501,606,606,606,501,501,501,501,501,501,501,501,501,501,501,501,501,501,501,801,801,801,801,801,801,801,801,801,801,801,801,801,801,801,801,801,801,801,801,801,801,801,801,801,801,801,801,801,801,801,801,801,801,801,801,801,801,22042,22042,22042,22042,22042,22042,22042,22042,98044,98044,98044,98044,98044,98044,98044,98044,98044,98044,22032,22032,22032,22032,22032,22032,22032,101,101,101,101,101,101,101,101,101
101,101,101,101,101,101,101,101,101,101,101,101,101,101,101,101,101,101,101,101,101,101,101,101,101,101,101,101,101,101,101,101,101,101,101,101,101,101,101,101,101,101,101,101,101,101,101,101,101,101,101,101,101,101,101,101,101,101,101,101,101,101,101,101,101,302,302,302,302,302,302,302,302,302,302,302,302,302,302,302,302,302,302,302,302,302,302,302,302,302,302,302,302,302,302,302,302,302,302,302,302,302,302,302,302,302,302,302,302,302,302,302,302,302,302,302,302,302,302,302,302,302,302,302,302,302,302,302,302,302,302,302,302,302,98043,98043,98043,98043,98043,98043,98043,98043,98043,98043,98043,98043,9804411,9804411,9804411,9804411,9804411,9804411,9804411,9804411,9804411,9804411,9804411,9804411,9804411,9804411,9804411,9804411,9804411,9804411,9804411,9804411,9804411,9804411,9804411,9804411,9804411,9804411,9804411,9804411,9804411,9804411,9804411,9804411,9804411,9804411,9804411,9804411,9804411,9804411,9804411,9804411,9804411,9804411,9804411,9804411,9804411,9804411,9804411,9804411,9804411,9804411,9804411,9804411,9804411,9804411,9804411,9804411,9804411,9804411,9804411,9804411,9804411,9804411,9804411,9804411,9804411,9804411,9804411,9804411,9804411,501,501,501,501,501,501,501,501,501,501,501,501,501,501,501,501,501,501,501,501,501,501,501,501,501,501,501,501,501,501,501,501,501,501,501,501,501,501,501,501,501,501,501,501,501,501,501,501,501,501,501,501,501,501,501,606,606,606,606,501,501,501,501,501,501,501,501,501,501,501,501,801,801,801,801,801,801,801,801,801,801,801,801,801,801,801,801,801,801,801,801,801,801,801,801,801,801,801,801,801,801,801,801,801,801,801,801,801,801,801,801,801,22042,22042,22042,22042,22042,22042,98044,98044,98044,98044,98044,98044,98044,98044,98044,98044,98044,22032,22032,22032,98044,101,101,101,101,101,101,101,101,101,101,101,101
101,101,101,101,101,101,101,101,101,101,101,101,101,101,101,101,101,101,101,101,101,101,101,101,101,101,101,101,101,101,101,101,101,101,101,101,101,101,101,101,101,101,101,101,101,101,101,101,101,101,101,101,101,101,101,101,101,101,101,101,101,101,101,101,302,302,302,302,302,302,302,302,302,302,302,302,302,302,302,302,302,302,302,302,302,302,302,302,302,302,302,302,302,302,302,302,302,302,302,302,302,302,302,302,302,302,302,302,302,302,302,302,302,302,302,302,302,302,302,302,302,302,302,302,302,302,302,302,302,302,302,302,302,98043,98043,98043,98043,98043,98043,98043,98043,98043,98043,98043,98043,98043,98043,9804411,9804411,9804411,9804411,9804411,9804411,9804411,9804411,9804411,9804411,9804411,9804411,9804411,9804411,9804411,9804411,9804411,9804411,9804411,9804411,9804411,9804411,9804411,9804411,9804411,9804411,9804411,9804411,9804411,9804411,9804411,9804411,9804411,9804411,9804411,9804411,9804411,9804411,9804411,9804411,9804411,9804411,9804411,9804411,9804411,9804411,9804411,9804411,9804411,9804411,9804411,9804411,9804411,9804411,9804411,9804411,9804411,9804411,9804411,9804411,9804411,9804411,9804411,9804411,9804411,9804411,9804411,9804411,9804411,501,501,501,501,501,501,501,501,501,501,501,501,501,501,501,501,501,501,501,501,501,501,501,501,501,501,501,501,501,501,501,501,501,501,501,501,501,501,501,501,501,501,501,501,501,501,501,501,501,501,501,501,501,501,606,606,606,606,606,501,501,501,501,501,501,501,501,801,801,801,801,801,801,801,801,801,801,801,801,801,801,801,801,801,801,801,801,801,801,801,801,801,801,801,801,801,801,801,801,801,801,801,801,801,801,801,801,801,801,801,801,22042,22042,22042,22042,98044,98044,98044,98044,98044,98044,98044,98044,98044,98044,98044,98044,98044,22032,22032,98044,98044,101,101,101,101,101,101,101,101,101,101,101,101
101,101,101,101,101,101,101,101,101,101,101,101,101,101,101,101,101,101,101,101,101,101,101,101,101,101,101,101,101,101,101,101,101,101,101,101,101,101,101,101,101,101,101,101,101,101,101,101,101,101,101,101,101,101,101,101,101,101,101,101,101,101,101,401,401,401,401,302,302,302,302,302,302,302,302,302,302,302,302,302,302,302,302,302,302,302,302,302,302,302,302,302,302,302,302,302,302,302,302,302,302,302,302,302,302,302,302,302,302,302,302,302,302,302,302,302,302,302,302,302,302,302,302,302,302,302,302,302,302,302,302,302,98043,98043,98043,98043,98043,98043,98043,98043,98043,98043,98043,98043,98043,98043,98043,9804411,9804411,9804411,9804411,9804411,9804411,9804411,9804411,9804411,9804411,9804411,9804411,9804411,9804411,9804411,9804411,9804411,9804411,9804411,9804411,9804411,9804411,9804411,9804411,9804411,9804411,9804411,9804411,9804411,9804411,9804411,9804411,9804411,9804411,9804411,9804411,9804411,9804411,9804411,9804411,9804411,9804411,9804411,9804411,9804411,9804411,9804411,9804411,9804411,9804411,9804411,9804411,9804411,9804411,9804411,9804411,9804411,9804411,9804411,9804411,9804411,9804411,9804411,9804411,9804411,9804411,9804411,9804411,9804411,9804411,501,501,501,501,501,501,501,501,501,501,501,501,501,501,501,501,501,501,501,501,501,501,501,501,501,501,501,501,501,501,501,501,501,501,501,501,501,501,501,501,501,501,501,501,501,501,501,501,501,501,501,501,606,606,606,606,606,606,501,501,501,501,501,501,801,801,801,801,801,801,801,801,801,801,801,801,801,801,801,801,801,801,801,801,801,801,801,801,801,801,801,801,801,801,801,801,801,801,801,801,801,801,801,801,801,801,801,801,801,801,801,22042,8013,98044,98044,98044,98044,98044,98044,98044,98044,98044,98044,98044,98044,98044,98044,22032,22032,98044,98044,101,101,101,101,101,101,101,101,101,101,101,101
101,101,101,101,101,101,101,101,101,101,101,101,101,101,101,101,101,101,101,101,101,101,101,101,101,101,101,101,101,101,101,101,101,101,101,101,101,101,101,101,101,101,101,101,101,101,101,101,101,101,101,101,101,101,101,101,101,101,101,101,101,101,101,101,401,401,401,302,302,302,302,302,302,302,302,302,302,302,302,302,302,302,302,302,302,302,302,302,302,302,302,302,302,302,302,302,302,302,302,302,302,302,302,302,302,302,302,302,302,302,302,302,302,302,302,302,302,302,302,302,302,302,302,302,302,302,302,302,302,302,302,98043,98043,98043,98043,98043,98043,98043,98043,98043,98043,98043,98043,98043,98043,98043,98043,9804411,9804411,9804411,9804411,9804411,9804411,9804411,9804411,9804411,9804411,9804411,9804411,9804411,9804411,9804411,9804411,9804411,9804411,9804411,9804411,9804411,9804411,9804411,9804411,9804411,9804411,9804411,9804411,9804411,9804411,9804411,9804411,9804411,9804411,9804411,9804411,9804411,9804411,9804411,9804411,9804411,9804411,9804411,9804411,9804411,9804411,9804411,9804411,9804411,9804411,9804411,9804411,9804411,9804411,9804411,9804411,9804411,9804411,9804411,9804411,9804411,9804411,9804411,9804411,9804411,9804411,9804411,9804411,9804411,9804411,9804411,501,501,501,501,501,501,501,501,501,501,501,501,501,501,501,501,501,501,501,501,501,501,501,501,501,501,501,501,501,501,501,501,501,501,501,501,501,501,501,501,501,501,501,501,501,501,501,501,501,501,501,606,606,606,606,606,606,606,501,501,501,801,801,801,801,801,801,801,801,801,801,801,801,801,801,801,801,801,801,801,801,801,801,801,801,801,801,801,801,801,801,801,801,801,801,801,801,801,801,801,801,801,801,801,801,801,801,801,801,801,22042,8013,98044,98044,98044,98044,98044,98044,98044,98044,98044,98044,98044,98044,98044,98044,22032,22032,98044,98044,101,101,101,101,101,101,101,101,101,101,101,101
101,101,101,101,101,101,101,101,101,101,101,101,101,101,101,101,101,101,101,101,101,101,101,101,101,101,101,101,101,101,101,101,101,101,101,101,101,101,101,101,101,101,101,101,101,101,101,101,101,101,101,101,101,101,101,101,101,101,101,101,101,101,101,101,101,401,401,302,302,302,302,302,302,302,302,302,302,302,302,302,302,302,302,302,302,302,302,302,302,302,302,302,302,302,302,302,302,302,302,302,302,302,302,302,302,302,302,302,302,302,302,302,302,302,302,302,302,302,302,302,302,302,302,302,302,302,302,302,302,302,98043,98043,98043,98043,98043,98043,98043,98043,98043,98043,98043,98043,98043,98043,98043,98043,98043,9804411,9804411,9804411,9804411,9804411,9804411,9804411,9804411,9804411,9804411,9804411,9804411,9804411,9804411,9804411,9804411,9804411,9804411,9804411,9804411,9804411,9804411,9804411,9804411,9804411,9804411,9804411,9804411,9804411,9804411,9804411,9804411,9804411,9804411,9804411,9804411,9804411,9804411,9804411,9804411,9804411,9804411,9804411,9804411,9804411,9804411,9804411,9804411,9804411,9804411,9804411,9804411,9804411,9804411,9804411,9804411,9804411,9804411,9804411,9804411,9804411,9804411,9804411,9804411,9804411,9804411,9804411,9804411,9804411,9804411,9804411,9804411,9804411,501,501,501,501,501,501,501,501,501,501,501,501,501,501,501,501,501,501,501,501,501,501,501,501,501,501,501,501,501,501,501,501,501,501,501,501,501,501,501,501,501,501,501,501,501,501,501,501,501,606,606,606,606,606,606,606,606,801,801,801,801,801,801,801,801,801,801,801,801,801,801,801,801,801,801,801,801,801,801,801,801,801,801,801,801,801,801,801,801,801,801,801,801,801,801,801,801,801,801,801,801,801,801,801,801,801,801,801,8013,8013,8013,98044,98044,98044,98044,98044,98044,98044,98044,98044,98044,98044,98044,98044,98044,98044,98044,98044,98044,101,101,101,101,101,101,101,101,101,101,101
101,101,101,101,101,101,101,101,101,101,101,101,101,101,101,101,101,101,101,101,101,101,101,101,101,101,101,101,101,101,101,101,101,101,101,101,101,101,101,101,101,101,101,101,101,101,101,101,101,101,101,101,101,101,101,101,101,101,101,101,101,101,101,101,401,401,401,401,401,401,401,302,302,302,302,302,302,302,302,302,302,302,302,302,302,302,302,302,302,302,302,302,302,302,302,302,302,302,302,302,302,302,302,302,302,302,302,302,302,302,302,302,302,302,302,302,302,302,302,302,302,302,302,302,302,302,302,302,302,98043,98043,98043,98043,98043,98043,98043,98043,98043,98043,98043,98043,98043,98043,98043,98043,98043,98043,9804411,9804411,9804411,9804411,9804411,9804411,9804411,9804411,9804411,9804411,9804411,9804411,9804411,9804411,9804411,9804411,9804411,9804411,9804411,9804411,9804411,9804411,9804411,9804411,9804411,9804411,9804411,9804411,9804411,9804411,9804411,9804411,9804411,9804411,9804411,9804411,9804411,9804411,9804411,9804411,9804411,9804411,9804411,9804411,9804411,9804411,9804411,9804411,9804411,9804411,9804411,9804411,9804411,9804411,9804411,9804411,9804411,9804411,9804411,9804411,9804411,9804411,9804411,9804411,9804411,9804411,9804411,9804411,9804411,9804411,9804411,9804411,9804411,9804411,501,501,501,501,501,501,501,501,501,501,501,501,501,501,501,501,501,501,501,501,501,501,501,501,501,501,501,501,501,501,501,501,501,501,501,501,501,501,501,501,501,501,501,501,501,501,501,501,606,606,606,606,606,606,606,801,801,801,801,801,801,801,801,801,801,801,801,801,801,801,801,801,801,801,801,801,801,801,801,801,801,801,801,801,801,801,801,801,801,801,801,801,801,801,801,801,801,801,801,801,801,801,801,801,8013,8013,8013,8013,8013,8013,98044,98044,98044,98044,98044,98044,98044,98044,98044,98044,98044,98044,98044,98044,98044,98044,98044,98044,101,101,101,101,101,101,101,101,101,101,101
101,101,101,101,101,101,101,101,101,101,101,101,101,101,101,101,101,101,101,101,101,101,101,101,101,101,101,101,101,101,101,101,101,101,101,101,101,101,101,101,101,101,101,101,101,101,101,101,101,101,101,101,101,101,101,101,101,101,101,101,101,101,101,401,401,401,401,401,401,401,401,401,401,401,401,401,401,401,401,401,302,302,302,302,302,302,302,302,302,302,302,302,302,302,302,302,302,302,302,302,302,302,302,302,302,302,302,302,302,302,302,302,302,302,302,302,302,302,302,302,302,302,302,302,302,302,302,98043,98043,98043,98043,98043,98043,98043,98043,98043,98043,98043,98043,98043,98043,98043,98043,98043,98043,98043,98043,9804411,9804411,9804411,9804411,9804411,9804411,9804411,9804411,9804411,9804411,9804411,9804411,9804411,9804411,9804411,9804411,9804411,9804411,9804411,9804411,9804411,9804411,9804411,9804411,9804411,9804411,9804411,9804411,9804411,9804411,9804411,9804411,9804411,9804411,9804411,9804411,9804411,9804411,9804411,9804411,9804411,9804411,9804411,9804411,9804411,9804411,9804411,9804411,9804411,9804411,9804411,9804411,9804411,9804411,9804411,9804411,9804411,9804411,9804411,9804411,9804411,9804411,9804411,9804411,9804411,9804411,9804411,9804411,9804411,9804411,9804411,9804411,9804411,9804411,9804411,501,501,501,501,501,501,501,501,501,501,501,501,501,501,501,501,501,501,501,501,501,501,501,501,501,501,501,501,501,501,501,501,501,501,501,501,501,501,501,501,501,501,501,501,501,501,606,606,606,606,606,606,606,8011,801,801,801,801,801,801,801,801,801,801,801,801,801,801,801,801,801,801,801,801,801,801,801,801,801,801,801,801,801,801,801,801,801,801,801,801,801,801,801,801,801,801,801,801,801,801,801,8013,8013,8013,8013,8013,8013,8013,8013,8013,98044,98044,98044,98044,98044,98044,98044,98044,98044,98044,98044,98044,98044,98044,98044,98044,98044,101,101,101,101,101,101,101,101,101,101,101
101,101,101,101,101,101,101,101,101,101,101,101,101,101,101,101,101,101,101,101,101,101,101,101,101,101,101,101,101,101,101,101,101,101,101,101,101,101,101,101,101,101,101,101,101,101,101,101,101,101,101,101,101,101,101,101,101,101,101,101,101,101,101,401,401,401,401,401,401,401,401,401,401,401,401,401,401,401,401,401,302,302,302,302,302,302,302,302,302,302,302,302,302,302,302,302,302,302,302,302,302,302,302,302,302,302,302,302,302,302,302,302,302,302,302,302,302,302,302,302,302,302,302,302,302,302,98043,98043,98043,98043,98043,98043,98043,98043,98043,98043,98043,98043,98043,98043,98043,98043,98043,98043,98043,98043,98043,98043,9804411,9804411,9804411,9804411,9804411,9804411,9804411,9804411,9804411,9804411,9804411,9804411,9804411,9804411,9804411,9804411,9804411,9804411,9804411,9804411,9804411,9804411,9804411,9804411,9804411,9804411,9804411,9804411,9804411,9804411,9804411,9804411,9804411,9804411,9804411,9804411,9804411,9804411,9804411,9804411,9804411,9804411,9804411,9804411,9804411,9804411,9804411,9804411,9804411,9804411,9804411,9804411,9804411,9804411,9804411,9804411,9804411,9804411,9804411,9804411,9804411,9804411,9804411,9804411,9804411,9804411,9804411,9804411,9804411,9804411,9804411,9804411,9804411,9804411,501,501,501,501,501,501,501,501,501,501,501,501,501,501,501,501,501,501,501,501,501,501,501,501,501,501,501,501,501,501,501,501,501,501,501,501,501,501,501,501,501,501,501,501,501,501,606,606,606,606,606,606,8011,8011,801,801,801,801,801,801,801,801,801,801,801,801,801,801,801,801,801,801,801,801,801,801,801,801,801,801,801,801,801,801,801,801,801,801,801,801,801,801,801,801,801,801,801,801,801,8013,8013,8013,8013,8013,8013,8013,8013,8013,8013,8013,98044,98044,98044,98044,98044,98044,98044,98044,98044,98044,98044,98044,98044,98044,98044,98044,98044,101,101,101,101,101,101,101,101,101,101,101
101,101,101,101,101,101,101,101,101,101,101,101,101,101,101,101,101,101,101,101,101,101,101,101,101,101,101,101,101,101,101,101,101,101,101,101,101,101,101,101,101,101,101,101,101,101,101,101,101,101,101,101,101,101,101,101,101,101,101,101,101,101,401,401,401,401,401,401,401,401,401,401,401,401,401,401,401,401,401,401,401,302,302,302,302,302,302,302,302,302,302,302,302,302,302,302,302,302,302,302,302,302,302,302,302,302,302,302,302,302,302,302,302,302,302,302,302,302,302,302,302,302,302,302,302,98043,98043,98043,98043,98043,98043,98043,98043,98043,98043,98043,98043,98043,98043,98043,98043,98043,98043,98043,98043,98043,98043,98043,9804411,9804411,9804411,9804411,9804411,9804411,9804411,9804411,9804411,9804411,9804411,9804411,9804411,9804411,9804411,9804411,9804411,9804411,9804411,9804411,9804411,9804411,9804411,9804411,9804411,9804411,9804411,9804411,9804411,9804411,9804411,9804411,9804411,9804411,9804411,9804411,9804411,9804411,9804411,9804411,9804411,9804411,9804411,9804411,9804411,9804411,9804411,9804411,9804411,9804411,9804411,9804411,9804411,9804411,9804411,9804411,9804411,9804411,9804411,9804411,9804411,9804411,9804411,9804411,9804411,9804411,9804411,9804411,9804411,9804411,9804411,9804411,9804411,9804411,501,501,501,501,501,501,501,501,501,501,501,501,501,501,501,501,501,501,501,501,501,501,501,501,501,501,501,501,501,501,501,501,501,501,501,501,501,501,501,501,501,501,501,501,501,501,606,606,606,606,606,8011,8011,8011,801,801,801,801,801,801,801,801,801,801,801,801,801,801,801,801,801,801,801,801,801,801,801,801,801,801,801,801,801,801,801,801,801,801,801,801,801,801,801,801,801,801,801,801,801,8013,8013,8013,8013,8013,8013,8013,8013,8013,8013,98044,98044,98044,98044,98044,98044,98044,98044,98044,98044,98044,98044,98044,98044,98044,98044,98044,98044,101,101,101,101,101,101,101,101,101,101,101
101,101,101,101,101,101,101,101,101,101,101,101,101,101,101,101,101,101,101,101,101,101,101,101,101,101,101,101,101,101,101,101,101,101,101,101,101,101,101,101,101,101,101,101,101,101,101,101,101,101,101,101,101,101,101,101,101,101,101,101,101,401,401,401,401,401,401,401,401,401,401,401,401,401,401,401,401,98043,98043,98043,98043,302,302,302,302,302,302,302,302,302,302,302,302,302,302,302,302,302,302,302,302,302,302,302,302,302,302,302,302,302,302,302,302,302,302,302,302,302,302,302,302,302,302,302,98043,98043,98043,98043,98043,98043,98043,98043,98043,98043,98043,98043,98043,98043,98043,98043,98043,98043,98043,98043,98043,98043,98043,98043,9804411,9804411,9804411,9804411,9804411,9804411,9804411,9804411,9804411,9804411,9804411,9804411,9804411,9804411,9804411,9804411,9804411,9804411,9804411,9804411,9804411,9804411,9804411,9804411,9804411,9804411,9804411,9804411,9804411,9804411,9804411,9804411,9804411,9804411,9804411,9804411,9804411,9804411,9804411,9804411,9804411,9804411,9804411,9804411,9804411,9804411,9804411,9804411,9804411,9804411,9804411,9804411,9804411,9804411,9804411,9804411,9804411,9804411,9804411,9804411,9804411,9804411,9804411,9804411,9804411,9804411,9804411,9804411,9804411,9804411,9804411,9804411,9804411,9804411,501,501,501,501,501,501,501,501,501,501,501,501,501,501,501,501,501,501,501,501,501,501,501,501,501,501,501,501,501,501,501,501,501,501,501,501,501,501,501,501,501,501,501,501,501,501,606,606,606,606,606,8011,8011,8011,8011,801,801,801,801,801,801,801,801,801,801,801,801,801,801,801,801,801,801,801,801,801,801,801,801,801,801,801,801,801,801,801,801,801,801,801,801,801,801,801,801,801,801,801,801,8013,8013,8013,8013,8013,8013,8013,8013,8013,98044,98044,98044,98044,98044,98044,98044,98044,98044,98044,98044,98044,98044,98044,98044,98044,98044,98044,98044,101,101,101,101,101,101,101,101,101,101,101
101,101,101,101,101,101,101,101,101,101,101,101,101,101,101,101,101,101,101,101,101,101,101,101,101,101,101,101,101,101,101,101,101,101,101,101,101,101,101,101,101,101,101,101,101,101,101,101,101,101,101,101,101,101,101,101,101,101,101,101,401,401,401,401,401,401,401,401,401,401,401,401,401,401,401,98043,98043,98043,98043,98043,98043,302,302,302,302,302,302,302,302,302,302,302,302,302,302,302,302,302,302,302,302,302,302,302,302,302,302,302,302,302,302,302,302,302,302,302,302,302,302,302,302,302,302,98043,98043,98043,98043,98043,98043,98043,98043,98043,98043,98043,98043,98043,98043,98043,98043,98043,98043,98043,98043,98043,98043,98043,98043,98043,9804411,9804411,9804411,9804411,9804411,9804411,9804411,9804411,9804411,9804411,9804411,9804411,9804411,9804411,9804411,9804411,9804411,9804411,9804411,9804411,9804411,9804411,9804411,9804411,9804411,9804411,9804411,9804411,9804411,9804411,9804411,9804411,9804411,9804411,9804411,9804411,9804411,9804411,9804411,9804411,9804411,9804411,9804411,9804411,9804411,9804411,9804411,9804411,9804411,9804411,9804411,9804411,9804411,9804411,9804411,9804411,9804411,9804411,9804411,9804411,9804411,9804411,9804411,9804411,9804411,9804411,9804411,9804411,9804411,9804411,9804411,9804411,9804411,9804411,9804411,501,501,501,501,501,501,501,501,501,501,501,501,501,501,501,501,501,501,501,501,501,501,501,501,501,501,501,501,501,501,501,501,501,501,501,501,501,501,501,501,501,501,501,501,606,606,606,606,606,606,8011,8011,8011,8011,801,801,801,801,801,801,801,801,801,801,801,801,801,801,801,801,801,801,801,801,801,801,801,801,801,801,801,801,801,801,801,801,801,801,801,801,801,801,801,801,801,801,8013,8013,8013,8013,8013,8013,8013,8013,8013,8013,8013,98044,98044,98044,98044,98044,98044,98044,98044,98044,98044,98044,98044,98044,98044,98044,98044,98044,98044,98044,101,101,101,101,101,101,101,101,101,101,101
101,101,101,101,101,101,101,101,101,101,101,101,101,101,101,101,101,101,101,101,101,101,101,101,101,101,101,101,101,101,101,101,101,101,101,101,101,101,101,101,101,101,101,101,101,101,101,101,101,101,101,101,101,101,101,101,101,101,101,401,401,401,401,401,401,401,401,401,401,401,401,401,401,401,98043,98043,98043,98043,98043,98043,98043,302,302,302,98043,98043,98043,98043,98043,302,302,302,302,302,302,302,302,302,302,302,302,302,302,302,302,302,302,302,302,302,302,302,302,302,98043,302,302,302,302,302,302,302,98043,98043,98043,98043,98043,98043,98043,98043,98043,98043,98043,98043,98043,98043,98043,98043,98043,98043,98043,98043,98043,98043,98043,98043,98043,98043,98043,9804411,9804411,9804411,9804411,9804411,9804411,9804411,9804411,9804411,9804411,9804411,9804411,9804411,9804411,9804411,9804411,9804411,9804411,9804411,9804411,9804411,9804411,9804411,9804411,9804411,9804411,9804411,9804411,9804411,9804411,9804411,9804411,9804411,9804411,9804411,9804411,9804411,9804411,9804411,9804411,9804411,9804411,9804411,9804411,9804411,9804411,9804411,9804411,9804411,9804411,9804411,9804411,9804411,9804411,9804411,9804411,9804411,9804411,9804411,9804411,9804411,9804411,9804411,9804411,9804411,9804411,9804411,9804411,9804411,9804411,9804411,9804411,9804411,9804411,501,501,501,501,501,501,501,501,501,501,501,501,501,501,501,501,501,501,501,501,501,501,501,501,501,501,501,501,501,501,501,501,501,501,501,501,501,501,501,501,501,501,501,501,606,606,606,606,606,8011,8011,8011,8011,8011,801,801,801,801,801,801,801,801,801,801,801,801,801,801,801,801,801,801,801,801,801,801,801,801,801,801,801,801,801,801,801,801,801,801,801,801,801,801,801,801,8013,8013,8013,8013,8013,8013,8013,8013,8013,8013,8013,8013,98044,98044,98044,98044,98044,98044,98044,98044,98044,98044,98044,98044,98044,98044,98044,98044,98044,98044,98044,98044,101,101,101,101,101,101,101,101,101,101,101
101,101,101,101,101,101,101,101,101,101,101,101,101,101,101,101,101,101,101,101,101,101,101,101,101,101,101,101,101,101,101,101,101,101,101,101,101,101,101,101,101,101,101,101,101,101,101,101,101,101,101,101,101,101,101,101,101,101,101,401,401,401,401,401,401,401,401,401,401,401,401,401,401,98043,98043,98043,98043,98043,98043,98043,98043,98043,98043,98043,98043,98043,98043,98043,98043,302,302,302,302,302,302,302,302,302,302,302,302,302,302,302,302,302,302,302,302,302,302,302,302,98043,98043,98043,302,302,302,302,302,98043,98043,98043,98043,98043,98043,98043,98043,98043,98043,98043,98043,98043,98043,98043,98043,98043,98043,98043,98043,98043,98043,98043,98043,98043,98043,98043,98043,98043,9804411,9804411,9804411,9804411,9804411,9804411,9804411,9804411,9804411,9804411,9804411,9804411,9804411,9804411,9804411,9804411,9804411,9804411,9804411,9804411,9804411,9804411,9804411,9804411,9804411,9804411,9804411,9804411,9804411,9804411,9804411,9804411,9804411,9804411,9804411,9804411,9804411,9804411,9804411,9804411,9804411,9804411,9804411,9804411,9804411,9804411,9804411,9804411,9804411,9804411,9804411,9804411,9804411,9804411,9804411,9804411,9804411,9804411,9804411,9804411,9804411,9804411,9804411,9804411,9804411,9804411,9804411,9804411,9804411,9804411,9804411,9804411,9804411,501,501,501,501,501,501,501,501,501,501,501,501,501,501,501,501,501,501,501,501,501,501,501,501,501,501,501,501,501,501,501,501,501,501,501,501,501,501,501,501,501,501,501,501,606,606,606,606,606,8011,8011,8011,8011,8011,801,801,801,801,801,801,801,801,801,801,801,801,801,801,801,801,801,801,801,801,801,801,801,801,801,801,801,801,801,801,801,801,801,801,801,801,801,8013,8013,8013,8013,8013,8013,8013,8013,8013,8013,8013,8013,8013,8013,98044,98044,98044,98044,98044,98044,98044,98044,98044,98044,98044,98044,98044,98044,98044,98044,98044,98044,98044,98044,98044,101,101,101,101,101,101,101,101,101,101,101
101,101,101,101,101,101,101,101,101,101,101,101,101,101,101,101,101,101,101,101,101,101,101,101,101,101,101,101,101,101,101,101,101,101,101,101,101,101,101,101,101,101,101,101,101,101,101,101,101,101,101,101,101,101,101,101,101,101,401,401,401,401,401,401,401,401,401,401,401,401,401,401,401,401,401,401,401,401,401,401,401,98043,98043,98043,98043,98043,98043,98043,98043,98043,98043,98043,98043,302,302,302,302,302,302,302,302,302,302,302,302,302,302,302,302,302,302,302,98043,98043,98043,98043,302,302,302,302,98043,98043,98043,98043,98043,98043,98043,98043,98043,98043,98043,98043,98043,98043,98043,98043,98043,98043,98043,98043,98043,98043,98043,98043,98043,98043,98043,98043,98043,98043,9804411,9804411,9804411,9804411,9804411,9804411,9804411,9804411,9804411,9804411,9804411,9804411,9804411,9804411,9804411,9804411,9804411,9804411,9804411,9804411,9804411,9804411,9804411,9804411,9804411,9804411,9804411,9804411,9804411,9804411,9804411,9804411,9804411,9804411,9804411,9804411,9804411,9804411,9804411,9804411,9804411,9804411,9804411,9804411,9804411,9804411,9804411,9804411,9804411,9804411,9804411,9804411,9804411,9804411,9804411,9804411,9804411,9804411,9804411,9804411,9804411,9804411,9804411,9804411,9804411,9804411,9804411,9804411,9804411,9804411,9804411,9804411,9804411,9804411,501,501,501,501,501,501,501,501,501,501,501,501,501,501,501,501,501,501,501,501,501,501,501,501,501,501,501,501,501,501,501,501,501,501,501,501,501,501,501,501,501,501,501,606,606,606,606,8011,8011,8011,8011,8011,8011,801,801,801,801,801,801,801,801,801,801,801,801,801,801,801,801,801,801,801,801,801,801,801,801,801,801,801,801,801,801,801,801,801,801,801,801,801,8013,8013,8013,8013,8013,8013,8013,8013,8013,8013,8013,8013,8013,8013,98044,98044,98044,98044,98044,98044,98044,98044,98044,98044,98044,98044,98044,98044,98044,98044,98044,98044,98044,98044,98044,101,101,101,101,101,101,101,101,101,101,101
101,101,101,101,101,101,101,101,101,101,101,101,101,101,101,101,101,101,101,101,101,101,101,101,101,101,101,101,101,101,101,101,101,101,101,101,101,101,101,101,101,101,101,101,101,101,101,101,101,101,101,101,101,101,101,101,101,401,401,401,401,401,401,401,401,401,401,401,401,401,401,401,401,401,401,401,401,401,401,401,401,401,401,401,98043,98043,98043,98043,98043,98043,98043,98043,98043,98043,302,302,98043,302,302,302,302,302,302,302,302,302,302,302,302,302,302,98043,98043,98043,98043,98043,302,302,302,98043,98043,98043,98043,98043,98043,98043,98043,98043,98043,98043,98043,98043,98043,98043,98043,98043,98043,98043,98043,98043,98043,98043,98043,98043,98043,98043,98043,98043,98043,98043,9804411,9804411,9804411,9804411,9804411,9804411,9804411,9804411,9804411,9804411,9804411,9804411,9804411,9804411,9804411,9804411,9804411,9804411,9804411,9804411,9804411,9804411,9804411,9804411,9804411,9804411,9804411,9804411,9804411,9804411,9804411,9804411,9804411,9804411,9804411,9804411,9804411,9804411,9804411,9804411,9804411,9804411,9804411,9804411,9804411,9804411,9804411,9804411,9804411,9804411,9804411,9804411,9804411,9804411,9804411,9804411,9804411,9804411,9804411,9804411,9804411,9804411,9804411,9804411,9804411,9804411,9804411,9804411,9804411,9804411,9804411,9804411,9804411,9804411,501,501,501,501,501,501,501,501,501,501,501,501,501,501,501,501,501,501,501,501,501,501,501,501,501,501,501,501,501,501,501,501,501,501,501,501,501,501,501,501,501,501,501,606,606,606,606,8011,8011,8011,8011,8011,8011,8011,801,801,801,801,801,801,801,801,801,801,801,801,801,801,801,801,801,801,801,801,801,801,801,801,801,801,801,801,801,801,801,801,801,801,8013,8013,8013,8013,8013,8013,8013,8013,8013,8013,8013,8013,8013,8013,8013,98044,98044,98044,98044,98044,98044,98044,98044,98044,98044,98044,98044,98044,98044,98044,98044,98044,98044,98044,98044,98044,98044,101,101,101,101,101,101,101,101,101,101,101
101,101,101,101,101,101,101,101,101,101,101,101,101,101,101,101,101,101,101,101,101,101,101,101,101,101,101,101,101,101,101,101,101,101,101,101,101,101,101,101,101,101,101,101,101,101,101,101,101,101,101,101,101,101,101,101,101,401,401,401,401,401,401,401,401,401,401,401,401,401,401,401,401,401,401,401,401,401,401,401,401,401,401,401,401,401,98043,98043,98043,98043,98043,98043,98043,98043,98043,98043,98043,302,302,302,302,98043,98043,302,302,302,302,302,302,98043,98043,98043,98043,98043,98043,98043,98043,302,98043,98043,98043,98043,98043,98043,98043,98043,98043,98043,98043,98043,98043,98043,98043,98043,98043,98043,98043,98043,98043,98043,98043,98043,98043,98043,98043,98043,98043,98043,98043,98043,9804411,9804411,9804411,9804411,9804411,9804411,9804411,9804411,9804411,9804411,9804411,9804411,9804411,9804411,9804411,9804411,9804411,9804411,9804411,9804411,9804411,9804411,9804411,9804411,9804411,9804411,9804411,9804411,9804411,9804411,9804411,9804411,9804411,9804411,9804411,9804411,9804411,9804411,9804411,9804411,9804411,9804411,9804411,9804411,9804411,9804411,9804411,9804411,9804411,9804411,9804411,9804411,9804411,9804411,9804411,9804411,9804411,9804411,9804411,9804411,9804411,9804411,9804411,9804411,9804411,9804411,9804411,9804411,9804411,9804411,9804411,9804411,9804411,9804411,501,501,501,501,501,501,501,501,501,501,501,501,501,501,501,501,501,501,501,501,501,501,501,501,501,501,501,501,501,501,501,501,501,501,501,501,501,501,501,501,501,501,501,606,606,606,606,8011,8011,8011,8011,8011,8011,8011,8011,8011,8011,801,801,801,801,801,801,801,801,801,801,801,801,801,801,801,801,801,801,801,801,801,801,801,801,801,801,801,801,801,801,8013,8013,8013,8013,8013,8013,8013,8013,8013,8013,8013,8013,8013,8013,8013,8013,98044,98044,98044,98044,98044,98044,98044,98044,98044,98044,98044,98044,98044,98044,98044,98044,98044,98044,98044,98044,98044,98044,101,101,101,101,101,101,101,101,101,101,101
101,101,101,101,101,101,101,101,101,101,101,101,101,101,101,101,101,101,101,101,101,101,101,101,101,101,101,101,101,101,101,101,101,101,101,101,101,101,101,101,101,101,101,101,101,101,101,101,101,101,101,101,101,101,101,101,401,401,401,401,401,401,401,401,401,401,401,401,401,401,401,401,401,401,401,401,401,401,401,401,401,401,401,401,401,401,401,98043,98043,98043,98043,98043,98043,98043,98043,98043,98043,98043,302,98043,98043,98043,98043,98043,302,302,302,98043,98043,98043,98043,98043,98043,98043,98043,98043,98043,98043,98043,98043,98043,98043,98043,98043,98043,98043,98043,98043,98043,98043,98043,98043,98043,98043,98043,98043,98043,98043,98043,98043,98043,98043,98043,98043,98043,98043,98043,98043,98043,98043,98043,9804411,9804411,9804411,9804411,9804411,9804411,9804411,9804411,9804411,9804411,9804411,9804411,9804411,9804411,9804411,9804411,9804411,9804411,9804411,9804411,9804411,9804411,9804411,9804411,9804411,9804411,9804411,9804411,9804411,9804411,9804411,9804411,9804411,9804411,9804411,9804411,9804411,9804411,9804411,9804411,9804411,9804411,9804411,9804411,9804411,9804411,9804411,9804411,9804411,9804411,9804411,9804411,9804411,9804411,9804411,9804411,9804411,9804411,9804411,9804411,9804411,9804411,9804411,9804411,9804411,9804411,9804411,9804411,9804411,9804411,9804411,9804411,9804411,9804411,501,501,501,501,501,501,501,501,501,501,501,501,501,501,501,501,501,501,501,501,501,501,501,501,501,501,501,501,501,501,501,501,501,501,501,501,501,501,501,501,601,606,606,606,606,606,8011,8011,8011,8011,8011,8011,8011,8011,8011,8011,8011,8011,801,801,801,801,801,801,801,801,801,801,801,801,801,801,801,801,801,801,801,801,801,801,801,801,801,801,801,801,8013,8013,8013,8013,8013,8013,8013,8013,8013,8013,8013,8013,8013,8013,8013,98044,98044,98044,98044,98044,98044,98044,98044,98044,98044,98044,98044,98044,98044,98044,98044,98044,98044,98044,98044,98044,98044,98044,101,101,101,101,101,101,101,101,101,101,101
101,101,101,101,101,101,101,101,101,101,101,101,101,101,101,101,101,101,101,101,101,101,101,101,101,101,101,101,101,101,101,101,101,101,101,101,101,101,101,101,101,101,101,101,101,101,101,101,101,101,101,101,101,101,101,101,401,401,401,401,401,401,401,401,401,401,401,401,401,401,401,401,401,401,401,401,401,401,401,401,401,401,401,401,401,401,401,401,401,401,98043,98043,98043,98043,98043,98043,98043,98043,98043,98043,98043,98043,98043,98043,302,98043,98043,98043,98043,98043,98043,98043,98043,98043,98043,98043,98043,98043,98043,98043,98043,98043,98043,98043,98043,98043,98043,98043,98043,98043,98043,98043,98043,98043,98043,98043,98043,98043,98043,98043,98043,98043,98043,98043,98043,98043,98043,98043,98043,98043,98043,9804411,9804411,9804411,9804411,9804411,9804411,9804411,9804411,9804411,9804411,9804411,9804411,9804411,9804411,9804411,9804411,9804411,9804411,9804411,9804411,9804411,9804411,9804411,9804411,9804411,9804411,9804411,9804411,9804411,9804411,9804411,9804411,9804411,9804411,9804411,9804411,9804411,9804411,9804411,9804411,9804411,9804411,9804411,9804411,9804411,9804411,9804411,9804411,9804411,9804411,9804411,9804411,9804411,9804411,9804411,9804411,9804411,9804411,9804411,9804411,9804411,9804411,9804411,9804411,9804411,9804411,9804411,9804411,9804411,9804411,9804411,9804411,9804411,9804411,9804411,501,501,501,501,501,501,501,501,501,501,501,501,501,501,501,501,501,501,501,501,501,501,501,501,501,501,501,501,501,501,501,501,501,501,501,501,601,601,601,601,606,606,606,606,8011,8011,8011,8011,8011,8011,8011,8011,8011,8011,8011,8011,8011,8011,801,801,801,801,801,801,801,801,801,801,801,801,801,801,801,801,801,801,801,801,801,801,801,801,801,801,801,8013,8013,8013,8013,8013,8013,8013,8013,8013,8013,8013,8013,8013,8013,8013,98044,98044,98044,98044,98044,98044,98044,98044,98044,98044,98044,98044,98044,98044,98044,98044,98044,98044,98044,98044,98044,98044,98044,101,101,101,101,101,101,101,101,101,101,101
101,101,101,101,101,101,101,101,101,101,101,101,101,101,101,101,101,101,101,101,101,101,101,101,101,101,101,101,101,101,101,101,101,101,101,101,101,101,101,101,101,101,101,101,101,101,101,101,101,101,101,101,101,101,101,401,401,401,401,401,401,401,401,401,401,401,401,401,401,401,401,401,401,401,401,401,401,401,401,401,401,401,401,401,401,401,401,401,401,401,401,401,401,401,401,401,401,98043,98043,98043,98043,98043,98043,98043,98043,98043,98043,98043,98043,98043,98043,98043,98043,98043,98043,98043,98043,98043,98043,98043,98043,98043,98043,98043,98043,98043,98043,98043,98043,98043,98043,98043,98043,98043,98043,98043,98043,98043,98043,98043,98043,98043,98043,98043,98043,98043,98043,98043,98043,98043,98043,9804411,9804411,9804411,9804411,9804411,9804411,9804411,9804411,9804411,9804411,9804411,9804411,9804411,9804411,9804411,9804411,9804411,9804411,9804411,9804411,9804411,9804411,9804411,9804411,9804411,9804411,9804411,9804411,9804411,9804411,9804411,9804411,9804411,9804411,9804411,9804411,9804411,9804411,9804411,9804411,9804411,9804411,9804411,9804411,9804411,9804411,9804411,9804411,9804411,9804411,9804411,9804411,9804411,9804411,9804411,9804411,9804411,9804411,9804411,9804411,9804411,9804411,9804411,9804411,9804411,9804411,9804411,9804411,9804411,9804411,9804411,9804411,9804411,9804411,9804411,501,501,501,501,501,501,501,501,501,501,501,501,501,501,501,501,501,501,501,501,501,501,501,501,501,501,501,501,501,501,501,501,501,501,601,601,601,601,601,601,601,606,606,606,8011,8011,8011,8011,8011,8011,8011,8011,8011,8011,8011,8011,8011,8011,8011,801,801,801,801,801,801,801,801,801,801,801,801,801,801,801,801,801,801,801,801,801,801,801,801,801,8013,8013,8013,8013,8013,8013,8013,8013,8013,8013,8013,8013,8013,8013,8013,98044,98044,98044,98044,98044,98044,98044,98044,98044,98044,98044,98044,98044,98044,98044,98044,98044,98044,98044,98044,98044,98044,98044,98044,98044,101,101,101,101,101,101,101,101,101,101
101,101,101,101,101,101,101,101,101,101,101,101,101,101,101,101,101,101,101,101,101,101,101,101,101,101,101,101,101,101,101,101,101,101,101,101,101,101,101,101,101,101,101,101,101,101,101,101,101,101,101,101,101,101,401,401,401,401,401,401,401,401,401,401,401,401,401,401,401,401,401,401,401,401,401,401,401,401,401,401,401,401,401,401,401,401,401,401,401,401,401,401,401,401,401,401,401,401,98043,98043,98043,98043,98043,98043,98043,98043,98043,98043,98043,98043,98043,98043,98043,98043,98043,98043,98043,98043,98043,98043,98043,98043,98043,98043,98043,98043,98043,98043,98043,98043,98043,98043,98043,98043,98043,98043,98043,98043,98043,98043,98043,98043,98043,98043,98043,98043,98043,98043,98043,98043,98043,9804411,9804411,9804411,9804411,9804411,9804411,9804411,9804411,9804411,9804411,9804411,9804411,9804411,9804411,9804411,9804411,9804411,9804411,9804411,9804411,9804411,9804411,9804411,9804411,9804411,9804411,9804411,9804411,9804411,9804411,9804411,9804411,9804411,9804411,9804411,9804411,9804411,9804411,9804411,9804411,9804411,9804411,9804411,9804411,9804411,9804411,9804411,9804411,9804411,9804411,9804411,9804411,9804411,9804411,9804411,9804411,9804411,9804411,9804411,9804411,9804411,9804411,9804411,9804411,9804411,9804411,9804411,9804411,9804411,9804411,9804411,9804411,9804411,9804411,9804411,9804411,501,501,501,501,501,501,501,501,501,501,501,501,501,501,501,501,501,501,501,501,501,501,501,501,501,501,501,501,501,501,501,501,501,601,601,601,601,601,601,601,606,606,606,8011,8011,8011,8011,8011,8011,8011,8011,8011,8011,8011,8011,8011,8011,8011,801,801,801,801,801,801,801,801,801,801,801,801,801,801,801,801,801,801,801,801,801,8013,8013,8013,8013,8013,8013,8013,8013,8013,8013,8013,8013,8013,8013,98044,98044,98044,98044,98044,98044,98044,98044,98044,98044,98044,98044,98044,98044,98044,98044,98044,98044,98044,98044,98044,98044,98044,98044,98044,98044,98044,98044,98044,98044,98044,98044,101,101,101,101,101,101,101,101
101,101,101,101,101,101,101,101,101,101,101,101,101,101,101,101,101,101,101,101,101,101,101,101,101,101,101,101,101,101,101,101,101,101,101,101,101,101,101,101,101,101,101,101,101,101,101,101,101,101,101,101,101,101,401,401,401,401,401,401,401,401,401,401,401,401,401,401,401,401,401,401,401,401,401,401,401,401,401,401,401,401,401,401,401,401,401,401,401,401,401,401,401,401,401,401,401,401,98043,98043,98043,98043,98043,98043,98043,98043,98043,98043,98043,98043,98043,98043,98043,98043,98043,98043,98043,98043,98043,98043,98043,98043,98043,98043,98043,98043,98043,98043,98043,98043,98043,98043,98043,98043,98043,98043,98043,98043,98043,98043,98043,98043,98043,98043,98043,98043,98043,98043,98043,98043,98043,9804411,9804411,9804411,9804411,9804411,9804411,9804411,9804411,9804411,9804411,9804411,9804411,9804411,9804411,9804411,9804411,9804411,9804411,9804411,9804411,9804411,9804411,9804411,9804411,9804411,9804411,9804411,9804411,9804411,9804411,9804411,9804411,9804411,9804411,9804411,9804411,9804411,9804411,9804411,9804411,9804411,9804411,9804411,9804411,9804411,9804411,9804411,9804411,9804411,9804411,9804411,9804411,9804411,9804411,9804411,9804411,9804411,9804411,9804411,9804411,9804411,9804411,9804411,9804411,9804411,9804411,9804411,9804411,9804411,9804411,9804411,9804411,9804411,9804411,9804411,9804411,9804411,501,501,501,501,501,501,501,501,501,501,501,501,501,501,501,501,501,501,501,501,501,501,501,501,501,501,501,501,501,501,501,501,601,601,601,601,601,601,601,601,606,606,8011,8011,8011,8011,8011,8011,8011,8011,8011,8011,8011,8011,8011,8011,8011,8011,801,801,801,801,801,801,801,801,801,801,801,801,801,801,801,801,801,8013,8013,8013,8013,8013,8013,8013,8013,8013,8013,8013,8013,8013,8013,8013,98044,98044,98044,98044,98044,98044,98044,98044,98044,98044,98044,98044,98044,98044,98044,98044,98044,98044,98044,98044,98044,98044,98044,98044,98044,98044,98044,98044,98044,98044,98044,98044,98044,98044,101,101,101,101,101,101,101,101
101,101,101,101,101,101,101,101,101,101,101,101,101,101,101,101,101,101,101,101,101,101,101,101,101,101,101,101,101,101,101,101,101,101,101,101,101,101,101,101,101,101,101,101,101,101,101,101,101,101,101,101,101,401,401,401,401,401,401,401,401,401,401,401,401,401,401,401,401,401,401,401,401,401,401,401,401,401,401,401,401,401,401,401,401,401,401,401,401,401,401,401,401,401,401,401,401,401,401,98043,98043,98043,98043,98043,98043,98043,98043,98043,98043,98043,98043,98043,98043,98043,98043,98043,98043,98043,98043,98043,98043,98043,98043,98043,98043,98043,98043,98043,98043,98043,98043,98043,98043,98043,98043,98043,98043,98043,98043,98043,98043,98043,98043,98043,98043,98043,98043,98043,98043,98043,98043,9804411,9804411,9804411,9804411,9804411,9804411,9804411,9804411,9804411,9804411,9804411,9804411,9804411,9804411,9804411,9804411,9804411,9804411,9804411,9804411,9804411,9804411,9804411,9804411,9804411,9804411,9804411,9804411,9804411,9804411,9804411,9804411,9804411,9804411,9804411,9804411,9804411,9804411,9804411,9804411,9804411,9804411,9804411,9804411,9804411,9804411,9804411,9804411,9804411,9804411,9804411,9804411,9804411,9804411,9804411,9804411,9804411,9804411,9804411,9804411,9804411,9804411,9804411,9804411,9804411,9804411,9804411,9804411,9804411,9804411,9804411,9804411,9804411,9804411,9804411,9804411,9804411,9804411,501,501,501,501,501,501,501,501,501,501,501,501,501,501,501,501,501,501,501,501,501,501,501,501,501,501,501,501,601,601,601,601,601,601,601,601,601,601,601,606,8011,8011,8011,8011,8011,8011,8011,8011,8011,8011,8011,8011,8011,8011,8011,8011,8011,801,801,801,801,801,801,801,801,801,801,801,801,801,801,801,801,8013,8013,8013,8013,8013,8013,8013,8013,8013,8013,8013,8013,8013,8013,8013,98044,98044,98044,98044,98044,98044,98044,98044,98044,98044,98044,98044,98044,98044,98044,98044,98044,98044,98044,98044,98044,98044,98044,98044,98044,98044,98044,98044,98044,98044,98044,98044,98044,98044,101,101,101,101,101,101,101,101,101
101,101,101,101,101,101,101,101,101,101,101,101,101,101,101,101,101,101,101,101,101,101,101,101,101,101,101,101,101,101,101,101,101,101,101,101,101,101,101,101,101,101,101,101,101,101,101,101,101,101,101,101,101,401,401,401,401,401,401,401,401,401,401,401,401,401,401,401,401,401,401,401,401,401,401,401,401,401,401,401,401,401,401,401,401,401,401,401,401,401,401,401,401,401,401,401,401,401,401,98043,98043,98043,98043,98043,98043,98043,98043,98043,98043,98043,98043,98043,98043,98043,98043,98043,98043,98043,98043,98043,98043,98043,98043,98043,98043,98043,98043,98043,98043,98043,98043,98043,98043,98043,98043,98043,98043,98043,98043,98043,98043,98043,98043,98043,98043,98043,98043,98043,98043,98043,98043,9804411,9804411,9804411,9804411,9804411,9804411,9804411,9804411,9804411,9804411,9804411,9804411,9804411,9804411,9804411,9804411,9804411,9804411,9804411,9804411,9804411,9804411,9804411,9804411,9804411,9804411,9804411,9804411,9804411,9804411,9804411,9804411,9804411,9804411,9804411,9804411,9804411,9804411,9804411,9804411,9804411,9804411,9804411,9804411,9804411,9804411,9804411,9804411,9804411,9804411,9804411,9804411,9804411,9804411,9804411,9804411,9804411,9804411,9804411,9804411,9804411,9804411,9804411,9804411,9804411,9804411,9804411,9804411,9804411,9804411,9804411,9804411,9804411,9804411,9804411,9804411,9804411,9804411,9804411,501,501,501,501,501,501,501,501,501,501,501,501,501,501,501,501,501,501,501,501,501,501,501,501,501,501,601,601,601,601,601,601,601,601,601,601,601,601,601,8011,8011,8011,8011,8011,8011,8011,8011,8011,8011,8011,8011,8011,8011,8011,8011,8011,8011,801,801,801,801,801,801,801,801,801,801,801,801,801,801,801,8013,8013,8013,8013,8013,8013,8013,8013,8013,8013,8013,8013,8013,8013,98044,98044,98044,98044,98044,98044,98044,98044,98044,98044,98044,98044,98044,98044,98044,98044,98044,98044,98044,98044,98044,98044,98044,98044,98044,98044,98044,98044,98044,98044,98044,98044,98044,98044,98044,98044,101,101,101,101,101,101,101,101
101,101,101,101,101,101,101,101,101,101,101,101,101,101,101,101,101,101,101,101,101,101,101,101,101,101,101,101,101,101,101,101,101,101,101,101,101,101,101,101,101,101,101,101,101,101,101,101,101,101,101,101,401,401,401,401,401,401,401,401,401,401,401,401,401,401,401,401,401,401,401,401,401,401,401,401,401,401,401,401,401,401,401,401,401,401,401,401,401,401,401,401,401,401,401,401,401,401,401,98043,98043,98043,98043,98043,98043,98043,98043,98043,98043,98043,98043,98043,98043,98043,98043,98043,98043,98043,98043,98043,98043,98043,98043,98043,98043,98043,98043,98043,98043,98043,98043,98043,98043,98043,98043,98043,98043,98043,98043,98043,98043,98043,98043,98043,98043,98043,98043,98043,98043,98043,98043,98043,9804411,9804411,9804411,9804411,9804411,9804411,9804411,9804411,9804411,9804411,9804411,9804411,9804411,9804411,9804411,9804411,9804411,9804411,9804411,9804411,9804411,9804411,9804411,9804411,9804411,9804411,9804411,9804411,9804411,9804411,9804411,9804411,9804411,9804411,9804411,9804411,9804411,9804411,9804411,9804411,9804411,9804411,9804411,9804411,9804411,9804411,9804411,9804411,9804411,9804411,9804411,9804411,9804411,9804411,9804411,9804411,9804411,9804411,9804411,9804411,9804411,9804411,9804411,9804411,9804411,9804411,9804411,9804411,9804411,9804411,9804411,9804411,9804411,9804411,9804411,9804411,9804411,9804411,9804411,501,501,501,501,501,501,501,501,501,501,501,501,501,501,501,501,501,501,501,501,501,501,501,501,501,601,601,601,601,601,601,601,601,601,601,601,601,601,601,601,8011,8011,8011,8011,8011,8011,8011,8011,8011,8011,8011,8011,8011,8011,8011,8011,801,801,801,801,801,801,801,801,801,801,801,801,801,801,801,8013,8013,8013,8013,8013,8013,8013,8013,8013,8013,8013,8013,98044,98044,98044,98044,98044,98044,98044,98044,98044,98044,98044,98044,98044,98044,98044,98044,98044,98044,98044,98044,98044,98044,98044,98044,98044,98044,98044,98044,98044,98044,98044,98044,98044,98044,98044,98044,98044,98044,98044,101,101,101,101,101,101,101
101,101,101,101,101,101,101,101,101,101,101,101,101,101,101,101,101,101,101,101,101,101,101,101,101,101,101,101,101,101,101,101,101,101,101,101,101,101,101,101,101,101,101,101,101,101,101,101,101,101,101,101,401,401,401,401,401,401,401,401,401,401,401,401,401,401,401,401,401,401,401,401,401,401,401,401,401,401,401,401,401,401,401,401,401,401,401,401,401,401,401,401,401,401,401,401,401,401,98043,98043,98043,98043,98043,98043,98043,98043,98043,98043,98043,98043,98043,98043,98043,98043,98043,98043,98043,98043,98043,98043,98043,98043,98043,98043,98043,98043,98043,98043,98043,98043,98043,98043,98043,98043,98043,98043,98043,98043,98043,98043,98043,98043,98043,98043,98043,98043,98043,98043,98043,98043,98043,98043,9804411,9804411,9804411,9804411,9804411,9804411,9804411,9804411,9804411,9804411,9804411,9804411,9804411,9804411,9804411,9804411,9804411,9804411,9804411,9804411,9804411,9804411,9804411,9804411,9804411,9804411,9804411,9804411,9804411,9804411,9804411,9804411,9804411,9804411,9804411,9804411,9804411,9804411,9804411,9804411,9804411,9804411,9804411,9804411,9804411,9804411,9804411,9804411,9804411,9804411,9804411,9804411,9804411,9804411,9804411,9804411,9804411,9804411,9804411,9804411,9804411,9804411,9804411,9804411,9804411,9804411,9804411,9804411,9804411,9804411,9804411,9804411,9804411,9804411,9804411,9804411,9804411,9804411,9804411,9804411,501,501,501,501,501,501,501,501,501,501,501,501,501,501,501,501,501,501,501,501,501,501,501,501,601,601,601,601,601,601,601,601,601,601,601,601,601,601,601,8011,8011,8011,8011,8011,8011,8011,8011,8011,8011,8011,8011,8011,8011,8011,8011,8011,8011,801,801,801,801,801,801,801,801,801,801,801,801,8013,8013,8013,8013,8013,8013,8013,8013,8013,8013,8013,8013,98044,98044,98044,98044,98044,98044,98044,98044,98044,98044,98044,98044,98044,98044,98044,98044,98044,98044,98044,98044,98044,98044,98044,98044,98044,98044,98044,98044,98044,98044,98044,98044,98044,98044,98044,98044,98044,98044,98044,98044,98044,1019,101,101,101,101,101
101,101,101,101,101,101,101,101,101,101,101,101,101,101,101,101,101,101,101,101,101,101,101,101,101,101,101,101,101,101,101,101,101,101,101,101,101,101,101,101,101,101,101,101,101,101,101,101,101,101,101,401,401,401,401,401,401,401,401,401,401,401,401,401,401,401,401,401,401,401,401,401,401,401,401,401,401,401,401,401,401,401,401,401,401,401,401,401,401,401,401,401,401,401,401,401,401,98043,98043,98043,98043,98043,98043,98043,98043,98043,98043,98043,98043,98043,98043,98043,98043,98043,98043,98043,98043,98043,98043,98043,98043,98043,98043,98043,98043,98043,98043,98043,98043,98043,98043,98043,98043,98043,98043,98043,98043,98043,98043,98043,98043,98043,98043,98043,98043,98043,98043,98043,98043,98043,98043,98043,9804411,9804411,9804411,9804411,9804411,9804411,9804411,9804411,9804411,9804411,9804411,9804411,9804411,9804411,9804411,9804411,9804411,9804411,9804411,9804411,9804411,9804411,9804411,9804411,9804411,9804411,9804411,9804411,9804411,9804411,9804411,9804411,9804411,9804411,9804411,9804411,9804411,9804411,9804411,9804411,9804411,9804411,9804411,9804411,9804411,9804411,9804411,9804411,9804411,9804411,9804411,9804411,9804411,9804411,9804411,9804411,9804411,9804411,9804411,9804411,9804411,9804411,9804411,9804411,9804411,9804411,9804411,9804411,9804411,9804411,9804411,9804411,9804411,9804411,9804411,9804411,9804411,9804411,9804411,9804411,9804411,501,501,501,501,501,501,501,501,501,501,501,501,501,501,501,501,501,501,501,501,501,601,601,601,601,601,601,601,601,601,601,601,601,601,601,601,601,601,601,8011,8011,8011,8011,8011,8011,8011,8011,8011,8011,8011,8011,8011,8011,8011,8011,801,801,801,801,801,801,801,801,8013,8013,8013,8013,8013,8013,8013,8013,8013,8013,8013,8013,8013,8013,8013,98044,98044,98044,98044,98044,98044,98044,98044,98044,98044,98044,98044,98044,98044,98044,98044,98044,98044,98044,98044,98044,98044,98044,98044,98044,98044,98044,98044,98044,98044,98044,98044,98044,98044,98044,98044,98044,98044,98044,98044,98044,98044,98044,1019,1019,1019,101,101,101
101,101,101,101,101,101,101,101,101,101,101,101,101,101,101,101,101,101,101,101,101,101,101,101,101,101,101,101,101,101,101,101,101,101,101,101,101,101,101,101,101,101,101,101,101,101,101,101,101,101,101,401,401,401,401,401,401,401,401,401,401,401,401,401,401,401,401,401,401,401,401,401,401,401,401,401,401,401,401,401,401,401,401,401,401,401,401,401,401,401,401,401,401,401,401,98043,98043,98043,98043,98043,98043,98043,98043,98043,98043,98043,98043,98043,98043,98043,98043,98043,98043,98043,98043,98043,98043,98043,98043,98043,98043,98043,98043,98043,98043,98043,98043,98043,98043,98043,98043,98043,98043,98043,98043,98043,98043,98043,98043,98043,98043,98043,98043,98043,98043,98043,98043,98043,98043,98043,98043,98043,9804411,9804411,9804411,9804411,9804411,9804411,9804411,9804411,9804411,9804411,9804411,9804411,9804411,9804411,9804411,9804411,9804411,9804411,9804411,9804411,9804411,9804411,9804411,9804411,9804411,9804411,9804411,9804411,9804411,9804411,9804411,9804411,9804411,9804411,9804411,9804411,9804411,9804411,9804411,9804411,9804411,9804411,9804411,9804411,9804411,9804411,9804411,9804411,9804411,9804411,9804411,9804411,9804411,9804411,9804411,9804411,9804411,9804411,9804411,9804411,9804411,9804411,9804411,9804411,9804411,9804411,9804411,9804411,9804411,9804411,9804411,9804411,9804411,9804411,9804411,9804411,9804411,9804411,9804411,9804411,9804411,9804411,9804411,501,501,501,501,501,501,501,501,501,501,501,501,501,501,501,601,601,601,601,601,601,601,601,601,601,601,601,601,601,601,601,601,601,601,601,601,601,8011,8011,8011,8011,8011,8011,8011,8011,8011,8011,8011,8011,8011,8011,8011,8011,8011,8011,801,801,801,801,801,801,8013,8013,8013,8013,8013,8013,8013,8013,8013,8013,8013,8013,8013,8013,98044,98044,98044,98044,98044,98044,98044,98044,98044,98044,98044,98044,98044,98044,98044,98044,98044,98044,98044,98044,98044,98044,98044,98044,98044,98044,98044,98044,98044,98044,98044,98044,98044,98044,98044,98044,98044,98044,98044,98044,98044,98044,98044,98044,1019,1019,1019,1019,1019,101
101,101,101,101,101,101,101,101,101,101,101,101,101,101,101,101,101,101,101,101,101,101,101,101,101,101,101,101,101,101,101,101,101,101,101,101,101,101,101,101,101,101,101,101,101,101,101,101,101,101,401,401,401,401,401,401,401,401,401,401,401,401,401,401,401,401,401,401,401,401,401,401,401,401,401,401,401,401,401,401,401,401,401,401,401,401,401,401,401,401,401,401,401,401,98043,98043,98043,98043,98043,98043,98043,98043,98043,98043,98043,98043,98043,98043,98043,98043,98043,98043,98043,98043,98043,98043,98043,98043,98043,98043,98043,98043,98043,98043,98043,98043,98043,98043,98043,98043,98043,98043,98043,98043,98043,98043,98043,98043,98043,98043,98043,98043,98043,98043,98043,98043,98043,98043,98043,98043,98043,98043,9804411,9804411,9804411,9804411,9804411,9804411,9804411,9804411,9804411,9804411,9804411,9804411,9804411,9804411,9804411,9804411,9804411,9804411,9804411,9804411,9804411,9804411,9804411,9804411,9804411,9804411,9804411,9804411,9804411,9804411,9804411,9804411,9804411,9804411,9804411,9804411,9804411,9804411,9804411,9804411,9804411,9804411,9804411,9804411,9804411,9804411,9804411,9804411,9804411,9804411,9804411,9804411,9804411,9804411,9804411,9804411,9804411,9804411,9804411,9804411,9804411,9804411,9804411,9804411,9804411,9804411,9804411,9804411,9804411,9804411,9804411,9804411,9804411,9804411,9804411,9804411,9804411,9804411,9804411,9804411,9804411,9804411,9804411,9804411,501,501,501,501,501,501,501,501,501,501,501,501,501,501,601,601,601,601,601,601,601,601,601,601,601,601,601,601,601,601,601,601,601,601,601,601,601,8011,8011,8011,8011,8011,8011,8011,8011,8011,8011,8011,8011,8011,8011,8011,8011,8011,8011,801,801,801,801,8013,8013,8013,8013,8013,8013,8013,8013,8013,8013,8013,8013,8013,8013,98044,98044,98044,98044,98044,98044,98044,98044,98044,98044,98044,98044,98044,98044,98044,98044,98044,98044,98044,98044,98044,98044,98044,98044,98044,98044,98044,98044,98044,98044,98044,98044,98044,98044,98044,98044,98044,98044,98044,98044,98044,98044,98044,98044,1019,1019,1019,1019,1019,101,101
101,101,101,101,101,101,101,101,101,101,101,101,101,101,101,101,101,101,101,101,101,101,101,101,101,101,101,101,101,101,101,101,101,101,101,101,101,101,101,101,101,101,101,101,101,101,101,101,101,101,401,401,401,401,401,401,401,401,401,401,401,401,401,401,401,401,401,401,401,401,401,401,401,401,401,401,401,401,401,401,401,401,401,401,401,401,401,401,401,401,401,401,401,401,401,98043,98043,98043,98043,98043,98043,98043,98043,98043,98043,98043,98043,98043,98043,98043,98043,98043,98043,98043,98043,98043,98043,98043,98043,98043,98043,98043,98043,98043,98043,98043,98043,98043,98043,98043,98043,98043,98043,98043,98043,98043,98043,98043,98043,98043,98043,98043,98043,98043,98043,98043,98043,98043,98043,98043,98043,98043,9804411,9804411,9804411,9804411,9804411,9804411,9804411,9804411,9804411,9804411,9804411,9804411,9804411,9804411,9804411,9804411,9804411,9804411,9804411,9804411,9804411,9804411,9804411,9804411,9804411,9804411,9804411,9804411,9804411,9804411,9804411,9804411,9804411,9804411,9804411,9804411,9804411,9804411,9804411,9804411,9804411,9804411,9804411,9804411,9804411,9804411,9804411,9804411,9804411,9804411,9804411,9804411,9804411,9804411,9804411,9804411,9804411,9804411,9804411,9804411,9804411,9804411,9804411,9804411,9804411,9804411,9804411,9804411,9804411,9804411,9804411,9804411,9804411,9804411,9804411,9804411,9804411,9804411,9804411,9804411,9804411,9804411,9804411,9804411,9804411,9804411,501,501,501,501,501,501,501,501,501,501,501,501,501,601,601,601,601,601,601,601,601,601,601,601,601,601,601,601,601,601,601,601,601,601,601,8011,8011,8011,8011,8011,8011,8011,8011,8011,8011,8011,8011,8011,8011,8011,8011,8011,8011,801,801,801,801,8013,8013,8013,8013,8013,8013,8013,8013,8013,8013,8013,8013,8013,98044,98044,98044,98044,98044,98044,98044,98044,98044,98044,98044,98044,98044,98044,98044,98044,98044,98044,98044,98044,98044,98044,98044,98044,98044,98044,98044,98044,98044,98044,98044,98044,98044,98044,98044,98044,98044,98044,98044,98044,98044,98044,98044,98044,98044,1019,1019,1019,1019,1019,101,101
101,101,101,101,101,101,101,101,101,101,101,101,101,101,101,101,101,101,101,101,101,101,101,101,101,101,101,101,101,101,101,101,101,101,101,101,101,101,101,101,101,101,101,101,101,101,101,101,101,98043,401,401,401,401,401,401,401,401,401,401,401,401,401,401,401,401,401,401,401,401,401,401,401,401,401,401,401,401,401,401,401,401,401,401,401,401,401,401,401,401,401,401,401,401,401,401,98043,98043,98043,98043,98043,98043,98043,98043,98043,98043,98043,98043,98043,98043,98043,98043,98043,98043,98043,98043,98043,98043,98043,98043,98043,98043,98043,98043,98043,98043,98043,98043,98043,98043,98043,98043,98043,98043,98043,98043,98043,98043,98043,98043,98043,98043,98043,98043,98043,98043,98043,98043,98043,98043,98043,98043,9804411,9804411,9804411,9804411,9804411,9804411,9804411,9804411,9804411,9804411,9804411,9804411,9804411,9804411,9804411,9804411,9804411,9804411,9804411,9804411,9804411,9804411,9804411,9804411,9804411,9804411,9804411,9804411,9804411,9804411,9804411,9804411,9804411,9804411,9804411,9804411,9804411,9804411,9804411,9804411,9804411,9804411,9804411,9804411,9804411,9804411,9804411,9804411,9804411,9804411,9804411,9804411,9804411,9804411,9804411,9804411,9804411,9804411,9804411,9804411,9804411,9804411,9804411,9804411,9804411,9804411,9804411,9804411,9804411,9804411,9804411,9804411,9804411,9804411,9804411,9804411,9804411,9804411,9804411,9804411,9804411,9804411,9804411,9804411,9804411,9804411,9804411,501,501,501,501,501,501,501,501,501,501,601,601,601,601,601,601,601,601,601,601,601,601,601,601,601,601,601,601,601,601,601,601,601,601,8011,8011,8011,8011,8011,8011,8011,8011,8011,8011,8011,8011,8011,8011,8011,8011,8011,8011,801,801,801,801,8013,8013,8013,8013,8013,8013,8013,8013,8013,8013,8013,8013,98044,98044,98044,98044,98044,98044,98044,98044,98044,98044,98044,98044,98044,98044,98044,98044,98044,98044,98044,98044,98044,98044,98044,98044,98044,98044,98044,98044,98044,98044,98044,98044,98044,98044,98044,98044,98044,98044,98044,98044,98044,98044,98044,98044,98044,98044,1019,1019,1019,1019,101,101,101
101,101,101,101,101,101,101,101,101,101,101,101,101,101,101,101,101,101,101,101,101,101,101,101,101,101,101,101,101,101,101,101,101,101,101,101,101,101,101,101,101,101,101,101,101,101,101,101,101,98043,98043,401,401,401,401,401,401,401,401,401,401,401,401,401,401,401,401,401,401,401,401,401,401,401,401,401,401,401,401,401,401,401,401,401,401,401,401,401,401,401,401,401,401,401,401,401,401,401,98043,98043,98043,98043,98043,98043,98043,98043,98043,98043,98043,98043,98043,98043,98043,98043,98043,98043,98043,98043,98043,98043,98043,98043,98043,98043,98043,98043,98043,98043,98043,98043,98043,98043,98043,98043,98043,98043,98043,98043,98043,98043,98043,98043,98043,98043,98043,98043,98043,98043,98043,98043,98043,98043,98043,9804411,9804411,9804411,9804411,9804411,9804411,9804411,9804411,9804411,9804411,9804411,9804411,9804411,9804411,9804411,9804411,9804411,9804411,9804411,9804411,9804411,9804411,9804411,9804411,9804411,9804411,9804411,9804411,9804411,9804411,9804411,9804411,9804411,9804411,9804411,9804411,9804411,9804411,9804411,9804411,9804411,9804411,9804411,9804411,9804411,9804411,9804411,9804411,9804411,9804411,9804411,9804411,9804411,9804411,9804411,9804411,9804411,9804411,9804411,9804411,9804411,9804411,9804411,9804411,9804411,9804411,9804411,9804411,9804411,9804411,9804411,9804411,9804411,9804411,9804411,9804411,9804411,9804411,9804411,9804411,9804411,9804411,9804411,9804411,9804411,9804411,501,501,501,501,501,501,601,601,601,601,601,601,601,601,601,601,601,601,601,601,601,601,601,601,601,601,601,601,601,601,601,601,601,601,601,8011,8011,8011,8011,8011,8011,8011,8011,8011,8011,8011,8011,8011,8011,8011,8011,8011,801,801,801,801,8013,8013,8013,8013,8013,8013,8013,8013,8013,8013,8013,98044,98044,98044,98044,98044,98044,98044,98044,98044,98044,98044,98044,98044,98044,98044,98044,98044,98044,98044,98044,98044,98044,98044,98044,98044,98044,98044,98044,98044,98044,98044,98044,98044,98044,98044,98044,98044,98044,98044,98044,98044,98044,98044,98044,98044,98044,1019,1019,1019,1019,1019,1019,1019,101
1019,1019,101,101,101,101,101,101,101,101,101,101,101,101,101,101,101,101,101,101,101,101,101,101,101,101,101,101,101,101,101,101,101,101,101,101,101,101,101,101,101,101,101,101,101,101,101,101,101,98043,98043,98043,401,401,401,401,401,401,401,401,401,401,401,401,401,401,401,401,401,401,401,401,401,401,401,401,401,401,401,401,401,401,401,401,401,401,401,401,401,401,401,401,401,401,401,401,401,401,98043,98043,98043,98043,98043,98043,98043,98043,98043,98043,98043,98043,98043,98043,98043,98043,98043,98043,98043,98043,98043,98043,98043,98043,98043,98043,98043,98043,98043,98043,98043,98043,98043,98043,98043,98043,98043,98043,98043,98043,98043,98043,98043,98043,98043,98043,98043,98043,98043,98043,98043,98043,98043,98043,98043,9804411,9804411,9804411,9804411,9804411,9804411,9804411,9804411,9804411,9804411,9804411,9804411,9804411,9804411,9804411,9804411,9804411,9804411,9804411,9804411,9804411,9804411,9804411,9804411,9804411,9804411,9804411,9804411,9804411,9804411,9804411,9804411,9804411,9804411,9804411,9804411,9804411,9804411,9804411,9804411,9804411,9804411,9804411,9804411,9804411,9804411,9804411,9804411,9804411,9804411,9804411,9804411,9804411,9804411,9804411,9804411,9804411,9804411,9804411,9804411,9804411,9804411,9804411,9804411,9804411,9804411,9804411,9804411,9804411,9804411,9804411,9804411,9804411,9804411,9804411,9804411,9804411,9804411,9804411,9804411,9804411,9804411,9804411,9804411,9804411,9804411,9804411,501,501,601,601,601,601,601,601,601,601,601,601,601,601,601,601,601,601,601,601,601,601,601,601,601,601,601,601,601,601,601,601,601,8011,8011,8011,8011,8011,8011,8011,8011,8011,8011,8011,8011,8011,8011,8011,8011,8011,8011,8013,8013,8013,8013,8013,8013,8013,8013,8013,8013,8013,8013,8013,8013,98044,98044,98044,98044,98044,98044,98044,98044,98044,98044,98044,98044,98044,98044,98044,98044,98044,98044,98044,98044,98044,98044,98044,98044,98044,98044,98044,98044,98044,98044,98044,98044,98044,98044,98044,98044,98044,98044,98044,98044,98044,98044,98044,98044,98044,98044,98044,98044,1019,1019,1019,1019,1019,1019,1019
1019,1019,1019,1019,101,101,101,101,101,101,101,101,101,101,101,101,101,101,101,101,101,101,101,101,101,101,101,101,101,101,101,101,101,101,101,101,101,101,101,101,101,101,101,101,101,101,101,101,101,98043,98043,98043,98043,401,401,401,401,401,401,401,401,401,401,401,401,401,401,401,401,401,401,401,401,401,401,401,401,401,401,401,401,401,401,401,401,401,401,401,401,401,401,401,401,401,401,401,401,401,401,98043,98043,98043,98043,98043,98043,98043,98043,98043,98043,98043,98043,98043,98043,98043,98043,98043,98043,98043,98043,98043,98043,98043,98043,98043,98043,98043,98043,98043,98043,98043,98043,98043,98043,98043,98043,98043,98043,98043,98043,98043,98043,98043,98043,98043,98043,98043,98043,98043,98043,98043,98043,98043,98043,9804411,9804411,9804411,9804411,9804411,9804411,9804411,9804411,9804411,9804411,9804411,9804411,9804411,9804411,9804411,9804411,9804411,9804411,9804411,9804411,9804411,9804411,9804411,9804411,9804411,9804411,9804411,9804411,9804411,9804411,9804411,9804411,9804411,9804411,9804411,9804411,9804411,9804411,9804411,9804411,9804411,9804411,9804411,9804411,9804411,9804411,9804411,9804411,9804411,9804411,9804411,9804411,9804411,9804411,9804411,9804411,9804411,9804411,9804411,9804411,9804411,9804411,9804411,9804411,9804411,9804411,9804411,9804411,9804411,9804411,9804411,9804411,9804411,9804411,9804411,9804411,9804411,9804411,9804411,9804411,9804411,9804411,9804411,9804411,9804411,9804411,9804411,9804411,501,601,601,601,601,601,601,601,601,601,601,601,601,601,601,601,601,601,601,601,601,601,601,601,601,601,601,601,601,601,601,601,8011,8011,8011,8011,8011,8011,8011,8011,8011,8011,8011,8011,8011,8011,8011,8011,8011,98044,8013,8013,8013,8013,8013,8013,8013,8013,8013,8013,8013,8013,8013,98044,98044,98044,98044,98044,98044,98044,98044,98044,98044,98044,98044,98044,98044,98044,98044,98044,98044,98044,98044,98044,98044,98044,98044,98044,98044,98044,98044,98044,98044,98044,98044,98044,98044,98044,98044,98044,98044,98044,98044,98044,98044,98044,98044,98044,98044,98044,98044,98044,98044,98044,1019,1019,1019,1019,1019
1019,1019,1019,1019,1019,1019,101,101,101,101,101,101,101,101,101,101,101,101,101,101,101,101,101,101,101,101,101,101,101,101,101,101,101,101,101,101,101,101,101,101,101,101,101,101,101,101,101,101,98043,98043,98043,98043,98043,98043,401,401,401,401,401,401,401,401,401,401,401,401,401,401,401,401,401,401,401,401,401,401,401,401,401,401,401,401,401,401,401,401,401,401,401,401,401,401,401,401,401,401,401,98043,98043,98043,98043,98043,98043,98043,98043,98043,98043,98043,98043,98043,98043,98043,98043,98043,98043,98043,98043,98043,98043,98043,98043,98043,98043,98043,98043,98043,98043,98043,98043,98043,98043,98043,98043,98043,98043,98043,98043,98043,98043,98043,98043,98043,98043,98043,98043,98043,98043,98043,98043,98043,98043,98043,98043,9804411,9804411,9804411,9804411,9804411,9804411,9804411,9804411,9804411,9804411,9804411,9804411,9804411,9804411,9804411,9804411,9804411,9804411,9804411,9804411,9804411,9804411,9804411,9804411,9804411,9804411,9804411,9804411,9804411,9804411,9804411,9804411,9804411,9804411,9804411,9804411,9804411,9804411,9804411,9804411,9804411,9804411,9804411,9804411,9804411,9804411,9804411,9804411,9804411,9804411,9804411,9804411,9804411,9804411,9804411,9804411,9804411,9804411,9804411,9804411,9804411,9804411,9804411,9804411,9804411,9804411,9804411,9804411,9804411,9804411,9804411,9804411,9804411,9804411,9804411,9804411,9804411,9804411,9804411,9804411,9804411,9804411,9804411,9804411,9804411,9804411,9804411,9804411,501,501,601,601,601,601,601,601,601,601,601,601,601,601,601,601,601,601,601,601,601,601,601,601,601,601,601,601,601,601,601,601,601,8011,8011,8011,8011,8011,8011,8011,8011,8011,8011,8011,8011,8011,8011,8011,98044,98044,8013,8013,8013,8013,8013,8013,8013,8013,8013,8013,8013,8013,98044,98044,98044,98044,98044,98044,98044,98044,98044,98044,98044,98044,98044,98044,98044,98044,98044,98044,98044,98044,98044,98044,98044,98044,98044,98044,98044,98044,98044,98044,98044,98044,98044,98044,98044,98044,98044,98044,98044,98044,98044,98044,98044,98044,98044,98044,98044,98044,98044,98044,98044,98044,98044,1019,1019,1019,1019
1019,1019,1019,1019,1019,1019,1019,1019,1019,101,101,101,101,101,1019,1019,1019,1019,1019,101,101,101,101,101,101,101,101,101,101,101,101,101,101,101,101,101,101,101,101,101,101,101,101,101,101,101,101,101,98043,98043,98043,98043,98043,98043,98043,401,401,401,401,401,401,401,401,401,401,401,401,401,401,401,401,401,401,401,401,401,401,401,401,401,401,401,401,401,401,401,401,401,401,401,401,401,401,401,401,98043,98043,98043,98043,98043,98043,98043,98043,98043,98043,98043,98043,98043,98043,98043,98043,98043,98043,98043,98043,98043,98043,98043,98043,98043,98043,98043,98043,98043,98043,98043,98043,98043,98043,98043,98043,98043,98043,98043,98043,98043,98043,98043,98043,98043,98043,98043,98043,98043,98043,98043,98043,98043,98043,98043,98043,98043,98043,9804411,9804411,9804411,9804411,9804411,9804411,9804411,9804411,9804411,9804411,9804411,9804411,9804411,9804411,9804411,9804411,9804411,9804411,9804411,9804411,9804411,9804411,9804411,9804411,9804411,9804411,9804411,9804411,9804411,9804411,9804411,9804411,9804411,9804411,9804411,9804411,9804411,9804411,9804411,9804411,9804411,9804411,9804411,9804411,9804411,9804411,9804411,9804411,9804411,9804411,9804411,9804411,9804411,9804411,9804411,9804411,9804411,9804411,9804411,9804411,9804411,9804411,9804411,9804411,9804411,9804411,9804411,9804411,9804411,9804411,9804411,9804411,9804411,9804411,9804411,9804411,9804411,9804411,9804411,9804411,9804411,9804411,9804411,9804411,9804411,9804411,9804411,9804411,601,601,601,601,601,601,601,601,601,601,601,601,601,601,601,601,601,601,601,601,601,601,601,601,601,601,601,601,601,601,601,601,601,8011,8011,8011,8011,8011,8011,8011,8011,8011,8011,8011,8011,8011,8011,98044,98044,98044,98044,8013,8013,8013,8013,8013,8013,8013,8013,8013,8013,98044,98044,98044,98044,98044,98044,98044,98044,98044,98044,98044,98044,98044,98044,98044,98044,98044,98044,98044,98044,98044,98044,98044,98044,98044,98044,98044,98044,98044,98044,98044,98044,98044,98044,98044,98044,98044,98044,98044,98044,98044,98044,98044,98044,98044,98044,98044,98044,98044,98044,98044,98044,98044,98044,98044,98044,1019,1019
1019,1019,1019,1019,1019,1019,1019,1019,1019,1019,1019,101,101,101,1019,1019,1019,1019,1019,1019,1019,1019,1019,101,101,101,101,101,101,101,101,101,101,101,101,101,101,101,101,101,101,101,101,101,101,101,101,101,98043,98043,98043,98043,98043,98043,98043,401,401,401,401,401,401,401,401,401,401,401,401,401,401,401,401,401,401,401,401,401,401,401,401,401,401,401,401,401,401,401,401,401,401,401,401,401,401,401,98043,98043,98043,98043,98043,98043,98043,98043,98043,98043,98043,98043,98043,98043,98043,98043,98043,98043,98043,98043,98043,98043,98043,98043,98043,98043,98043,98043,98043,98043,98043,98043,98043,98043,98043,98043,98043,98043,98043,98043,98043,98043,98043,98043,98043,98043,98043,98043,98043,98043,98043,98043,98043,98043,98043,98043,98043,98043,98043,9804411,9804411,9804411,9804411,9804411,9804411,9804411,9804411,9804411,9804411,9804411,9804411,9804411,9804411,9804411,9804411,9804411,9804411,9804411,9804411,9804411,9804411,9804411,9804411,9804411,9804411,9804411,9804411,9804411,9804411,9804411,9804411,9804411,9804411,9804411,9804411,9804411,9804411,9804411,9804411,9804411,9804411,9804411,9804411,9804411,9804411,9804411,9804411,9804411,9804411,9804411,9804411,9804411,9804411,9804411,9804411,9804411,9804411,9804411,9804411,9804411,9804411,9804411,9804411,9804411,9804411,9804411,9804411,9804411,9804411,9804411,9804411,9804411,9804411,9804411,9804411,9804411,9804411,9804411,9804411,9804411,9804411,9804411,9804411,9804411,9804411,601,601,601,601,601,601,601,601,601,601,601,601,601,601,601,601,601,601,601,601,601,601,601,601,601,601,601,601,601,601,601,601,601,601,601,601,8011,8011,8011,8011,8011,8011,8011,8011,8011,8011,8011,8011,98044,98044,98044,98044,98044,8013,8013,8013,8013,8013,8013,8013,8013,8013,98044,98044,98044,98044,98044,98044,98044,98044,98044,98044,98044,98044,98044,98044,98044,98044,98044,98044,98044,98044,98044,98044,98044,98044,98044,98044,98044,98044,98044,98044,98044,98044,98044,98044,98044,98044,98044,98044,98044,98044,98044,98044,98044,98044,98044,98044,98044,98044,98044,98044,98044,98044,98044,98044,98044,98044,98044,98044,98044
98044,1019,1019,1019,1019,1019,1019,1019,1019,1019,1019,1019,1019,1019,1019,1019,1019,1019,1019,1019,1019,1019,1019,1019,1019,1019,1019,101,101,101,101,101,101,101,101,101,1019,1019,1019,1019,101,101,101,101,101,101,101,101,98043,98043,98043,98043,98043,98043,98043,98043,401,401,401,401,401,401,401,401,401,401,401,401,401,401,401,401,401,401,401,401,401,401,401,401,401,401,401,401,401,401,401,401,401,401,401,401,98043,98043,98043,98043,98043,98043,98043,98043,98043,98043,98043,98043,98043,98043,98043,98043,98043,98043,98043,98043,98043,98043,98043,98043,98043,98043,98043,98043,98043,98043,98043,98043,98043,98043,98043,98043,98043,98043,98043,98043,98043,98043,98043,98043,98043,98043,98043,98043,98043,98043,98043,98043,98043,98043,98043,98043,98043,98043,98043,98043,98043,98043,9804411,9804411,9804411,9804411,9804411,9804411,9804411,9804411,9804411,9804411,9804411,9804411,9804411,9804411,9804411,9804411,9804411,9804411,9804411,9804411,9804411,9804411,9804411,9804411,9804411,9804411,9804411,9804411,9804411,9804411,9804411,9804411,9804411,9804411,9804411,9804411,9804411,9804411,9804411,9804411,9804411,9804411,9804411,9804411,9804411,9804411,9804411,9804411,9804411,9804411,9804411,9804411,9804411,9804411,9804411,9804411,9804411,9804411,9804411,9804411,9804411,9804411,9804411,9804411,9804411,9804411,9804411,9804411,9804411,9804411,9804411,9804411,9804411,9804411,9804411,9804411,9804411,9804411,9804411,9804411,9804411,9804411,9804411,9804411,9804411,9804411,601,601,601,601,601,601,601,601,601,601,601,601,601,601,601,601,601,601,601,601,601,601,601,601,601,601,601,601,601,601,601,601,601,601,601,8011,8011,8011,8011,8011,8011,8011,8011,8011,8011,8011,98044,98044,98044,98044,98044,98044,98044,8013,8013,8013,8013,8013,8013,98044,98044,98044,98044,98044,98044,98044,98044,98044,98044,98044,98044,98044,98044,98044,98044,98044,98044,98044,98044,98044,98044,98044,98044,98044,98044,98044,98044,98044,98044,98044,98044,98044,98044,98044,98044,98044,98044,98044,98044,98044,98044,98044,98044,98044,98044,98044,98044,98044,98044,98044,98044,98044,98044,98044,98044,98044,98044,98044,98044,98044
98044,98044,98044,1019,1019,1019,1019,1019,1019,1019,1019,1019,1019,1019,1019,1019,1019,1019,1019,1019,1019,1019,1019,1019,1019,1019,1019,1019,1019,1019,1019,1019,101,101,101,101,1019,1019,1019,1019,1019,1019,1019,98043,98043,98043,101,101,98043,98043,98043,98043,98043,98043,98043,98043,401,401,401,401,401,401,401,401,401,401,401,401,401,401,401,401,401,401,401,401,401,401,401,401,401,401,401,401,401,401,401,401,401,401,98043,98043,98043,98043,98043,98043,98043,98043,98043,98043,98043,98043,98043,98043,98043,98043,98043,98043,98043,98043,98043,98043,98043,98043,98043,98043,98043,98043,98043,98043,98043,98043,98043,98043,98043,98043,98043,98043,98043,98043,98043,98043,98043,98043,98043,98043,98043,98043,98043,98043,98043,98043,98043,98043,98043,98043,98043,98043,98043,98043,98043,98043,98043,98043,9804411,9804411,9804411,9804411,9804411,9804411,9804411,9804411,9804411,9804411,9804411,9804411,9804411,9804411,9804411,9804411,9804411,9804411,9804411,9804411,9804411,9804411,9804411,9804411,9804411,9804411,9804411,9804411,9804411,9804411,9804411,9804411,9804411,9804411,9804411,9804411,9804411,9804411,9804411,9804411,9804411,9804411,9804411,9804411,9804411,9804411,9804411,9804411,9804411,9804411,9804411,9804411,9804411,9804411,9804411,9804411,9804411,9804411,9804411,9804411,9804411,9804411,9804411,9804411,9804411,9804411,9804411,9804411,9804411,9804411,9804411,9804411,9804411,9804411,9804411,9804411,9804411,9804411,9804411,9804411,9804411,9804411,9804411,9804411,9804411,9804411,601,601,601,601,601,601,601,601,601,601,601,601,601,601,601,601,601,601,601,601,601,601,601,601,601,601,601,601,601,601,601,601,601,601,601,601,8011,8011,8011,8011,8011,8011,8011,8011,8011,98044,98044,98044,98044,98044,98044,98044,98044,98044,8013,98044,98044,98044,98044,98044,98044,98044,98044,98044,98044,98044,98044,98044,98044,98044,98044,98044,98044,98044,98044,98044,98044,98044,98044,98044,98044,98044,98044,98044,98044,98044,98044,98044,98044,98044,98044,98044,98044,98044,98044,98044,98044,98044,98044,98044,98044,98044,98044,98044,98044,98044,98044,98044,98044,98044,98044,98044,98044,98044,98044,98044,98044,98044,98044,98044
98044,98044,98044,98044,98044,98044,1019,1019,1019,1019,1019,1019,1019,1019,1019,1019,1019,1019,1019,1019,1019,1019,1019,1019,1019,1019,1019,1019,1019,1019,1019,1019,1019,1019,1019,1019,1019,1019,1019,1019,1019,1019,98043,98043,98043,98043,98043,98043,98043,98043,98043,98043,98043,98043,98043,98043,401,401,401,401,401,401,401,401,401,401,401,401,401,401,401,401,401,401,401,401,401,401,401,401,401,401,401,401,401,401,401,401,401,98043,98043,98043,98043,98043,98043,98043,98043,98043,98043,98043,98043,98043,98043,98043,98043,98043,98043,98043,98043,98043,98043,98043,98043,98043,98043,98043,98043,98043,98043,98043,98043,98043,98043,98043,98043,98043,98043,98043,98043,98043,98043,98043,98043,98043,98043,98043,98043,98043,98043,98043,98043,98043,98043,98043,98043,98043,98043,98043,98043,98043,98043,98043,98043,98043,9804411,9804411,9804411,9804411,9804411,9804411,9804411,9804411,9804411,9804411,9804411,9804411,9804411,9804411,9804411,9804411,9804411,9804411,9804411,9804411,9804411,9804411,9804411,9804411,9804411,9804411,9804411,9804411,9804411,9804411,9804411,9804411,9804411,9804411,9804411,9804411,9804411,9804411,9804411,9804411,9804411,9804411,9804411,9804411,9804411,9804411,9804411,9804411,9804411,9804411,9804411,9804411,9804411,9804411,9804411,9804411,9804411,9804411,9804411,9804411,9804411,9804411,9804411,9804411,9804411,9804411,9804411,9804411,9804411,9804411,9804411,9804411,9804411,9804411,9804411,9804411,9804411,9804411,9804411,9804411,9804411,9804411,9804411,9804411,9804411,9804411,9804411,601,601,601,601,601,601,601,601,601,601,601,601,601,601,601,601,601,601,601,601,601,601,601,601,601,601,601,601,601,601,601,601,601,601,601,8011,8011,8011,8011,8011,8011,8011,98044,98044,98044,98044,98044,98044,98044,98044,98044,98044,98044,98044,98044,98044,98044,98044,98044,98044,98044,98044,98044,98044,98044,98044,98044,98044,98044,98044,98044,98044,98044,98044,98044,98044,98044,98044,98044,98044,98044,98044,98044,98044,98044,98044,98044,98044,98044,98044,98044,98044,98044,98044,98044,98044,98044,98044,98044,98044,98044,98044,98044,98044,98044,98044,98044,98044,98044,98044,98044,98044,98044,98044,98044,98044,98044,98044,98044
98044,98044,98044,98044,98044,98044,98044,98044,1019,1019,1019,1019,1019,1019,1019,1019,1019,1019,1019,1019,1019,1019,1019,1019,1019,1019,1019,1019,1019,1019,1019,1019,1019,1019,1019,1019,1019,1019,1019,1019,1019,1019,98043,98043,98043,98043,98043,98043,98043,98043,98043,98043,98043,98043,98043,98043,98043,401,401,401,401,401,401,401,401,401,401,401,401,401,401,401,401,401,401,401,401,401,401,401,401,401,401,401,401,401,401,98043,98043,98043,98043,98043,98043,98043,98043,98043,98043,98043,98043,98043,98043,98043,98043,98043,98043,98043,98043,98043,98043,98043,98043,98043,98043,98043,98043,98043,98043,98043,98043,98043,98043,98043,98043,98043,98043,98043,98043,98043,98043,98043,98043,98043,98043,98043,98043,98043,98043,98043,98043,98043,98043,98043,98043,98043,98043,98043,98043,98043,98043,98043,98043,98043,98043,98043,9804411,9804411,9804411,9804411,9804411,9804411,9804411,9804411,9804411,9804411,9804411,9804411,9804411,9804411,9804411,9804411,9804411,9804411,9804411,9804411,9804411,9804411,9804411,9804411,9804411,9804411,9804411,9804411,9804411,9804411,9804411,9804411,9804411,9804411,9804411,9804411,9804411,9804411,9804411,9804411,9804411,9804411,9804411,9804411,9804411,9804411,9804411,9804411,9804411,9804411,9804411,9804411,9804411,9804411,9804411,9804411,9804411,9804411,9804411,9804411,9804411,9804411,9804411,9804411,9804411,9804411,9804411,9804411,9804411,9804411,9804411,9804411,9804411,9804411,9804411,9804411,9804411,9804411,9804411,9804411,9804411,9804411,9804411,9804411,9804411,9804411,9804411,601,601,601,601,601,601,601,601,601,601,601,601,601,601,601,601,601,601,601,601,601,601,601,601,601,601,601,601,601,601,601,601,601,601,601,601,8011,8011,8011,8011,8011,98044,98044,98044,98044,98044,98044,98044,98044,98044,98044,98044,98044,98044,98044,98044,98044,98044,98044,98044,98044,98044,98044,98044,98044,98044,98044,98044,98044,98044,98044,98044,98044,98044,98044,98044,98044,98044,98044,98044,98044,98044,98044,98044,98044,98044,98044,98044,98044,98044,98044,98044,98044,98044,98044,98044,98044,98044,98044,98044,98044,98044,98044,98044,98044,98044,98044,98044,98044,98044,98044,98044,98044,98044,98044,98044,98044,98044,98044
98044,98044,98044,98044,98044,98044,98044,98044,98044,98044,1019,1019,1019,1019,1019,1019,1019,1019,1019,1019,1019,1019,1019,1019,1019,1019,1019,1019,1019,1019,1019,1019,1019,1019,1019,1019,1019,1019,1019,1019,1019,1019,98043,98043,98043,98043,98043,98043,98043,98043,98043,98043,98043,98043,98043,98043,98043,401,401,401,401,401,401,401,401,401,401,401,401,401,401,401,401,401,401,401,401,401,401,401,401,401,401,401,401,98043,98043,98043,98043,98043,98043,98043,98043,98043,98043,98043,98043,98043,98043,98043,98043,98043,98043,98043,98043,98043,98043,98043,98043,98043,98043,98043,98043,98043,98043,98043,98043,98043,98043,98043,98043,98043,98043,98043,98043,98043,98043,98043,98043,98043,98043,98043,98043,98043,98043,98043,98043,98043,98043,98043,98043,98043,98043,98043,98043,98043,98043,98043,98043,98043,98043,98043,98043,98043,9804411,9804411,9804411,9804411,9804411,9804411,9804411,9804411,9804411,9804411,9804411,9804411,9804411,9804411,9804411,9804411,9804411,9804411,9804411,9804411,9804411,9804411,9804411,9804411,9804411,9804411,9804411,9804411,9804411,9804411,9804411,9804411,9804411,9804411,9804411,9804411,9804411,9804411,9804411,9804411,9804411,9804411,9804411,9804411,9804411,9804411,9804411,9804411,9804411,9804411,9804411,9804411,9804411,9804411,9804411,9804411,9804411,9804411,9804411,9804411,9804411,9804411,9804411,9804411,9804411,9804411,9804411,9804411,9804411,9804411,9804411,9804411,9804411,9804411,9804411,9804411,9804411,9804411,9804411,9804411,9804411,9804411,9804411,9804411,9804411,9804411,9804411,9804411,601,601,601,601,601,601,601,601,601,601,601,601,601,601,601,601,601,601,601,601,601,601,601,601,601,601,601,601,601,601,601,601,601,601,601,601,8011,8011,8011,98044,98044,98044,98044,98044,98044,98044,98044,98044,98044,98044,98044,98044,98044,98044,98044,98044,98044,98044,98044,98044,98044,98044,98044,98044,98044,98044,98044,98044,98044,98044,98044,98044,98044,98044,98044,98044,98044,98044,98044,98044,98044,98044,98044,98044,98044,98044,98044,98044,98044,98044,98044,98044,98044,98044,98044,98044,98044,98044,98044,98044,98044,98044,98044,98044,98044,98044,98044,98044,98044,98044,98044,98044,98044,98044,98044,98044,98044,98044
98044,98044,98044,98044,98044,98044,98044,98044,98044,98044,98044,98044,98044,98044,98044,1019,1019,1019,1019,1019,1019,1019,1019,1019,1019,1019,1019,1019,1019,1019,1019,1019,1019,1019,1019,1019,1019,1019,1019,1019,1019,1019,98043,98043,98043,98043,98043,98043,98043,98043,98043,98043,98043,98043,98043,98043,98043,401,401,401,401,401,401,401,401,401,401,401,401,401,401,401,401,401,401,401,401,401,401,401,401,401,98043,98043,98043,98043,98043,98043,98043,98043,98043,98043,98043,98043,98043,98043,98043,98043,98043,98043,98043,98043,98043,98043,98043,98043,98043,98043,98043,98043,98043,98043,98043,98043,98043,98043,98043,98043,98043,98043,98043,98043,98043,98043,98043,98043,98043,98043,98043,98043,98043,98043,98043,98043,98043,98043,98043,98043,98043,98043,98043,98043,98043,98043,98043,98043,98043,98043,98043,98043,98043,98043,98043,98043,9804411,9804411,9804411,9804411,9804411,9804411,9804411,9804411,9804411,9804411,9804411,9804411,9804411,9804411,9804411,9804411,9804411,9804411,9804411,9804411,9804411,9804411,9804411,9804411,9804411,9804411,9804411,9804411,9804411,9804411,9804411,9804411,9804411,9804411,9804411,9804411,9804411,9804411,9804411,9804411,9804411,9804411,9804411,9804411,9804411,9804411,9804411,9804411,9804411,9804411,9804411,9804411,9804411,9804411,9804411,9804411,9804411,9804411,9804411,9804411,9804411,9804411,9804411,9804411,9804411,9804411,9804411,9804411,9804411,9804411,9804411,9804411,9804411,9804411,9804411,9804411,9804411,9804411,9804411,9804411,9804411,9804411,9804411,9804411,9804411,9804411,9804411,9804411,601,601,601,601,601,601,601,601,601,601,601,601,601,601,601,601,601,601,601,601,601,601,601,601,601,601,601,601,601,601,601,601,601,601,601,601,601,8011,98044,98044,98044,98044,98044,98044,98044,98044,98044,98044,98044,98044,98044,98044,98044,98044,98044,98044,98044,98044,98044,98044,98044,98044,98044,98044,98044,98044,98044,98044,98044,98044,98044,98044,98044,98044,98044,98044,98044,98044,98044,98044,98044,98044,98044,98044,98044,98044,98044,98044,98044,98044,98044,98044,98044,98044,98044,98044,98044,98044,98044,98044,98044,98044,98044,98044,98044,98044,98044,98044,98044,98044,98044,98044,98044,98044,98044,98044,98044,98044
98044,98044,98044,98044,98044,98044,98044,98044,98044,98044,98044,98044,98044,98044,98044,98044,98044,98044,98044,98044,98044,1019,1019,1019,1019,1019,1019,1019,1019,1019,1019,1019,1019,1019,1019,1019,1019,1019,1019,1019,1019,98043,98043,98043,98043,98043,98043,98043,98043,98043,98043,98043,98043,98043,98043,98043,98043,401,401,401,401,401,401,401,401,401,401,401,401,401,401,401,401,401,401,401,401,401,401,401,98043,98043,98043,98043,98043,98043,98043,98043,98043,98043,98043,98043,98043,98043,98043,98043,98043,98043,98043,98043,98043,98043,98043,98043,98043,98043,98043,98043,98043,98043,98043,98043,98043,98043,98043,98043,98043,98043,98043,98043,98043,98043,98043,98043,98043,98043,98043,98043,98043,98043,98043,98043,98043,98043,98043,98043,98043,98043,98043,98043,98043,98043,98043,98043,98043,98043,98043,98043,98043,98043,98043,98043,98043,98043,98043,9804411,9804411,9804411,9804411,9804411,9804411,9804411,9804411,9804411,9804411,9804411,9804411,9804411,9804411,9804411,9804411,9804411,9804411,9804411,9804411,9804411,9804411,9804411,9804411,9804411,9804411,9804411,9804411,9804411,9804411,9804411,9804411,9804411,9804411,9804411,9804411,9804411,9804411,9804411,9804411,9804411,9804411,9804411,9804411,9804411,9804411,9804411,9804411,9804411,9804411,9804411,9804411,9804411,9804411,9804411,9804411,9804411,9804411,9804411,9804411,9804411,9804411,9804411,9804411,9804411,9804411,9804411,9804411,9804411,9804411,9804411,9804411,9804411,9804411,9804411,9804411,9804411,9804411,9804411,9804411,9804411,9804411,9804411,9804411,9804411,9804411,9804411,9804411,601,601,601,601,601,601,601,601,601,601,601,601,601,601,601,601,601,601,601,601,601,601,601,601,601,601,601,601,601,601,601,601,601,601,601,601,98044,98044,98044,98044,98044,98044,98044,98044,98044,98044,98044,98044,98044,98044,98044,98044,98044,98044,98044,98044,98044,98044,98044,98044,98044,98044,98044,98044,98044,98044,98044,98044,98044,98044,98044,98044,98044,98044,98044,98044,98044,98044,98044,98044,98044,98044,98044,98044,98044,98044,98044,98044,98044,98044,98044,98044,98044,98044,98044,98044,98044,98044,98044,98044,98044,98044,98044,98044,98044,98044,98044,98044,98044,98044,98044,98044,98044,98044,98044,98044,98044
98044,98044,98044,98044,98044,98044,98044,98044,98044,98044,98044,98044,98044,98044,98044,98044,98044,98044,98044,98043,98043,98043,98043,98043,98043,98043,98043,98043,98043,98043,98043,98043,98043,98043,98043,98043,98043,98043,98043,98043,98043,98043,98043,98043,98043,98043,98043,98043,98043,98043,98043,98043,98043,98043,98043,98043,98043,401,401,401,401,401,401,401,401,401,401,401,401,401,401,401,401,401,401,401,401,401,98043,98043,98043,98043,98043,98043,98043,98043,98043,98043,98043,98043,98043,98043,98043,98043,98043,98043,98043,98043,98043,98043,98043,98043,98043,98043,98043,98043,98043,98043,98043,98043,98043,98043,98043,98043,98043,98043,98043,98043,98043,98043,98043,98043,98043,98043,98043,98043,98043,98043,98043,98043,98043,98043,98043,98043,98043,98043,98043,98043,98043,98043,98043,98043,98043,98043,98043,98043,98043,98043,98043,98043,98043,98043,98043,98043,98043,9804411,9804411,9804411,9804411,9804411,9804411,9804411,9804411,9804411,9804411,9804411,9804411,9804411,9804411,9804411,9804411,9804411,9804411,9804411,9804411,9804411,9804411,9804411,9804411,9804411,9804411,9804411,9804411,9804411,9804411,9804411,9804411,9804411,9804411,9804411,9804411,9804411,9804411,9804411,9804411,9804411,9804411,9804411,9804411,9804411,9804411,9804411,9804411,9804411,9804411,9804411,9804411,9804411,9804411,9804411,9804411,9804411,9804411,9804411,9804411,9804411,9804411,9804411,9804411,9804411,9804411,9804411,9804411,9804411,9804411,9804411,9804411,9804411,9804411,9804411,9804411,9804411,9804411,9804411,9804411,9804411,9804411,9804411,9804411,9804411,9804411,9804411,9804411,9804411,601,601,601,601,601,601,601,601,601,601,601,601,601,601,601,601,601,601,601,601,601,601,601,601,601,601,601,601,601,601,601,601,601,601,601,601,98044,98044,98044,98044,98044,98044,98044,98044,98044,98044,98044,98044,98044,98044,98044,98044,98044,98044,98044,98044,98044,98044,98044,98044,98044,98044,98044,98044,98044,98044,98044,98044,98044,98044,98044,98044,98044,98044,98044,98044,98044,98044,98044,98044,98044,98044,98044,98044,98044,98044,98044,98044,98044,98044,98044,98044,98044,98044,98044,98044,98044,98044,98044,98044,98044,98044,98044,98044,98044,98044,98044,98044,98044,98044,98044,98044,98044,98044,98044,98044
98044,98044,98044,98044,98044,98044,98044,98044,98044,98044,98044,98044,98044,98044,98044,98044,98044,98044,98044,98044,98043,98043,98043,98043,98043,98043,98043,98043,98043,98043,98043,98043,98043,98043,98043,98043,98043,98043,98043,98043,98043,98043,98043,98043,98043,98043,98043,98043,98043,98043,98043,98043,98043,98043,98043,98043,98043,401,401,401,401,401,401,401,401,401,401,401,401,401,401,401,401,401,401,98043,98043,98043,98043,98043,98043,98043,98043,98043,98043,98043,98043,98043,98043,98043,98043,98043,98043,98043,98043,98043,98043,98043,98043,98043,98043,98043,98043,98043,98043,98043,98043,98043,98043,98043,98043,98043,98043,98043,98043,98043,98043,98043,98043,98043,98043,98043,98043,98043,98043,98043,98043,98043,98043,98043,98043,98043,98043,98043,98043,98043,98043,98043,98043,98043,98043,98043,98043,98043,98043,98043,98043,98043,98043,98043,98043,98043,98043,98043,98043,9804411,9804411,9804411,9804411,9804411,9804411,9804411,9804411,9804411,9804411,9804411,9804411,9804411,9804411,9804411,9804411,9804411,9804411,9804411,9804411,9804411,9804411,9804411,9804411,9804411,9804411,9804411,9804411,9804411,9804411,9804411,9804411,9804411,9804411,9804411,9804411,9804411,9804411,9804411,9804411,9804411,9804411,9804411,9804411,9804411,9804411,9804411,9804411,9804411,9804411,9804411,9804411,9804411,9804411,9804411,9804411,9804411,9804411,9804411,9804411,9804411,9804411,9804411,9804411,9804411,9804411,9804411,9804411,9804411,9804411,9804411,9804411,9804411,9804411,9804411,9804411,9804411,9804411,9804411,9804411,9804411,9804411,9804411,9804411,9804411,9804411,9804411,9804411,9804411,9804411,601,601,601,601,601,601,601,601,601,601,601,601,601,601,601,601,601,601,601,601,601,601,601,601,601,601,601,601,601,601,601,601,601,601,601,98044,98044,98044,98044,98044,98044,98044,98044,98044,98044,98044,98044,98044,98044,98044,98044,98044,98044,98044,98044,98044,98044,98044,98044,98044,98044,98044,98044,98044,98044,98044,98044,98044,98044,98044,98044,98044,98044,98044,98044,98044,98044,98044,98044,98044,98044,98044,98044,98044,98044,98044,98044,98044,98044,98044,98044,98044,98044,98044,98044,98044,98044,98044,98044,98044,98044,98044,98044,98044,98044,98044,98044,98044,98044,98044,98044,98044,98044,98044,98044
98044,98044,98044,98044,98044,98044,98044,98044,98044,98044,98044,98044,98044,98044,98044,98044,98044,98044,98044,98044,98043,98043,98043,98043,98043,98043,98043,98043,98043,98043,98043,98043,98043,98043,98043,98043,98043,98043,98043,98043,98043,98043,98043,98043,98043,98043,98043,98043,98043,98043,98043,98043,98043,98043,98043,98043,98043,98043,401,401,401,401,401,401,401,401,401,401,401,401,401,401,401,401,98043,98043,98043,98043,98043,98043,98043,98043,98043,98043,98043,98043,98043,98043,98043,98043,98043,98043,98043,98043,98043,98043,98043,98043,98043,98043,98043,98043,98043,98043,98043,98043,98043,98043,98043,98043,98043,98043,98043,98043,98043,98043,98043,98043,98043,98043,98043,98043,98043,98043,98043,98043,98043,98043,98043,98043,98043,98043,98043,98043,98043,98043,98043,98043,98043,98043,98043,98043,98043,98043,98043,98043,98043,98043,98043,98043,98043,98043,98043,98043,98043,9804411,9804411,9804411,9804411,9804411,9804411,9804411,9804411,9804411,9804411,9804411,9804411,9804411,9804411,9804411,9804411,9804411,9804411,9804411,9804411,9804411,9804411,9804411,9804411,9804411,9804411,9804411,9804411,9804411,9804411,9804411,9804411,9804411,9804411,9804411,9804411,9804411,9804411,9804411,9804411,9804411,9804411,9804411,9804411,9804411,9804411,9804411,9804411,9804411,9804411,9804411,9804411,9804411,9804411,9804411,9804411,9804411,9804411,9804411,9804411,9804411,9804411,9804411,9804411,9804411,9804411,9804411,9804411,9804411,9804411,9804411,9804411,9804411,9804411,9804411,9804411,9804411,9804411,9804411,9804411,9804411,9804411,9804411,9804411,9804411,9804411,9804411,9804411,9804411,9804411,9804411,601,601,601,601,601,601,601,601,601,601,601,601,601,601,601,601,601,601,601,601,601,601,601,601,601,601,601,601,601,601,601,601,601,601,601,98044,98044,98044,98044,98044,98044,98044,98044,98044,98044,98044,98044,98044,98044,98044,98044,98044,98044,98044,98044,98044,98044,98044,98044,98044,98044,98044,98044,98044,98044,98044,98044,98044,98044,98044,98044,98044,98044,98044,98044,98044,98044,98044,98044,98044,98044,98044,98044,98044,98044,98044,98044,98044,98044,98044,98044,98044,98044,98044,98044,98044,98044,98044,98044,98044,98044,98044,98044,98044,98044,98044,98044,98044,98044,98044,98044,98044,98044,98044
98044,98044,98044,98044,98044,98044,98044,98044,98044,98044,98044,98044,98044,98044,98044,98044,98044,98044,98044,98044,98043,98043,98043,98043,98043,98043,98043,98043,98043,98043,98043,98043,98043,98043,98043,98043,98043,98043,98043,98043,98043,98043,98043,98043,98043,98043,98043,98043,98043,98043,98043,98043,98043,98043,98043,98043,98043,98043,401,401,401,401,401,401,401,401,401,401,401,401,401,401,98043,98043,98043,98043,98043,98043,98043,98043,98043,98043,98043,98043,98043,98043,98043,98043,98043,98043,98043,98043,98043,98043,98043,98043,98043,98043,98043,98043,98043,98043,98043,98043,98043,98043,98043,98043,98043,98043,98043,98043,98043,98043,98043,98043,98043,98043,98043,98043,98043,98043,98043,98043,98043,98043,98043,98043,98043,98043,98043,98043,98043,98043,98043,98043,98043,98043,98043,98043,98043,98043,98043,98043,98043,98043,98043,98043,98043,98043,98043,98043,98043,98043,98043,9804411,9804411,9804411,9804411,9804411,9804411,9804411,9804411,9804411,9804411,9804411,9804411,9804411,9804411,9804411,9804411,9804411,9804411,9804411,9804411,9804411,9804411,9804411,9804411,9804411,9804411,9804411,9804411,9804411,9804411,9804411,9804411,9804411,9804411,9804411,9804411,9804411,9804411,9804411,9804411,9804411,9804411,9804411,9804411,9804411,9804411,9804411,9804411,9804411,9804411,9804411,9804411,9804411,9804411,9804411,9804411,9804411,9804411,9804411,9804411,9804411,9804411,9804411,9804411,9804411,9804411,9804411,9804411,9804411,9804411,9804411,9804411,9804411,9804411,9804411,9804411,9804411,9804411,9804411,9804411,9804411,9804411,9804411,9804411,9804411,9804411,9804411,9804411,9804411,9804411,9804411,9804411,601,601,601,601,601,601,601,601,601,601,601,601,601,601,601,601,601,601,601,601,601,601,601,601,601,601,601,601,601,601,601,601,601,98044,98044,98044,98044,98044,98044,98044,98044,98044,98044,98044,98044,98044,98044,98044,98044,98044,98044,98044,98044,98044,98044,98044,98044,98044,98044,98044,98044,98044,98044,98044,98044,98044,98044,98044,98044,98044,98044,98044,98044,98044,98044,98044,98044,98044,98044,98044,98044,98044,98044,98044,98044,98044,98044,98044,98044,98044,98044,98044,98044,98044,98044,98044,98044,98044,98044,98044,98044,98044,98044,98044,98044,98044,98044,98044,98044,98044,98044,98044,98044
98044,98044,98044,98044,98044,98044,98044,98044,98044,98044,98044,98044,98044,98044,98044,98044,98044,98044,98044,98044,98043,98043,98043,98043,98043,98043,98043,98043,98043,98043,98043,98043,98043,98043,98043,98043,98043,98043,98043,98043,98043,98043,98043,98043,98043,98043,98043,98043,98043,98043,98043,98043,98043,98043,98043,98043,98043,98043,401,401,401,401,401,401,401,401,401,401,401,401,401,98043,98043,98043,98043,98043,98043,98043,98043,98043,98043,98043,98043,98043,98043,98043,98043,98043,98043,98043,98043,98043,98043,98043,98043,98043,98043,98043,98043,98043,98043,98043,98043,98043,98043,98043,98043,98043,98043,98043,98043,98043,98043,98043,98043,98043,98043,98043,98043,98043,98043,98043,98043,98043,98043,98043,98043,98043,98043,98043,98043,98043,98043,98043,98043,98043,98043,98043,98043,98043,98043,98043,98043,98043,98043,98043,98043,98043,98043,98043,98043,98043,98043,98043,98043,9804411,9804411,9804411,9804411,9804411,9804411,9804411,9804411,9804411,9804411,9804411,9804411,9804411,9804411,9804411,9804411,9804411,9804411,9804411,9804411,9804411,9804411,9804411,9804411,9804411,9804411,9804411,9804411,9804411,9804411,9804411,9804411,9804411,9804411,9804411,9804411,9804411,9804411,9804411,9804411,9804411,9804411,9804411,9804411,9804411,9804411,9804411,9804411,9804411,9804411,9804411,9804411,9804411,9804411,9804411,9804411,9804411,9804411,9804411,9804411,9804411,9804411,9804411,9804411,9804411,9804411,9804411,9804411,9804411,9804411,9804411,9804411,9804411,9804411,9804411,9804411,9804411,9804411,9804411,9804411,9804411,9804411,9804411,9804411,9804411,9804411,9804411,9804411,9804411,9804411,9804411,9804411,601,601,601,601,601,601,601,601,601,601,601,601,601,601,601,601,601,601,601,601,601,601,601,601,601,601,601,601,601,601,601,601,98044,98044,98044,98044,98044,98044,98044,98044,98044,98044,98044,98044,98044,98044,98044,98044,98044,98044,98044,98044,98044,98044,98044,98044,98044,98044,98044,98044,98044,98044,98044,98044,98044,98044,98044,98044,98044,98044,98044,98044,98044,98044,98044,98044,98044,98044,98044,98044,98044,98044,98044,98044,98044,98044,98044,98044,98044,98044,98044,98044,98044,98044,98044,98044,98044,98044,98044,98044,98044,98044,98044,98044,98044,98044,98044,98044,98044,98044,98044,98044,98044
98044,98044,98044,98044,98044,98044,98044,98044,98044,98044,98044,98044,98044,98044,98044,98044,98044,98044,98044,98044,98043,98043,98043,98043,98043,98043,98043,98043,98043,98043,98043,98043,98043,98043,98043,98043,98043,98043,98043,98043,98043,98043,98043,98043,98043,98043,98043,98043,98043,98043,98043,98043,98043,98043,98043,98043,98043,98043,98043,401,401,401,401,401,401,401,401,401,401,98043,98043,98043,98043,98043,98043,98043,98043,98043,98043,98043,98043,98043,98043,98043,98043,98043,98043,98043,98043,98043,98043,98043,98043,98043,98043,98043,98043,98043,98043,98043,98043,98043,98043,98043,98043,98043,98043,98043,98043,98043,98043,98043,98043,98043,98043,98043,98043,98043,98043,98043,98043,98043,98043,98043,98043,98043,98043,98043,98043,98043,98043,98043,98043,98043,98043,98043,98043,98043,98043,98043,98043,98043,98043,98043,98043,98043,98043,98043,98043,98043,98043,98043,98043,98043,98043,98043,9804411,9804411,9804411,9804411,9804411,9804411,9804411,9804411,9804411,9804411,9804411,9804411,9804411,9804411,9804411,9804411,9804411,9804411,9804411,9804411,9804411,9804411,9804411,9804411,9804411,9804411,9804411,9804411,9804411,9804411,9804411,9804411,9804411,9804411,9804411,9804411,9804411,9804411,9804411,9804411,9804411,9804411,9804411,9804411,9804411,9804411,9804411,9804411,9804411,9804411,9804411,9804411,9804411,9804411,9804411,9804411,9804411,9804411,9804411,9804411,9804411,9804411,9804411,9804411,9804411,9804411,9804411,9804411,9804411,9804411,9804411,9804411,9804411,9804411,9804411,9804411,9804411,9804411,9804411,9804411,9804411,9804411,9804411,9804411,9804411,9804411,9804411,9804411,9804411,9804411,9804411,9804411,601,601,601,601,601,601,601,601,601,601,601,601,601,601,601,601,601,601,601,601,601,601,601,601,601,601,601,601,601,98044,98044,98044,98044,98044,98044,98044,98044,98044,98044,98044,98044,98044,98044,98044,98044,98044,98044,98044,98044,98044,98044,98044,98044,98044,98044,98044,98044,98044,98044,98044,98044,98044,98044,98044,98044,98044,98044,98044,98044,98044,98044,98044,98044,98044,98044,98044,98044,98044,98044,98044,98044,98044,98044,98044,98044,98044,98044,98044,98044,98044,98044,98044,98044,98044,98044,98044,98044,98044,98044,98044,98044,98044,98044,98044,98044,98044,98044,98044,98044,98044,98044,98044
98044,98044,98044,98044,98044,98044,98044,98044,98044,98044,98044,98044,98044,98044,98044,98044,98044,98044,98044,98044,98043,98043,98043,98043,98043,98043,98043,98043,98043,98043,98043,98043,98043,98043,98043,98043,98043,98043,98043,98043,98043,98043,98043,98043,98043,98043,98043,98043,98043,98043,98043,98043,98043,98043,98043,98043,98043,98043,98043,401,401,401,401,401,401,401,401,98043,98043,98043,98043,98043,98043,98043,98043,98043,98043,98043,98043,98043,98043,98043,98043,98043,98043,98043,98043,98043,98043,98043,98043,98043,98043,98043,98043,98043,98043,98043,98043,98043,98043,98043,98043,98043,98043,98043,98043,98043,98043,98043,98043,98043,98043,98043,98043,98043,98043,98043,98043,98043,98043,98043,98043,98043,98043,98043,98043,98043,98043,98043,98043,98043,98043,98043,98043,98043,98043,98043,98043,98043,98043,98043,98043,98043,98043,98043,98043,98043,98043,98043,98043,98043,98043,98043,98043,98043,9804411,9804411,9804411,9804411,9804411,9804411,9804411,9804411,9804411,9804411,9804411,9804411,9804411,9804411,9804411,9804411,9804411,9804411,9804411,9804411,9804411,9804411,9804411,9804411,9804411,9804411,9804411,9804411,9804411,9804411,9804411,9804411,9804411,9804411,9804411,9804411,9804411,9804411,9804411,9804411,9804411,9804411,9804411,9804411,9804411,9804411,9804411,9804411,9804411,9804411,9804411,9804411,9804411,9804411,9804411,9804411,9804411,9804411,9804411,9804411,9804411,9804411,9804411,9804411,9804411,9804411,9804411,9804411,9804411,9804411,9804411,9804411,9804411,9804411,9804411,9804411,9804411,9804411,9804411,9804411,9804411,9804411,9804411,9804411,9804411,9804411,9804411,9804411,9804411,9804411,9804411,9804411,9804411,601,601,601,601,601,601,601,601,601,601,601,601,601,601,601,601,601,601,601,601,601,601,601,601,601,601,601,98044,98044,98044,98044,98044,98044,98044,98044,98044,98044,98044,98044,98044,98044,98044,98044,98044,98044,98044,98044,98044,98044,98044,98044,98044,98044,98044,98044,98044,98044,98044,98044,98044,98044,98044,98044,98044,98044,98044,98044,98044,98044,98044,98044,98044,98044,98044,98044,98044,98044,98044,98044,98044,98044,98044,98044,98044,98044,98044,98044,98044,98044,98044,98044,98044,98044,98044,98044,98044,98044,98044,98044,98044,98044,98044,98044,98044,98044,98044,98044,98044,98044,98044,98044
98044,98044,98044,98044,98044,98044,98044,98044,98044,98044,98044,98044,98044,98044,98044,98044,98044,98044,98044,98044,98043,98043,98043,98043,98043,98043,98043,98043,98043,98043,98043,98043,98043,98043,98043,98043,98043,98043,98043,98043,98043,98043,98043,98043,98043,98043,98043,98043,98043,98043,98043,98043,98043,98043,98043,98043,98043,98043,98043,401,401,401,401,401,401,401,98043,98043,98043,98043,98043,98043,98043,98043,98043,98043,98043,98043,98043,98043,98043,98043,98043,98043,98043,98043,98043,98043,98043,98043,98043,98043,98043,98043,98043,98043,98043,98043,98043,98043,98043,98043,98043,98043,98043,98043,98043,98043,98043,98043,98043,98043,98043,98043,98043,98043,98043,98043,98043,98043,98043,98043,98043,98043,98043,98043,98043,98043,98043,98043,98043,98043,98043,98043,98043,98043,98043,98043,98043,98043,98043,98043,98043,98043,98043,98043,98043,98043,98043,98043,98043,98043,98043,98043,98043,98043,9804411,9804411,9804411,9804411,9804411,9804411,9804411,9804411,9804411,9804411,9804411,9804411,9804411,9804411,9804411,9804411,9804411,9804411,9804411,9804411,9804411,9804411,9804411,9804411,9804411,9804411,9804411,9804411,9804411,9804411,9804411,9804411,9804411,9804411,9804411,9804411,9804411,9804411,9804411,9804411,9804411,9804411,9804411,9804411,9804411,9804411,9804411,9804411,9804411,9804411,9804411,9804411,9804411,9804411,9804411,9804411,9804411,9804411,9804411,9804411,9804411,9804411,9804411,9804411,9804411,9804411,9804411,9804411,9804411,9804411,9804411,9804411,9804411,9804411,9804411,9804411,9804411,9804411,9804411,9804411,9804411,9804411,9804411,9804411,9804411,9804411,9804411,9804411,9804411,9804411,9804411,9804411,9804411,9804411,601,601,601,601,601,601,601,601,601,601,601,601,601,601,601,601,601,601,601,601,601,601,601,98044,98044,98044,98044,98044,98044,98044,98044,98044,98044,98044,98044,98044,98044,98044,98044,98044,98044,98044,98044,98044,98044,98044,98044,98044,98044,98044,98044,98044,98044,98044,98044,98044,98044,98044,98044,98044,98044,98044,98044,98044,98044,98044,98044,98044,98044,98044,98044,98044,98044,98044,98044,98044,98044,98044,98044,98044,98044,98044,98044,98044,98044,98044,98044,98044,98044,98044,98044,98044,98044,98044,98044,98044,98044,98044,98044,98044,98044,98044,98044,98044,98044,98044,98044,98044,98044,98044
98044,98044,98044,98044,98044,98044,98044,98044,98044,98044,98044,98044,98044,98044,98044,98044,98044,98044,98044,98044,98043,98043,98043,98043,98043,98043,98043,98043,98043,98043,98043,98043,98043,98043,98043,98043,98043,98043,98043,98043,98043,98043,98043,98043,98043,98043,98043,98043,98043,98043,98043,98043,98043,98043,98043,98043,98043,98043,98043,401,401,401,401,401,98043,98043,98043,98043,98043,98043,98043,98043,98043,98043,98043,98043,98043,98043,98043,98043,98043,98043,98043,98043,98043,98043,98043,98043,98043,98043,98043,98043,98043,98043,98043,98043,98043,98043,98043,98043,98043,98043,98043,98043,98043,98043,98043,98043,98043,98043,98043,98043,98043,98043,98043,98043,98043,98043,98043,98043,98043,98043,98043,98043,98043,98043,98043,98043,98043,98043,98043,98043,98043,98043,98043,98043,98043,98043,98043,98043,98043,98043,98043,98043,98043,98043,98043,98043,98043,98043,98043,98043,98043,98043,98043,98043,9804411,9804411,9804411,9804411,9804411,9804411,9804411,9804411,9804411,9804411,9804411,9804411,9804411,9804411,9804411,9804411,9804411,9804411,9804411,9804411,9804411,9804411,9804411,9804411,9804411,9804411,9804411,9804411,9804411,9804411,9804411,9804411,9804411,9804411,9804411,9804411,9804411,9804411,9804411,9804411,9804411,9804411,9804411,9804411,9804411,9804411,9804411,9804411,9804411,9804411,9804411,9804411,9804411,9804411,9804411,9804411,9804411,9804411,9804411,9804411,9804411,9804411,9804411,9804411,9804411,9804411,9804411,9804411,9804411,9804411,9804411,9804411,9804411,9804411,9804411,9804411,9804411,9804411,9804411,9804411,9804411,9804411,9804411,9804411,9804411,9804411,9804411,9804411,9804411,9804411,9804411,9804411,9804411,9804411,9804411,601,601,601,601,601,601,601,601,601,601,601,601,601,601,601,601,601,601,601,98044,98044,98044,98044,98044,98044,98044,98044,98044,98044,98044,98044,98044,98044,98044,98044,98044,98044,98044,98044,98044,98044,98044,98044,98044,98044,98044,98044,98044,98044,98044,98044,98044,98044,98044,98044,98044,98044,98044,98044,98044,98044,98044,98044,98044,98044,98044,98044,98044,98044,98044,98044,98044,98044,98044,98044,98044,98044,98044,98044,98044,98044,98044,98044,98044,98044,98044,98044,98044,98044,98044,98044,98044,98044,98044,98044,98044,98044,98044,98044,98044,98044,98044,98044,98044,98044,98044,98044,98044,98044
98044,98044,98044,98044,98044,98044,98044,98044,98044,98044,98044,98044,98044,98044,98044,98044,98044,98044,98044,98044,98043,98043,98043,98043,98043,98043,98043,98043,98043,98043,98043,98043,98043,98043,98043,98043,98043,98043,98043,98043,98043,98043,98043,98043,98043,98043,98043,98043,98043,98043,98043,98043,98043,98043,98043,98043,98043,98043,98043,98043,401,401,98043,98043,98043,98043,98043,98043,98043,98043,98043,98043,98043,98043,98043,98043,98043,98043,98043,98043,98043,98043,98043,98043,98043,98043,98043,98043,98043,98043,98043,98043,98043,98043,98043,98043,98043,98043,98043,98043,98043,98043,98043,98043,98043,98043,98043,98043,98043,98043,98043,98043,98043,98043,98043,98043,98043,98043,98043,98043,98043,98043,98043,98043,98043,98043,98043,98043,98043,98043,98043,98043,98043,98043,98043,98043,98043,98043,98043,98043,98043,98043,98043,98043,98043,98043,98043,98043,98043,98043,98043,98043,98043,98043,98043,98043,9804411,9804411,9804411,9804411,9804411,9804411,9804411,9804411,9804411,9804411,9804411,9804411,9804411,9804411,9804411,9804411,9804411,9804411,9804411,9804411,9804411,9804411,9804411,9804411,9804411,9804411,9804411,9804411,9804411,9804411,9804411,9804411,9804411,9804411,9804411,9804411,9804411,9804411,9804411,9804411,9804411,9804411,9804411,9804411,9804411,9804411,9804411,9804411,9804411,9804411,9804411,9804411,9804411,9804411,9804411,9804411,9804411,9804411,9804411,9804411,9804411,9804411,9804411,9804411,9804411,9804411,9804411,9804411,9804411,9804411,9804411,9804411,9804411,9804411,9804411,9804411,9804411,9804411,9804411,9804411,9804411,9804411,9804411,9804411,9804411,9804411,9804411,9804411,9804411,9804411,9804411,9804411,9804411,9804411,9804411,601,601,601,601,601,601,601,601,601,601,601,601,601,601,601,601,98044,98044,98044,98044,98044,98044,98044,98044,98044,98044,98044,98044,98044,98044,98044,98044,98044,98044,98044,98044,98044,98044,98044,98044,98044,98044,98044,98044,98044,98044,98044,98044,98044,98044,98044,98044,98044,98044,98044,98044,98044,98044,98044,98044,98044,98044,98044,98044,98044,98044,98044,98044,98044,98044,98044,98044,98044,98044,98044,98044,98044,98044,98044,98044,98044,98044,98044,98044,98044,98044,98044,98044,98044,98044,98044,98044,98044,98044,98044,98044,98044,98044,98044,98044,98044,98044,98044,98044,98044,98044,98044,98044,98044
98044,98044,98044,98044,98044,98044,98044,98044,98044,98044,98044,98044,98044,98044,98044,98044,98044,98044,98044,98044,98043,98043,98043,98043,98043,98043,98043,98043,98043,98043,98043,98043,98043,98043,98043,98043,98043,98043,98043,98043,98043,98043,98043,98043,98043,98043,98043,98043,98043,98043,98043,98043,98043,98043,98043,98043,98043,98043,98043,98043,401,98043,98043,98043,98043,98043,98043,98043,98043,98043,98043,98043,98043,98043,98043,98043,98043,98043,98043,98043,98043,98043,98043,98043,98043,98043,98043,98043,98043,98043,98043,98043,98043,98043,98043,98043,98043,98043,98043,98043,98043,98043,98043,98043,98043,98043,98043,98043,98043,98043,98043,98043,98043,98043,98043,98043,98043,98043,98043,98043,98043,98043,98043,98043,98043,98043,98043,98043,98043,98043,98043,98043,98043,98043,98043,98043,98043,98043,98043,98043,98043,98043,98043,98043,98043,98043,98043,98043,98043,98043,98043,98043,98043,98043,98043,98043,98043,9804411,9804411,9804411,9804411,9804411,9804411,9804411,9804411,9804411,9804411,9804411,9804411,9804411,9804411,9804411,9804411,9804411,9804411,9804411,9804411,9804411,9804411,9804411,9804411,9804411,9804411,9804411,9804411,9804411,9804411,9804411,9804411,9804411,9804411,9804411,9804411,9804411,9804411,9804411,9804411,9804411,9804411,9804411,9804411,9804411,9804411,9804411,9804411,9804411,9804411,9804411,9804411,9804411,9804411,9804411,9804411,9804411,9804411,9804411,9804411,9804411,9804411,9804411,9804411,9804411,9804411,9804411,9804411,9804411,9804411,9804411,9804411,9804411,9804411,9804411,9804411,9804411,9804411,9804411,9804411,9804411,9804411,9804411,9804411,9804411,9804411,9804411,9804411,9804411,9804411,9804411,9804411,9804411,9804411,9804411,601,601,601,601,601,601,601,601,601,601,601,9804411,98044,98044,98044,98044,98044,98044,98044,98044,98044,98044,98044,98044,98044,98044,98044,98044,98044,98044,98044,98044,98044,98044,98044,98044,98044,98044,98044,98044,98044,98044,98044,98044,98044,98044,98044,98044,98044,98044,98044,98044,98044,98044,98044,98044,98044,98044,98044,98044,98044,98044,98044,98044,98044,98044,98044,98044,98044,98044,98044,98044,98044,98044,98044,98044,98044,98044,98044,98044,98044,98044,98044,98044,98044,98044,98044,98044,98044,98044,98044,98044,98044,98044,98044,98044,98044,98044,98044,98044,98044,98044,98044,98044,98044,98044,98044,98044
98044,98044,98044,98044,98044,98044,98044,98044,98044,98044,98044,98044,98044,98044,98044,98044,98044,98044,98044,98044,98043,98043,98043,98043,98043,98043,98043,98043,98043,98043,98043,98043,98043,98043,98043,98043,98043,98043,98043,98043,98043,98043,98043,98043,98043,98043,98043,98043,98043,98043,98043,98043,98043,98043,98043,98043,98043,98043,98043,98043,98043,98043,98043,98043,98043,98043,98043,98043,98043,98043,98043,98043,98043,98043,98043,98043,98043,98043,98043,98043,98043,98043,98043,98043,98043,98043,98043,98043,98043,98043,98043,98043,98043,98043,98043,98043,98043,98043,98043,98043,98043,98043,98043,98043,98043,98043,98043,98043,98043,98043,98043,98043,98043,98043,98043,98043,98043,98043,98043,98043,98043,98043,98043,98043,98043,98043,98043,98043,98043,98043,98043,98043,98043,98043,98043,98043,98043,98043,98043,98043,98043,98043,98043,98043,98043,98043,98043,98043,98043,98043,98043,98043,98043,98043,98043,98043,98043,9804411,9804411,9804411,9804411,9804411,9804411,9804411,9804411,9804411,9804411,9804411,9804411,9804411,9804411,9804411,9804411,9804411,9804411,9804411,9804411,9804411,9804411,9804411,9804411,9804411,9804411,9804411,9804411,9804411,9804411,9804411,9804411,9804411,9804411,9804411,9804411,9804411,9804411,9804411,9804411,9804411,9804411,9804411,9804411,9804411,9804411,9804411,9804411,9804411,9804411,9804411,9804411,9804411,9804411,9804411,9804411,9804411,9804411,9804411,9804411,9804411,9804411,9804411,9804411,9804411,9804411,9804411,9804411,9804411,9804411,9804411,9804411,9804411,9804411,9804411,9804411,9804411,9804411,9804411,9804411,9804411,9804411,9804411,9804411,9804411,9804411,9804411,9804411,9804411,9804411,9804411,9804411,9804411,9804411,9804411,9804411,9804411,9804411,9804411,9804411,9804411,9804411,9804411,9804411,9804411,9804411,9804411,98044,98044,98044,98044,98044,98044,98044,98044,98044,98044,98044,98044,98044,98044,98044,98044,98044,98044,98044,98044,98044,98044,98044,98044,98044,98044,98044,98044,98044,98044,98044,98044,98044,98044,98044,98044,98044,98044,98044,98044,98044,98044,98044,98044,98044,98044,98044,98044,98044,98044,98044,98044,98044,98044,98044,98044,98044,98044,98044,98044,98044,98044,98044,98044,98044,98044,98044,98044,98044,98044,98044,98044,98044,98044,98044,98044,98044,98044,98044,98044,98044,98044,98044,98044,98044,98044,98044,98044,98044,98044,98044,98044,98044,98044,98044,98044
98044,98044,98044,98044,98044,98044,98044,98044,98044,98044,98044,98044,98044,98044,98044,98044,98044,98044,98044,98044,98044,98043,98043,98043,98043,98043,98043,98043,98043,98043,98043,98043,98043,98043,98043,98043,98043,98043,98043,98043,98043,98043,98043,98043,98043,98043,98043,98043,98043,98043,98043,98043,98043,98043,98043,98043,98043,98043,98043,98043,98043,98043,98043,98043,98043,98043,98043,98043,98043,98043,98043,98043,98043,98043,98043,98043,98043,98043,98043,98043,98043,98043,98043,98043,98043,98043,98043,98043,98043,98043,98043,98043,98043,98043,98043,98043,98043,98043,98043,98043,98043,98043,98043,98043,98043,98043,98043,98043,98043,98043,98043,98043,98043,98043,98043,98043,98043,98043,98043,98043,98043,98043,98043,98043,98043,98043,98043,98043,98043,98043,98043,98043,98043,98043,98043,98043,98043,98043,98043,98043,98043,98043,98043,98043,98043,98043,98043,98043,98043,98043,98043,98043,98043,98043,98043,98043,98043,9804411,9804411,9804411,9804411,9804411,9804411,9804411,9804411,9804411,9804411,9804411,9804411,9804411,9804411,9804411,9804411,9804411,9804411,9804411,9804411,9804411,9804411,9804411,9804411,9804411,9804411,9804411,9804411,9804411,9804411,9804411,9804411,9804411,9804411,9804411,9804411,9804411,9804411,9804411,9804411,9804411,9804411,9804411,9804411,9804411,9804411,9804411,9804411,9804411,9804411,9804411,9804411,9804411,9804411,9804411,9804411,9804411,9804411,9804411,9804411,9804411,9804411,9804411,9804411,9804411,9804411,9804411,9804411,9804411,9804411,9804411,9804411,9804411,9804411,9804411,9804411,9804411,9804411,9804411,9804411,9804411,9804411,9804411,9804411,9804411,9804411,9804411,9804411,9804411,9804411,9804411,9804411,9804411,9804411,9804411,9804411,9804411,9804411,9804411,9804411,9804411,9804411,9804411,9804411,9804411,9804411,9804411,98044,98044,98044,98044,98044,98044,98044,98044,98044,98044,98044,98044,98044,98044,98044,98044,98044,98044,98044,98044,98044,98044,98044,98044,98044,98044,98044,98044,98044,98044,98044,98044,98044,98044,98044,98044,98044,98044,98044,98044,98044,98044,98044,98044,98044,98044,98044,98044,98044,98044,98044,98044,98044,98044,98044,98044,98044,98044,98044,98044,98044,98044,98044,98044,98044,98044,98044,98044,98044,98044,98044,98044,98044,98044,98044,98044,98044,98044,98044,98044,98044,98044,98044,98044,98044,98044,98044,98044,98044,98044,98044,98044,98044,98044,98044,98044
98044,98044,98044,98044,98044,98044,98044,98044,98044,98044,98044,98044,98044,98044,98044,98044,98044,98044,98044,98044,98044,98043,98043,98043,98043,98043,98043,98043,98043,98043,98043,98043,98043,98043,98043,98043,98043,98043,98043,98043,98043,98043,98043,98043,98043,98043,98043,98043,98043,98043,98043,98043,98043,98043,98043,98043,98043,98043,98043,98043,98043,98043,98043,98043,98043,98043,98043,98043,98043,98043,98043,98043,98043,98043,98043,98043,98043,98043,98043,98043,98043,98043,98043,98043,98043,98043,98043,98043,98043,98043,98043,98043,98043,98043,98043,98043,98043,98043,98043,98043,98043,98043,98043,98043,98043,98043,98043,98043,98043,98043,98043,98043,98043,98043,98043,98043,98043,98043,98043,98043,98043,98043,98043,98043,98043,98043,98043,98043,98043,98043,98043,98043,98043,98043,98043,98043,98043,98043,98043,98043,98043,98043,98043,98043,98043,98043,98043,98043,98043,98043,98043,98043,98043,98043,98043,98043,98043,9804411,9804411,9804411,9804411,9804411,9804411,9804411,9804411,9804411,9804411,9804411,9804411,9804411,9804411,9804411,9804411,9804411,9804411,9804411,9804411,9804411,9804411,9804411,9804411,9804411,9804411,9804411,9804411,9804411,9804411,9804411,9804411,9804411,9804411,9804411,9804411,9804411,9804411,9804411,9804411,9804411,9804411,9804411,9804411,9804411,9804411,9804411,9804411,9804411,9804411,9804411,9804411,9804411,9804411,9804411,9804411,9804411,9804411,9804411,9804411,9804411,9804411,9804411,9804411,9804411,9804411,9804411,9804411,9804411,9804411,9804411,9804411,9804411,9804411,9804411,9804411,9804411,9804411,9804411,9804411,9804411,9804411,9804411,9804411,9804411,9804411,9804411,9804411,9804411,9804411,9804411,9804411,9804411,9804411,9804411,9804411,9804411,9804411,9804411,9804411,9804411,9804411,9804411,9804411,9804411,9804411,9804411,98044,98044,98044,98044,98044,98044,98044,98044,98044,98044,98044,98044,98044,98044,98044,98044,98044,98044,98044,98044,98044,98044,98044,98044,98044,98044,98044,98044,98044,98044,98044,98044,98044,98044,98044,98044,98044,98044,98044,98044,98044,98044,98044,98044,98044,98044,98044,98044,98044,98044,98044,98044,98044,98044,98044,98044,98044,98044,98044,98044,98044,98044,98044,98044,98044,98044,98044,98044,98044,98044,98044,98044,98044,98044,98044,98044,98044,98044,98044,98044,98044,98044,98044,98044,98044,98044,98044,98044,98044,98044,98044,98044,98044,98044,98044,98044
98044,98044,98044,98044,98044,98044,98044,98044,98044,98044,98044,98044,98044,98044,98044,98044,98044,98044,98044,98044,98044,98043,98043,98043,98043,98043,98043,98043,98043,98043,98043,98043,98043,98043,98043,98043,98043,98043,98043,98043,98043,98043,98043,98043,98043,98043,98043,98043,98043,98043,98043,98043,98043,98043,98043,98043,98043,98043,98043,98043,98043,98043,98043,98043,98043,98043,98043,98043,98043,98043,98043,98043,98043,98043,98043,98043,98043,98043,98043,98043,98043,98043,98043,98043,98043,98043,98043,98043,98043,98043,98043,98043,98043,98043,98043,98043,98043,98043,98043,98043,98043,98043,98043,98043,98043,98043,98043,98043,98043,98043,98043,98043,98043,98043,98043,98043,98043,98043,98043,98043,98043,98043,98043,98043,98043,98043,98043,98043,98043,98043,98043,98043,98043,98043,98043,98043,98043,98043,98043,98043,98043,98043,98043,98043,98043,98043,98043,98043,98043,98043,98043,98043,98043,98043,98043,98043,98043,98043,9804411,9804411,9804411,9804411,9804411,9804411,9804411,9804411,9804411,9804411,9804411,9804411,9804411,9804411,9804411,9804411,9804411,9804411,9804411,9804411,9804411,9804411,9804411,9804411,9804411,9804411,9804411,9804411,9804411,9804411,9804411,9804411,9804411,9804411,9804411,9804411,9804411,9804411,9804411,9804411,9804411,9804411,9804411,9804411,9804411,9804411,9804411,9804411,9804411,9804411,9804411,9804411,9804411,9804411,9804411,9804411,9804411,9804411,9804411,9804411,9804411,9804411,9804411,9804411,9804411,9804411,9804411,9804411,9804411,9804411,9804411,9804411,9804411,9804411,9804411,9804411,9804411,9804411,9804411,9804411,9804411,9804411,9804411,9804411,9804411,9804411,9804411,9804411,9804411,9804411,9804411,9804411,9804411,9804411,9804411,9804411,9804411,9804411,9804411,9804411,9804411,9804411,9804411,9804411,9804411,9804411,98044,98044,98044,98044,98044,98044,98044,98044,98044,98044,98044,98044,98044,98044,98044,98044,98044,98044,98044,98044,98044,98044,98044,98044,98044,98044,98044,98044,98044,98044,98044,98044,98044,98044,98044,98044,98044,98044,98044,98044,98044,98044,98044,98044,98044,98044,98044,98044,98044,98044,98044,98044,98044,98044,98044,98044,98044,98044,98044,98044,98044,98044,98044,98044,98044,98044,98044,98044,98044,98044,98044,98044,98044,98044,98044,98044,98044,98044,98044,98044,98044,98044,98044,98044,98044,98044,98044,98044,98044,98044,98044,98044,98044,98044,98044,98044
98044,98044,98044,98044,98044,98044,98044,98044,98044,98044,98044,98044,98044,98044,98044,98044,98044,98044,98044,98044,98044,98043,98043,98043,98043,98043,98043,98043,98043,98043,98043,98043,98043,98043,98043,98043,98043,98043,98043,98043,98043,98043,98043,98043,98043,98043,98043,98043,98043,98043,98043,98043,98043,98043,98043,98043,98043,98043,98043,98043,98043,98043,98043,98043,98043,98043,98043,98043,98043,98043,98043,98043,98043,98043,98043,98043,98043,98043,98043,98043,98043,98043,98043,98043,98043,98043,98043,98043,98043,98043,98043,98043,98043,98043,98043,98043,98043,98043,98043,98043,98043,98043,98043,98043,98043,98043,98043,98043,98043,98043,98043,98043,98043,98043,98043,98043,98043,98043,98043,98043,98043,98043,98043,98043,98043,98043,98043,98043,98043,98043,98043,98043,98043,98043,98043,98043,98043,98043,98043,98043,98043,98043,98043,98043,98043,98043,98043,98043,98043,98043,98043,98043,98043,98043,98043,98043,98043,98043,9804411,9804411,9804411,9804411,9804411,9804411,9804411,9804411,9804411,9804411,9804411,9804411,9804411,9804411,9804411,9804411,9804411,9804411,9804411,9804411,9804411,9804411,9804411,9804411,9804411,9804411,9804411,9804411,9804411,9804411,9804411,9804411,9804411,9804411,9804411,9804411,9804411,9804411,9804411,9804411,9804411,9804411,9804411,9804411,9804411,9804411,9804411,9804411,9804411,9804411,9804411,9804411,9804411,9804411,9804411,9804411,9804411,9804411,9804411,9804411,9804411,9804411,9804411,9804411,9804411,9804411,9804411,9804411,9804411,9804411,9804411,9804411,9804411,9804411,9804411,9804411,9804411,9804411,9804411,9804411,9804411,9804411,9804411,9804411,9804411,9804411,9804411,9804411,9804411,9804411,9804411,9804411,9804411,9804411,9804411,9804411,9804411,9804411,9804411,9804411,9804411,9804411,9804411,9804411,9804411,9804411,98044,98044,98044,98044,98044,98044,98044,98044,98044,98044,98044,98044,98044,98044,98044,98044,98044,98044,98044,98044,98044,98044,98044,98044,98044,98044,98044,98044,98044,98044,98044,98044,98044,98044,98044,98044,98044,98044,98044,98044,98044,98044,98044,98044,98044,98044,98044,98044,98044,98044,98044,98044,98044,98044,98044,98044,98044,98044,98044,98044,98044,98044,98044,98044,98044,98044,98044,98044,98044,98044,98044,98044,98044,98044,98044,98044,98044,98044,98044,98044,98044,98044,98044,98044,98044,98044,98044,98044,98044,98044,98044,98044,98044,98044,98044,98044
98044,98044,98044,98044,98044,98044,98044,98044,98044,98044,98044,98044,98044,98044,98044,98044,98044,98044,98044,98044,98044,98043,98043,98043,98043,98043,98043,98043,98043,98043,98043,98043,98043,98043,98043,98043,98043,98043,98043,98043,98043,98043,98043,98043,98043,98043,98043,98043,98043,98043,98043,98043,98043,98043,98043,98043,98043,98043,98043,98043,98043,98043,98043,98043,98043,98043,98043,98043,98043,98043,98043,98043,98043,98043,98043,98043,98043,98043,98043,98043,98043,98043,98043,98043,98043,98043,98043,98043,98043,98043,98043,98043,98043,98043,98043,98043,98043,98043,98043,98043,98043,98043,98043,98043,98043,98043,98043,98043,98043,98043,98043,98043,98043,98043,98043,98043,98043,98043,98043,98043,98043,98043,98043,98043,98043,98043,98043,98043,98043,98043,98043,98043,98043,98043,98043,98043,98043,98043,98043,98043,98043,98043,98043,98043,98043,98043,98043,98043,98043,98043,98043,98043,98043,98043,98043,98043,98043,98043,9804411,9804411,9804411,9804411,9804411,9804411,9804411,9804411,9804411,9804411,9804411,9804411,9804411,9804411,9804411,9804411,9804411,9804411,9804411,9804411,9804411,9804411,9804411,9804411,9804411,9804411,9804411,9804411,9804411,9804411,9804411,9804411,9804411,9804411,9804411,9804411,9804411,9804411,9804411,9804411,9804411,9804411,9804411,9804411,9804411,9804411,9804411,9804411,9804411,9804411,9804411,9804411,9804411,9804411,9804411,9804411,9804411,9804411,9804411,9804411,9804411,9804411,9804411,9804411,9804411,9804411,9804411,9804411,9804411,9804411,9804411,9804411,9804411,9804411,9804411,9804411,9804411,9804411,9804411,9804411,9804411,9804411,9804411,9804411,9804411,9804411,9804411,9804411,9804411,9804411,9804411,9804411,9804411,9804411,9804411,9804411,9804411,9804411,9804411,9804411,9804411,9804411,9804411,9804411,9804411,9804411,98044,98044,98044,98044,98044,98044,98044,98044,98044,98044,98044,98044,98044,98044,98044,98044,98044,98044,98044,98044,98044,98044,98044,98044,98044,98044,98044,98044,98044,98044,98044,98044,98044,98044,98044,98044,98044,98044,98044,98044,98044,98044,98044,98044,98044,98044,98044,98044,98044,98044,98044,98044,98044,98044,98044,98044,98044,98044,98044,98044,98044,98044,98044,98044,98044,98044,98044,98044,98044,98044,98044,98044,98044,98044,98044,98044,98044,98044,98044,98044,98044,98044,98044,98044,98044,98044,98044,98044,98044,98044,98044,98044,98044,98044,98044,98044
98044,98044,98044,98044,98044,98044,98044,98044,98044,98044,98044,98044,98044,98044,98044,98044,98044,98044,98044,98044,98044,98043,98043,98043,98043,98043,98043,98043,98043,98043,98043,98043,98043,98043,98043,98043,98043,98043,98043,98043,98043,98043,98043,98043,98043,98043,98043,98043,98043,98043,98043,98043,98043,98043,98043,98043,98043,98043,98043,98043,98043,98043,98043,98043,98043,98043,98043,98043,98043,98043,98043,98043,98043,98043,98043,98043,98043,98043,98043,98043,98043,98043,98043,98043,98043,98043,98043,98043,98043,98043,98043,98043,98043,98043,98043,98043,98043,98043,98043,98043,98043,98043,98043,98043,98043,98043,98043,98043,98043,98043,98043,98043,98043,98043,98043,98043,98043,98043,98043,98043,98043,98043,98043,98043,98043,98043,98043,98043,98043,98043,98043,98043,98043,98043,98043,98043,98043,98043,98043,98043,98043,98043,98043,98043,98043,98043,98043,98043,98043,98043,98043,98043,98043,98043,98043,98043,98043,98043,98043,98043,98043,98043,9804411,9804411,9804411,9804411,9804411,9804411,9804411,9804411,9804411,9804411,9804411,9804411,9804411,9804411,9804411,9804411,9804411,9804411,9804411,9804411,9804411,9804411,9804411,9804411,9804411,9804411,9804411,9804411,9804411,9804411,9804411,9804411,9804411,9804411,9804411,9804411,9804411,9804411,9804411,9804411,9804411,9804411,9804411,9804411,9804411,9804411,9804411,9804411,9804411,9804411,9804411,9804411,9804411,9804411,9804411,9804411,9804411,9804411,9804411,9804411,9804411,9804411,9804411,9804411,9804411,9804411,9804411,9804411,9804411,9804411,9804411,9804411,9804411,9804411,9804411,9804411,9804411,9804411,9804411,9804411,9804411,9804411,9804411,9804411,9804411,9804411,9804411,9804411,9804411,9804411,9804411,9804411,9804411,9804411,9804411,9804411,9804411,9804411,9804411,9804411,9804411,9804411,98044,98044,98044,98044,98044,98044,98044,98044,98044,98044,98044,98044,98044,98044,98044,98044,98044,98044,98044,98044,98044,98044,98044,98044,98044,98044,98044,98044,98044,98044,98044,98044,98044,98044,98044,98044,98044,98044,98044,98044,98044,98044,98044,98044,98044,98044,98044,98044,98044,98044,98044,98044,98044,98044,98044,98044,98044,98044,98044,98044,98044,98044,98044,98044,98044,98044,98044,98044,98044,98044,98044,98044,98044,98044,98044,98044,98044,98044,98044,98044,98044,98044,98044,98044,98044,98044,98044,98044,98044,98044,98044,98044,98044,98044,98044,98044
98044,98044,98044,98044,98044,98044,98044,98044,98044,98044,98044,98044,98044,98044,98044,98044,98044,98044,98044,98044,98044,98043,98043,98043,98043,98043,98043,98043,98043,98043,98043,98043,98043,98043,98043,98043,98043,98043,98043,98043,98043,98043,98043,98043,98043,98043,98043,98043,98043,98043,98043,98043,98043,98043,98043,98043,98043,98043,98043,98043,98043,98043,98043,98043,98043,98043,98043,98043,98043,98043,98043,98043,98043,98043,98043,98043,98043,98043,98043,98043,98043,98043,98043,98043,98043,98043,98043,98043,98043,98043,98043,98043,98043,98043,98043,98043,98043,98043,98043,98043,98043,98043,98043,98043,98043,98043,98043,98043,98043,98043,98043,98043,98043,98043,98043,98043,98043,98043,98043,98043,98043,98043,98043,98043,98043,98043,98043,98043,98043,98043,98043,98043,98043,98043,98043,98043,98043,98043,98043,98043,98043,98043,98043,98043,98043,98043,98043,98043,98043,98043,98043,98043,98043,98043,98043,98043,98043,98043,98043,98043,98043,98043,9804411,9804411,9804411,9804411,9804411,9804411,9804411,9804411,9804411,9804411,9804411,9804411,9804411,9804411,9804411,9804411,9804411,9804411,9804411,9804411,9804411,9804411,9804411,9804411,9804411,9804411,9804411,9804411,9804411,9804411,9804411,9804411,9804411,9804411,9804411,9804411,9804411,9804411,9804411,9804411,9804411,9804411,9804411,9804411,9804411,9804411,9804411,9804411,9804411,9804411,9804411,9804411,9804411,9804411,9804411,9804411,9804411,9804411,9804411,9804411,9804411,9804411,9804411,9804411,9804411,9804411,9804411,9804411,9804411,9804411,9804411,9804411,9804411,9804411,9804411,9804411,9804411,9804411,9804411,9804411,9804411,9804411,9804411,9804411,9804411,9804411,9804411,9804411,9804411,9804411,9804411,9804411,9804411,9804411,9804411,9804411,9804411,9804411,9804411,9804411,9804411,9804411,98044,98044,98044,98044,98044,98044,98044,98044,98044,98044,98044,98044,98044,98044,98044,98044,98044,98044,98044,98044,98044,98044,98044,98044,98044,98044,98044,98044,98044,98044,98044,98044,98044,98044,98044,98044,98044,98044,98044,98044,98044,98044,98044,98044,98044,98044,98044,98044,98044,98044,98044,98044,98044,98044,98044,98044,98044,98044,98044,98044,98044,98044,98044,98044,98044,98044,98044,98044,98044,98044,98044,98044,98044,98044,98044,98044,98044,98044,98044,98044,98044,98044,98044,98044,98044,98044,98044,98044,98044,98044,98044,98044,98044,98044,98044,98044
98044,98044,98044,98044,98044,98044,98044,98044,98044,98044,98044,98044,98044,98044,98044,98044,98044,98044,98044,98044,98044,98043,98043,98043,98043,98043,98043,98043,98043,98043,98043,98043,98043,98043,98043,98043,98043,98043,98043,98043,98043,98043,98043,98043,98043,98043,98043,98043,98043,98043,98043,98043,98043,98043,98043,98043,98043,98043,98043,98043,98043,98043,98043,98043,98043,98043,98043,98043,98043,98043,98043,98043,98043,98043,98043,98043,98043,98043,98043,98043,98043,98043,98043,98043,98043,98043,98043,98043,98043,98043,98043,98043,98043,98043,98043,98043,98043,98043,98043,98043,98043,98043,98043,98043,98043,98043,98043,98043,98043,98043,98043,98043,98043,98043,98043,98043,98043,98043,98043,98043,98043,98043,98043,98043,98043,98043,98043,98043,98043,98043,98043,98043,98043,98043,98043,98043,98043,98043,98043,98043,98043,98043,98043,98043,98043,98043,98043,98043,98043,98043,98043,98043,98043,98043,98043,98043,98043,98043,98043,98043,98043,98043,9804411,9804411,9804411,9804411,9804411,9804411,9804411,9804411,9804411,9804411,9804411,9804411,9804411,9804411,9804411,9804411,9804411,9804411,9804411,9804411,9804411,9804411,9804411,9804411,9804411,9804411,9804411,9804411,9804411,9804411,9804411,9804411,9804411,9804411,9804411,9804411,9804411,9804411,9804411,9804411,9804411,9804411,9804411,9804411,9804411,9804411,9804411,9804411,9804411,9804411,9804411,9804411,9804411,9804411,9804411,9804411,9804411,9804411,9804411,9804411,9804411,9804411,9804411,9804411,9804411,9804411,9804411,9804411,9804411,9804411,9804411,9804411,9804411,9804411,9804411,9804411,9804411,9804411,9804411,9804411,9804411,9804411,9804411,9804411,9804411,9804411,9804411,9804411,9804411,9804411,9804411,9804411,9804411,9804411,9804411,9804411,9804411,9804411,9804411,9804411,9804411,9804411,98044,98044,98044,98044,98044,98044,98044,98044,98044,98044,98044,98044,98044,98044,98044,98044,98044,98044,98044,98044,98044,98044,98044,98044,98044,98044,98044,98044,98044,98044,98044,98044,98044,98044,98044,98044,98044,98044,98044,98044,98044,98044,98044,98044,98044,98044,98044,98044,98044,98044,98044,98044,98044,98044,98044,98044,98044,98044,98044,98044,98044,98044,98044,98044,98044,98044,98044,98044,98044,98044,98044,98044,98044,98044,98044,98044,98044,98044,98044,98044,98044,98044,98044,98044,98044,98044,98044,98044,98044,98044,98044,98044,98044,98044,98044,98044
98044,98044,98044,98044,98044,98044,98044,98044,98044,98044,98044,98044,98044,98044,98044,98044,98044,98044,98044,98044,98044,98044,98043,98043,98043,98043,98043,98043,98043,98043,98043,98043,98043,98043,98043,98043,98043,98043,98043,98043,98043,98043,98043,98043,98043,98043,98043,98043,98043,98043,98043,98043,98043,98043,98043,98043,98043,98043,98043,98043,98043,98043,98043,98043,98043,98043,98043,98043,98043,98043,98043,98043,98043,98043,98043,98043,98043,98043,98043,98043,98043,98043,98043,98043,98043,98043,98043,98043,98043,98043,98043,98043,98043,98043,98043,98043,98043,98043,98043,98043,98043,98043,98043,98043,98043,98043,98043,98043,98043,98043,98043,98043,98043,98043,98043,98043,98043,98043,98043,98043,98043,98043,98043,98043,98043,98043,98043,98043,98043,98043,98043,98043,98043,98043,98043,98043,98043,98043,98043,98043,98043,98043,98043,98043,98043,98043,98043,98043,98043,98043,98043,98043,98043,98043,98043,98043,98043,98043,98043,98043,98043,98043,98043,9804411,9804411,9804411,9804411,9804411,9804411,9804411,9804411,9804411,9804411,9804411,9804411,9804411,9804411,9804411,9804411,9804411,9804411,9804411,9804411,9804411,9804411,9804411,9804411,9804411,9804411,9804411,9804411,9804411,9804411,9804411,9804411,9804411,9804411,9804411,9804411,9804411,9804411,9804411,9804411,9804411,9804411,9804411,9804411,9804411,9804411,9804411,9804411,9804411,9804411,9804411,9804411,9804411,9804411,9804411,9804411,9804411,9804411,9804411,9804411,9804411,9804411,9804411,9804411,9804411,9804411,9804411,9804411,9804411,9804411,9804411,9804411,9804411,9804411,9804411,9804411,9804411,9804411,9804411,9804411,9804411,9804411,9804411,9804411,9804411,9804411,9804411,9804411,9804411,9804411,9804411,9804411,9804411,9804411,9804411,9804411,9804411,9804411,9804411,98044,98044,98044,98044,98044,98044,98044,98044,98044,98044,98044,98044,98044,98044,98044,98044,98044,98044,98044,98044,98044,98044,98044,98044,98044,98044,98044,98044,98044,98044,98044,98044,98044,98044,98044,98044,98044,98044,98044,98044,98044,98044,98044,98044,98044,98044,98044,98044,98044,98044,98044,98044,98044,98044,98044,98044,98044,98044,98044,98044,98044,98044,98044,98044,98044,98044,98044,98044,98044,98044,98044,98044,98044,98044,98044,98044,98044,98044,98044,98044,98044,98044,98044,98044,98044,98044,98044,98044,98044,98044,98044,98044,98044,98044,98044,98044,98044,98044
98044,98044,98044,98044,98044,98044,98044,98044,98044,98044,98044,98044,98044,98044,98044,98044,98044,98044,98044,98044,98044,98044,98043,98043,98043,98043,98043,98043,98043,98043,98043,98043,98043,98043,98043,98043,98043,98043,98043,98043,98043,98043,98043,98043,98043,98043,98043,98043,98043,98043,98043,98043,98043,98043,98043,98043,98043,98043,98043,98043,98043,98043,98043,98043,98043,98043,98043,98043,98043,98043,98043,98043,98043,98043,98043,98043,98043,98043,98043,98043,98043,98043,98043,98043,98043,98043,98043,98043,98043,98043,98043,98043,98043,98043,98043,98043,98043,98043,98043,98043,98043,98043,98043,98043,98043,98043,98043,98043,98043,98043,98043,98043,98043,98043,98043,98043,98043,98043,98043,98043,98043,98043,98043,98043,98043,98043,98043,98043,98043,98043,98043,98043,98043,98043,98043,98043,98043,98043,98043,98043,98043,98043,98043,98043,98043,98043,98043,98043,98043,98043,98043,98043,98043,98043,98043,98043,98043,98043,98043,98043,98043,98043,98043,9804411,9804411,9804411,9804411,9804411,9804411,9804411,9804411,9804411,9804411,9804411,9804411,9804411,9804411,9804411,9804411,9804411,9804411,9804411,9804411,9804411,9804411,9804411,9804411,9804411,9804411,9804411,9804411,9804411,9804411,9804411,9804411,9804411,9804411,9804411,9804411,9804411,9804411,9804411,9804411,9804411,9804411,9804411,9804411,9804411,9804411,9804411,9804411,9804411,9804411,9804411,9804411,9804411,9804411,9804411,9804411,9804411,9804411,9804411,9804411,9804411,9804411,9804411,9804411,9804411,9804411,9804411,9804411,9804411,9804411,9804411,9804411,9804411,9804411,9804411,9804411,9804411,9804411,9804411,9804411,9804411,9804411,9804411,9804411,9804411,9804411,9804411,9804411,9804411,9804411,9804411,9804411,9804411,9804411,9804411,9804411,9804411,9804411,9804411,98044,98044,98044,98044,98044,98044,98044,98044,98044,98044,98044,98044,98044,98044,98044,98044,98044,98044,98044,98044,98044,98044,98044,98044,98044,98044,98044,98044,98044,98044,98044,98044,98044,98044,98044,98044,98044,98044,98044,98044,98044,98044,98044,98044,98044,98044,98044,98044,98044,98044,98044,98044,98044,98044,98044,98044,98044,98044,98044,98044,98044,98044,98044,98044,98044,98044,98044,98044,98044,98044,98044,98044,98044,98044,98044,98044,98044,98044,98044,98044,98044,98044,98044,98044,98044,98044,98044,98044,98044,98044,98044,98044,98044,98044,98044,98044,98044,98044
98044,98044,98044,98044,98044,98044,98044,98044,98044,98044,98044,98044,98044,98044,98044,98044,98044,98044,98044,98044,98044,98044,98043,98043,98043,98043,98043,98043,98043,98043,98043,98043,98043,98043,98043,98043,98043,98043,98043,98043,98043,98043,98043,98043,98043,98043,98043,98043,98043,98043,98043,98043,98043,98043,98043,98043,98043,98043,98043,98043,98043,98043,98043,98043,98043,98043,98043,98043,98043,98043,98043,98043,98043,98043,98043,98043,98043,98043,98043,98043,98043,98043,98043,98043,98043,98043,98043,98043,98043,98043,98043,98043,98043,98043,98043,98043,98043,98043,98043,98043,98043,98043,98043,98043,98043,98043,98043,98043,98043,98043,98043,98043,98043,98043,98043,98043,98043,98043,98043,98043,98043,98043,98043,98043,98043,98043,98043,98043,98043,98043,98043,98043,98043,98043,98043,98043,98043,98043,98043,98043,98043,98043,98043,98043,98043,98043,98043,98043,98043,98043,98043,98043,98043,98043,98043,98043,98043,98043,98043,98043,98043,98043,98043,9804411,9804411,9804411,9804411,9804411,9804411,9804411,9804411,9804411,9804411,9804411,9804411,9804411,9804411,9804411,9804411,9804411,9804411,9804411,9804411,9804411,9804411,9804411,9804411,9804411,9804411,9804411,9804411,9804411,9804411,9804411,9804411,9804411,9804411,9804411,9804411,9804411,9804411,9804411,9804411,9804411,9804411,9804411,9804411,9804411,9804411,9804411,9804411,9804411,9804411,9804411,9804411,9804411,9804411,9804411,9804411,9804411,9804411,9804411,9804411,9804411,9804411,9804411,9804411,9804411,9804411,9804411,9804411,9804411,9804411,9804411,9804411,9804411,9804411,9804411,9804411,9804411,9804411,9804411,9804411,9804411,9804411,9804411,9804411,9804411,9804411,9804411,9804411,9804411,9804411,9804411,9804411,9804411,9804411,9804411,9804411,9804411,9804411,9804411,98044,98044,98044,98044,98044,98044,98044,98044,98044,98044,98044,98044,98044,98044,98044,98044,98044,98044,98044,98044,98044,98044,98044,98044,98044,98044,98044,98044,98044,98044,98044,98044,98044,98044,98044,98044,98044,98044,98044,98044,98044,98044,98044,98044,98044,98044,98044,98044,98044,98044,98044,98044,98044,98044,98044,98044,98044,98044,98044,98044,98044,98044,98044,98044,98044,98044,98044,98044,98044,98044,98044,98044,98044,98044,98044,98044,98044,98044,98044,98044,98044,98044,98044,98044,98044,98044,98044,98044,98044,98044,98044,98044,98044,98044,98044,98044,98044,98044
98044,98044,98044,98044,98044,98044,98044,98044,98044,98044,98044,98044,98044,98044,98044,98044,98044,98044,98044,98044,98044,98044,98043,98043,98043,98043,98043,98043,98043,98043,98043,98043,98043,98043,98043,98043,98043,98043,98043,98043,98043,98043,98043,98043,98043,98043,98043,98043,98043,98043,98043,98043,98043,98043,98043,98043,98043,98043,98043,98043,98043,98043,98043,98043,98043,98043,98043,98043,98043,98043,98043,98043,98043,98043,98043,98043,98043,98043,98043,98043,98043,98043,98043,98043,98043,98043,98043,98043,98043,98043,98043,98043,98043,98043,98043,98043,98043,98043,98043,98043,98043,98043,98043,98043,98043,98043,98043,98043,98043,98043,98043,98043,98043,98043,98043,98043,98043,98043,98043,98043,98043,98043,98043,98043,98043,98043,98043,98043,98043,98043,98043,98043,98043,98043,98043,98043,98043,98043,98043,98043,98043,98043,98043,98043,98043,98043,98043,98043,98043,98043,98043,98043,98043,98043,98043,98043,98043,98043,98043,98043,98043,98043,98043,98043,9804411,9804411,9804411,9804411,9804411,9804411,9804411,9804411,9804411,9804411,9804411,9804411,9804411,9804411,9804411,9804411,9804411,9804411,9804411,9804411,9804411,9804411,9804411,9804411,9804411,9804411,9804411,9804411,9804411,9804411,9804411,9804411,9804411,9804411,9804411,9804411,9804411,9804411,9804411,9804411,9804411,9804411,9804411,9804411,9804411,9804411,9804411,9804411,9804411,9804411,9804411,9804411,9804411,9804411,9804411,9804411,9804411,9804411,9804411,9804411,9804411,9804411,9804411,9804411,9804411,9804411,9804411,9804411,9804411,9804411,9804411,9804411,9804411,9804411,9804411,9804411,9804411,9804411,9804411,9804411,9804411,9804411,9804411,9804411,9804411,9804411,9804411,9804411,9804411,9804411,9804411,9804411,9804411,9804411,9804411,9804411,9804411,9804411,98044,98044,98044,98044,98044,98044,98044,98044,98044,98044,98044,98044,98044,98044,98044,98044,98044,98044,98044,98044,98044,98044,98044,98044,98044,98044,98044,98044,98044,98044,98044,98044,98044,98044,98044,98044,98044,98044,98044,98044,98044,98044,98044,98044,98044,98044,98044,98044,98044,98044,98044,98044,98044,98044,98044,98044,98044,98044,98044,98044,98044,98044,98044,98044,98044,98044,98044,98044,98044,98044,98044,98044,98044,98044,98044,98044,98044,98044,98044,98044,98044,98044,98044,98044,98044,98044,98044,98044,98044,98044,98044,98044,98044,98044,98044,98044,98044,98044
98044,98044,98044,98044,98044,98044,98044,98044,98044,98044,98044,98044,98044,98044,98044,98044,98044,98044,98044,98044,98044,98044,98043,98043,98043,98043,98043,98043,98043,98043,98043,98043,98043,98043,98043,98043,98043,98043,98043,98043,98043,98043,98043,98043,98043,98043,98043,98043,98043,98043,98043,98043,98043,98043,98043,98043,98043,98043,98043,98043,98043,98043,98043,98043,98043,98043,98043,98043,98043,98043,98043,98043,98043,98043,98043,98043,98043,98043,98043,98043,98043,98043,98043,98043,98043,98043,98043,98043,98043,98043,98043,98043,98043,98043,98043,98043,98043,98043,98043,98043,98043,98043,98043,98043,98043,98043,98043,98043,98043,98043,98043,98043,98043,98043,98043,98043,98043,98043,98043,98043,98043,98043,98043,98043,98043,98043,98043,98043,98043,98043,98043,98043,98043,98043,98043,98043,98043,98043,98043,98043,98043,98043,98043,98043,98043,98043,98043,98043,98043,98043,98043,98043,98043,98043,98043,98043,98043,98043,98043,98043,98043,98043,98043,98043,9804411,9804411,9804411,9804411,9804411,9804411,9804411,9804411,9804411,9804411,9804411,9804411,9804411,9804411,9804411,9804411,9804411,9804411,9804411,9804411,9804411,9804411,9804411,9804411,9804411,9804411,9804411,9804411,9804411,9804411,9804411,9804411,9804411,9804411,9804411,9804411,9804411,9804411,9804411,9804411,9804411,9804411,9804411,9804411,9804411,9804411,9804411,9804411,9804411,9804411,9804411,9804411,9804411,9804411,9804411,9804411,9804411,9804411,9804411,9804411,9804411,9804411,9804411,9804411,9804411,9804411,9804411,9804411,9804411,9804411,9804411,9804411,9804411,9804411,9804411,9804411,9804411,9804411,9804411,9804411,9804411,9804411,9804411,9804411,9804411,9804411,9804411,9804411,9804411,9804411,9804411,9804411,9804411,9804411,9804411,9804411,9804411,9804411,98044,98044,98044,98044,98044,98044,98044,98044,98044,98044,98044,98044,98044,98044,98044,98044,98044,98044,98044,98044,98044,98044,98044,98044,98044,98044,98044,98044,98044,98044,98044,98044,98044,98044,98044,98044,98044,98044,98044,98044,98044,98044,98044,98044,98044,98044,98044,98044,98044,98044,98044,98044,98044,98044,98044,98044,98044,98044,98044,98044,98044,98044,98044,98044,98044,98044,98044,98044,98044,98044,98044,98044,98044,98044,98044,98044,98044,98044,98044,98044,98044,98044,98044,98044,98044,98044,98044,98044,98044,98044,98044,98044,98044,98044,98044,98044,98044,98044
98044,98044,98044,98044,98044,98044,98044,98044,98044,98044,98044,98044,98044,98044,98044,98044,98044,98044,98044,98044,98044,98044,98043,98043,98043,98043,98043,98043,98043,98043,98043,98043,98043,98043,98043,98043,98043,98043,98043,98043,98043,98043,98043,98043,98043,98043,98043,98043,98043,98043,98043,98043,98043,98043,98043,98043,98043,98043,98043,98043,98043,98043,98043,98043,98043,98043,98043,98043,98043,98043,98043,98043,98043,98043,98043,98043,98043,98043,98043,98043,98043,98043,98043,98043,98043,98043,98043,98043,98043,98043,98043,98043,98043,98043,98043,98043,98043,98043,98043,98043,98043,98043,98043,98043,98043,98043,98043,98043,98043,98043,98043,98043,98043,98043,98043,98043,98043,98043,98043,98043,98043,98043,98043,98043,98043,98043,98043,98043,98043,98043,98043,98043,98043,98043,98043,98043,98043,98043,98043,98043,98043,98043,98043,98043,98043,98043,98043,98043,98043,98043,98043,98043,98043,98043,98043,98043,98043,98043,98043,98043,98043,98043,98043,98043,9804411,9804411,9804411,9804411,9804411,9804411,9804411,9804411,9804411,9804411,9804411,9804411,9804411,9804411,9804411,9804411,9804411,9804411,9804411,9804411,9804411,9804411,9804411,9804411,9804411,9804411,9804411,9804411,9804411,9804411,9804411,9804411,9804411,9804411,9804411,9804411,9804411,9804411,9804411,9804411,9804411,9804411,9804411,9804411,9804411,9804411,9804411,9804411,9804411,9804411,9804411,9804411,9804411,9804411,9804411,9804411,9804411,9804411,9804411,9804411,9804411,9804411,9804411,9804411,9804411,9804411,9804411,9804411,9804411,9804411,9804411,9804411,9804411,9804411,9804411,9804411,9804411,9804411,9804411,9804411,9804411,9804411,9804411,9804411,9804411,9804411,9804411,9804411,9804411,9804411,9804411,9804411,9804411,9804411,9804411,9804411,9804411,9804411,98044,98044,98044,98044,98044,98044,98044,98044,98044,98044,98044,98044,98044,98044,98044,98044,98044,98044,98044,98044,98044,98044,98044,98044,98044,98044,98044,98044,98044,98044,98044,98044,98044,98044,98044,98044,98044,98044,98044,98044,98044,98044,98044,98044,98044,98044,98044,98044,98044,98044,98044,98044,98044,98044,98044,98044,98044,98044,98044,98044,98044,98044,98044,98044,98044,98044,98044,98044,98044,98044,98044,98044,98044,98044,98044,98044,98044,98044,98044,98044,98044,98044,98044,98044,98044,98044,98044,98044,98044,98044,98044,98044,98044,98044,98044,98044,98044,98044
98044,98044,98044,98044,98044,98044,98044,98044,98044,98044,98044,98044,98044,98044,98044,98044,98044,98044,98044,98044,98044,98044,98044,98043,98043,98043,98043,98043,98043,98043,98043,98043,98043,98043,98043,98043,98043,98043,98043,98043,98043,98043,98043,98043,98043,98043,98043,98043,98043,98043,98043,98043,98043,98043,98043,98043,98043,98043,98043,98043,98043,98043,98043,98043,98043,98043,98043,98043,98043,98043,98043,98043,98043,98043,98043,98043,98043,98043,98043,98043,98043,98043,98043,98043,98043,98043,98043,98043,98043,98043,98043,98043,98043,98043,98043,98043,98043,98043,98043,98043,98043,98043,98043,98043,98043,98043,98043,98043,98043,98043,98043,98043,98043,98043,98043,98043,98043,98043,98043,98043,98043,98043,98043,98043,98043,98043,98043,98043,98043,98043,98043,98043,98043,98043,98043,98043,98043,98043,98043,98043,98043,98043,98043,98043,98043,98043,98043,98043,98043,98043,98043,98043,98043,98043,98043,98043,98043,98043,98043,98043,98043,98043,98043,98043,98043,9804411,9804411,9804411,9804411,9804411,9804411,9804411,9804411,9804411,9804411,9804411,9804411,9804411,9804411,9804411,9804411,9804411,9804411,9804411,9804411,9804411,9804411,9804411,9804411,9804411,9804411,9804411,9804411,9804411,9804411,9804411,9804411,9804411,9804411,9804411,9804411,9804411,9804411,9804411,9804411,9804411,9804411,9804411,9804411,9804411,9804411,9804411,9804411,9804411,9804411,9804411,9804411,9804411,9804411,9804411,9804411,9804411,9804411,9804411,9804411,9804411,9804411,9804411,9804411,9804411,9804411,9804411,9804411,9804411,9804411,9804411,9804411,9804411,9804411,9804411,9804411,9804411,9804411,9804411,9804411,9804411,9804411,9804411,9804411,9804411,9804411,9804411,9804411,9804411,9804411,9804411,9804411,9804411,9804411,9804411,9804411,9804411,98044,98044,98044,98044,98044,98044,98044,98044,98044,98044,98044,98044,98044,98044,98044,98044,98044,98044,98044,98044,98044,98044,98044,98044,98044,98044,98044,98044,98044,98044,98044,98044,98044,98044,98044,98044,98044,98044,98044,98044,98044,98044,98044,98044,98044,98044,98044,98044,98044,98044,98044,98044,98044,98044,98044,98044,98044,98044,98044,98044,98044,98044,98044,98044,98044,98044,98044,98044,98044,98044,98044,98044,98044,98044,98044,98044,98044,98044,98044,98044,98044,98044,98044,98044,98044,98044,98044,98044,98044,98044,98044,98044,98044,98044,98044,98044,98044,98044
98044,98044,98044,98044,98044,98044,98044,98044,98044,98044,98044,98044,98044,98044,98044,98044,98044,98044,98044,98044,98044,98044,98044,98043,98043,98043,98043,98043,98043,98043,98043,98043,98043,98043,98043,98043,98043,98043,98043,98043,98043,98043,98043,98043,98043,98043,98043,98043,98043,98043,98043,98043,98043,98043,98043,98043,98043,98043,98043,98043,98043,98043,98043,98043,98043,98043,98043,98043,98043,98043,98043,98043,98043,98043,98043,98043,98043,98043,98043,98043,98043,98043,98043,98043,98043,98043,98043,98043,98043,98043,98043,98043,98043,98043,98043,98043,98043,98043,98043,98043,98043,98043,98043,98043,98043,98043,98043,98043,98043,98043,98043,98043,98043,98043,98043,98043,98043,98043,98043,98043,98043,98043,98043,98043,98043,98043,98043,98043,98043,98043,98043,98043,98043,98043,98043,98043,98043,98043,98043,98043,98043,98043,98043,98043,98043,98043,98043,98043,98043,98043,98043,98043,98043,98043,98043,98043,98043,98043,98043,98043,98043,98043,98043,98043,98043,9804411,9804411,9804411,9804411,9804411,9804411,9804411,9804411,9804411,9804411,9804411,9804411,9804411,9804411,9804411,9804411,9804411,9804411,9804411,9804411,9804411,9804411,9804411,9804411,9804411,9804411,9804411,9804411,9804411,9804411,9804411,9804411,9804411,9804411,9804411,9804411,9804411,9804411,9804411,9804411,9804411,9804411,9804411,9804411,9804411,9804411,9804411,9804411,9804411,9804411,9804411,9804411,9804411,9804411,9804411,9804411,9804411,9804411,9804411,9804411,9804411,9804411,9804411,9804411,9804411,9804411,9804411,9804411,9804411,9804411,9804411,9804411,9804411,9804411,9804411,9804411,9804411,9804411,9804411,9804411,9804411,9804411,9804411,9804411,9804411,9804411,9804411,9804411,9804411,9804411,9804411,9804411,9804411,9804411,9804411,9804411,98044,98044,98044,98044,98044,98044,98044,98044,98044,98044,98044,98044,98044,98044,98044,98044,98044,98044,98044,98044,98044,98044,98044,98044,98044,98044,98044,98044,98044,98044,98044,98044,98044,98044,98044,98044,98044,98044,98044,98044,98044,98044,98044,98044,98044,98044,98044,98044,98044,98044,98044,98044,98044,98044,98044,98044,98044,98044,98044,98044,98044,98044,98044,98044,98044,98044,98044,98044,98044,98044,98044,98044,98044,98044,98044,98044,98044,98044,98044,98044,98044,98044,98044,98044,98044,98044,98044,98044,98044,98044,98044,98044,98044,98044,98044,98044,98044,98044,98044
98044,98044,98044,98044,98044,98044,98044,98044,98044,98044,98044,98044,98044,98044,98044,98044,98044,98044,98044,98044,98044,98044,98044,98043,98043,98043,98043,98043,98043,98043,98043,98043,98043,98043,98043,98043,98043,98043,98043,98043,98043,98043,98043,98043,98043,98043,98043,98043,98043,98043,98043,98043,98043,98043,98043,98043,98043,98043,98043,98043,98043,98043,98043,98043,98043,98043,98043,98043,98043,98043,98043,98043,98043,98043,98043,98043,98043,98043,98043,98043,98043,98043,98043,98043,98043,98043,98043,98043,98043,98043,98043,98043,98043,98043,98043,98043,98043,98043,98043,98043,98043,98043,98043,98043,98043,98043,98043,98043,98043,98043,98043,98043,98043,98043,98043,98043,98043,98043,98043,98043,98043,98043,98043,98043,98043,98043,98043,98043,98043,98043,98043,98043,98043,98043,98043,98043,98043,98043,98043,98043,98043,98043,98043,98043,98043,98043,98043,98043,98043,98043,98043,98043,98043,98043,98043,98043,98043,98043,98043,98043,98043,98043,98043,98043,98043,98043,9804411,9804411,9804411,9804411,9804411,9804411,9804411,9804411,9804411,9804411,9804411,9804411,9804411,9804411,9804411,9804411,9804411,9804411,9804411,9804411,9804411,9804411,9804411,9804411,9804411,9804411,9804411,9804411,9804411,9804411,9804411,9804411,9804411,9804411,9804411,9804411,9804411,9804411,9804411,9804411,9804411,9804411,9804411,9804411,9804411,9804411,9804411,9804411,9804411,9804411,9804411,9804411,9804411,9804411,9804411,9804411,9804411,9804411,9804411,9804411,9804411,9804411,9804411,9804411,9804411,9804411,9804411,9804411,9804411,9804411,9804411,9804411,9804411,9804411,9804411,9804411,9804411,9804411,9804411,9804411,9804411,9804411,9804411,9804411,9804411,9804411,9804411,9804411,9804411,9804411,9804411,9804411,9804411,9804411,9804411,98044,98044,98044,98044,98044,98044,98044,98044,98044,98044,98044,98044,98044,98044,98044,98044,98044,98044,98044,98044,98044,98044,98044,98044,98044,98044,98044,98044,98044,98044,98044,98044,98044,98044,98044,98044,98044,98044,98044,98044,98044,98044,98044,98044,98044,98044,98044,98044,98044,98044,98044,98044,98044,98044,98044,98044,98044,98044,98044,98044,98044,98044,98044,98044,98044,98044,98044,98044,98044,98044,98044,98044,98044,98044,98044,98044,98044,98044,98044,98044,98044,98044,98044,98044,98044,98044,98044,98044,98044,98044,98044,98044,98044,98044,98044,98044,98044,98044,98044
98044,98044,98044,98044,98044,98044,98044,98044,98044,98044,98044,98044,98044,98044,98044,98044,98044,98044,98044,98044,98044,98044,98044,98043,98043,98043,98043,98043,98043,98043,98043,98043,98043,98043,98043,98043,98043,98043,98043,98043,98043,98043,98043,98043,98043,98043,98043,98043,98043,98043,98043,98043,98043,98043,98043,98043,98043,98043,98043,98043,98043,98043,98043,98043,98043,98043,98043,98043,98043,98043,98043,98043,98043,98043,98043,98043,98043,98043,98043,98043,98043,98043,98043,98043,98043,98043,98043,98043,98043,98043,98043,98043,98043,98043,98043,98043,98043,98043,98043,98043,98043,98043,98043,98043,98043,98043,98043,98043,98043,98043,98043,98043,98043,98043,98043,98043,98043,98043,98043,98043,98043,98043,98043,98043,98043,98043,98043,98043,98043,98043,98043,98043,98043,98043,98043,98043,98043,98043,98043,98043,98043,98043,98043,98043,98043,98043,98043,98043,98043,98043,98043,98043,98043,98043,98043,98043,98043,98043,98043,98043,98043,98043,98043,98043,98043,98043,9804411,9804411,9804411,9804411,9804411,9804411,9804411,9804411,9804411,9804411,9804411,9804411,9804411,9804411,9804411,9804411,9804411,9804411,9804411,9804411,9804411,9804411,9804411,9804411,9804411,9804411,9804411,9804411,9804411,9804411,9804411,9804411,9804411,9804411,9804411,9804411,9804411,9804411,9804411,9804411,9804411,9804411,9804411,9804411,9804411,9804411,9804411,9804411,9804411,9804411,9804411,9804411,9804411,9804411,9804411,9804411,9804411,9804411,9804411,9804411,9804411,9804411,9804411,9804411,9804411,9804411,9804411,9804411,9804411,9804411,9804411,9804411,9804411,9804411,9804411,9804411,9804411,9804411,9804411,9804411,9804411,9804411,9804411,9804411,9804411,9804411,9804411,9804411,9804411,9804411,9804411,9804411,9804411,9804411,9804411,98044,98044,98044,98044,98044,98044,98044,98044,98044,98044,98044,98044,98044,98044,98044,98044,98044,98044,98044,98044,98044,98044,98044,98044,98044,98044,98044,98044,98044,98044,98044,98044,98044,98044,98044,98044,98044,98044,98044,98044,98044,98044,98044,98044,98044,98044,98044,98044,98044,98044,98044,98044,98044,98044,98044,98044,98044,98044,98044,98044,98044,98044,98044,98044,98044,98044,98044,98044,98044,98044,98044,98044,98044,98044,98044,98044,98044,98044,98044,98044,98044,98044,98044,98044,98044,98044,98044,98044,98044,98044,98044,98044,98044,98044,98044,98044,98044,98044,98044
98044,98044,98044,98044,98044,98044,98044,98044,98044,98044,98044,98044,98044,98044,98044,98044,98044,98044,98044,98044,98044,98044,98044,98043,98043,98043,98043,98043,98043,98043,98043,98043,98043,98043,98043,98043,98043,98043,98043,98043,98043,98043,98043,98043,98043,98043,98043,98043,98043,98043,98043,98043,98043,98043,98043,98043,98043,98043,98043,98043,98043,98043,98043,98043,98043,98043,98043,98043,98043,98043,98043,98043,98043,98043,98043,98043,98043,98043,98043,98043,98043,98043,98043,98043,98043,98043,98043,98043,98043,98043,98043,98043,98043,98043,98043,98043,98043,98043,98043,98043,98043,98043,98043,98043,98043,98043,98043,98043,98043,98043,98043,98043,98043,98043,98043,98043,98043,98043,98043,98043,98043,98043,98043,98043,98043,98043,98043,98043,98043,98043,98043,98043,98043,98043,98043,98043,98043,98043,98043,98043,98043,98043,98043,98043,98043,98043,98043,98043,98043,98043,98043,98043,98043,98043,98043,98043,98043,98043,98043,98043,98043,98043,98043,98043,98043,98043,98043,9804411,9804411,9804411,9804411,9804411,9804411,9804411,9804411,9804411,9804411,9804411,9804411,9804411,9804411,9804411,9804411,9804411,9804411,9804411,9804411,9804411,9804411,9804411,9804411,9804411,9804411,9804411,9804411,9804411,9804411,9804411,9804411,9804411,9804411,9804411,9804411,9804411,9804411,9804411,9804411,9804411,9804411,9804411,9804411,9804411,9804411,9804411,9804411,9804411,9804411,9804411,9804411,9804411,9804411,9804411,9804411,9804411,9804411,9804411,9804411,9804411,9804411,9804411,9804411,9804411,9804411,9804411,9804411,9804411,9804411,9804411,9804411,9804411,9804411,9804411,9804411,9804411,9804411,9804411,9804411,9804411,9804411,9804411,9804411,9804411,9804411,9804411,9804411,9804411,9804411,9804411,9804411,9804411,9804411,98044,98044,98044,98044,98044,98044,98044,98044,98044,98044,98044,98044,98044,98044,98044,98044,98044,98044,98044,98044,98044,98044,98044,98044,98044,98044,98044,98044,98044,98044,98044,98044,98044,98044,98044,98044,98044,98044,98044,98044,98044,98044,98044,98044,98044,98044,98044,98044,98044,98044,98044,98044,98044,98044,98044,98044,98044,98044,98044,98044,98044,98044,98044,98044,98044,98044,98044,98044,98044,98044,98044,98044,98044,98044,98044,98044,98044,98044,98044,98044,98044,98044,98044,98044,98044,98044,98044,98044,98044,98044,98044,98044,98044,98044,98044,98044,98044,98044,98044
98044,98044,98044,98044,98044,98044,98044,98044,98044,98044,98044,98044,98044,98044,98044,98044,98044,98043,98043,98043,98043,98043,98043,98043,98043,98043,98043,98043,98043,98043,98043,98043,98043,98043,98043,98043,98043,98043,98043,98043,98043,98043,98043,98043,98043,98043,98043,98043,98043,98043,98043,98043,98043,98043,98043,98043,98043,98043,98043,98043,98043,98043,98043,98043,98043,98043,98043,98043,98043,98043,98043,98043,98043,98043,98043,98043,98043,98043,98043,98043,98043,98043,98043,98043,98043,98043,98043,98043,98043,98043,98043,98043,98043,98043,98043,98043,98043,98043,98043,98043,98043,98043,98043,98043,98043,98043,98043,98043,98043,98043,98043,98043,98043,98043,98043,98043,98043,98043,98043,98043,98043,98043,98043,98043,98043,98043,98043,98043,98043,98043,98043,98043,98043,98043,98043,98043,98043,98043,98043,98043,98043,98043,98043,98043,98043,98043,98043,98043,98043,98043,98043,98043,98043,98043,98043,98043,98043,98043,98043,98043,98043,98043,98043,98043,98043,98043,98043,9804411,9804411,9804411,9804411,9804411,9804411,9804411,9804411,9804411,9804411,9804411,9804411,9804411,9804411,9804411,9804411,9804411,9804411,9804411,9804411,9804411,9804411,9804411,9804411,9804411,9804411,9804411,9804411,9804411,9804411,9804411,9804411,9804411,9804411,9804411,9804411,9804411,9804411,9804411,9804411,9804411,9804411,9804411,9804411,9804411,9804411,9804411,9804411,9804411,9804411,9804411,9804411,9804411,9804411,9804411,9804411,9804411,9804411,9804411,9804411,9804411,9804411,9804411,9804411,9804411,9804411,9804411,9804411,9804411,9804411,9804411,9804411,9804411,9804411,9804411,9804411,9804411,9804411,9804411,9804411,9804411,9804411,9804411,9804411,9804411,9804411,9804411,9804411,9804411,9804411,9804411,9804411,9804411,9804411,98044,98044,98044,98044,98044,98044,98044,98044,98044,98044,98044,98044,98044,98044,98044,98044,98044,98044,98044,98044,98044,98044,98044,98044,98044,98044,98044,98044,98044,98044,98044,98044,98044,98044,98044,98044,98044,98044,98044,98044,98044,98044,98044,98044,98044,98044,98044,98044,98044,98044,98044,98044,98044,98044,98044,98044,98044,98044,98044,98044,98044,98044,98044,98044,98044,98044,98044,98044,98044,98044,98044,98044,98044,98044,98044,98044,98044,98044,98044,98044,98044,98044,98044,98044,98044,98044,98044,98044,98044,98044,98044,98044,98044,98044,98044,98044,98044,98044,98044
98044,98044,98044,98044,98044,98044,98044,98044,98044,98044,98044,98044,98044,98044,98044,98044,98044,98043,98043,98043,98043,98043,98043,98043,98043,98043,98043,98043,98043,98043,98043,98043,98043,98043,98043,98043,98043,98043,98043,98043,98043,98043,98043,98043,98043,98043,98043,98043,98043,98043,98043,98043,98043,98043,98043,98043,98043,98043,98043,98043,98043,98043,98043,98043,98043,98043,98043,98043,98043,98043,98043,98043,98043,98043,98043,98043,98043,98043,98043,98043,98043,98043,98043,98043,98043,98043,98043,98043,98043,98043,98043,98043,98043,98043,98043,98043,98043,98043,98043,98043,98043,98043,98043,98043,98043,98043,98043,98043,98043,98043,98043,98043,98043,98043,98043,98043,98043,98043,98043,98043,98043,98043,98043,98043,98043,98043,98043,98043,98043,98043,98043,98043,98043,98043,98043,98043,98043,98043,98043,98043,98043,98043,98043,98043,98043,98043,98043,98043,98043,98043,98043,98043,98043,98043,98043,98043,98043,98043,98043,98043,98043,98043,98043,98043,98043,98043,98043,98043,9804411,9804411,9804411,9804411,9804411,9804411,9804411,9804411,9804411,9804411,9804411,9804411,9804411,9804411,9804411,9804411,9804411,9804411,9804411,9804411,9804411,9804411,9804411,9804411,9804411,9804411,9804411,9804411,9804411,9804411,9804411,9804411,9804411,9804411,9804411,9804411,9804411,9804411,9804411,9804411,9804411,9804411,9804411,9804411,9804411,9804411,9804411,9804411,9804411,9804411,9804411,9804411,9804411,9804411,9804411,9804411,9804411,9804411,9804411,9804411,9804411,9804411,9804411,9804411,9804411,9804411,9804411,9804411,9804411,9804411,9804411,9804411,9804411,9804411,9804411,9804411,9804411,9804411,9804411,9804411,9804411,9804411,9804411,9804411,9804411,9804411,9804411,9804411,9804411,9804411,9804411,9804411,9804411,98044,98044,98044,98044,98044,98044,98044,98044,98044,98044,98044,98044,98044,98044,98044,98044,98044,98044,98044,98044,98044,98044,98044,98044,98044,98044,98044,98044,98044,98044,98044,98044,98044,98044,98044,98044,98044,98044,98044,98044,98044,98044,98044,98044,98044,98044,98044,98044,98044,98044,98044,98044,98044,98044,98044,98044,98044,98044,98044,98044,98044,98044,98044,98044,98044,98044,98044,98044,98044,98044,98044,98044,98044,98044,98044,98044,98044,98044,98044,98044,98044,98044,98044,98044,98044,98044,98044,98044,98044,98044,98044,98044,98044,98044,98044,98044,98044,98044,98044
98044,98044,98044,98044,98044,98044,98044,98044,98044,98044,98044,98044,98044,98044,98044,98044,98044,98043,98043,98043,98043,98043,98043,98043,98043,98043,98043,98043,98043,98043,98043,98043,98043,98043,98043,98043,98043,98043,98043,98043,98043,98043,98043,98043,98043,98043,98043,98043,98043,98043,98043,98043,98043,98043,98043,98043,98043,98043,98043,98043,98043,98043,98043,98043,98043,98043,98043,98043,98043,98043,98043,98043,98043,98043,98043,98043,98043,98043,98043,98043,98043,98043,98043,98043,98043,98043,98043,98043,98043,98043,98043,98043,98043,98043,98043,98043,98043,98043,98043,98043,98043,98043,98043,98043,98043,98043,98043,98043,98043,98043,98043,98043,98043,98043,98043,98043,98043,98043,98043,98043,98043,98043,98043,98043,98043,98043,98043,98043,98043,98043,98043,98043,98043,98043,98043,98043,98043,98043,98043,98043,98043,98043,98043,98043,98043,98043,98043,98043,98043,98043,98043,98043,98043,98043,98043,98043,98043,98043,98043,98043,98043,98043,98043,98043,98043,98043,98043,98043,9804411,9804411,9804411,9804411,9804411,9804411,9804411,9804411,9804411,9804411,9804411,9804411,9804411,9804411,9804411,9804411,9804411,9804411,9804411,9804411,9804411,9804411,9804411,9804411,9804411,9804411,9804411,9804411,9804411,9804411,9804411,9804411,9804411,9804411,9804411,9804411,9804411,9804411,9804411,9804411,9804411,9804411,9804411,9804411,9804411,9804411,9804411,9804411,9804411,9804411,9804411,9804411,9804411,9804411,9804411,9804411,9804411,9804411,9804411,9804411,9804411,9804411,9804411,9804411,9804411,9804411,9804411,9804411,9804411,9804411,9804411,9804411,9804411,9804411,9804411,9804411,9804411,9804411,9804411,9804411,9804411,9804411,9804411,9804411,9804411,9804411,9804411,9804411,9804411,9804411,9804411,9804411,9804411,98044,98044,98044,98044,98044,98044,98044,98044,98044,98044,98044,98044,98044,98044,98044,98044,98044,98044,98044,98044,98044,98044,98044,98044,98044,98044,98044,98044,98044,98044,98044,98044,98044,98044,98044,98044,98044,98044,98044,98044,98044,98044,98044,98044,98044,98044,98044,98044,98044,98044,98044,98044,98044,98044,98044,98044,98044,98044,98044,98044,98044,98044,98044,98044,98044,98044,98044,98044,98044,98044,98044,98044,98044,98044,98044,98044,98044,98044,98044,98044,98044,98044,98044,98044,98044,98044,98044,98044,98044,98044,98044,98044,98044,98044,98044,98044,98044,98044,98044
98044,98044,98044,98044,98044,98044,98044,98044,98044,98044,98044,98044,98044,98044,98044,98044,98044,98044,98043,98043,98043,98043,98043,98043,98043,98043,98043,98043,98043,98043,98043,98043,98043,98043,98043,98043,98043,98043,98043,98043,98043,98043,98043,98043,98043,98043,98043,98043,98043,98043,98043,98043,98043,98043,98043,98043,98043,98043,98043,98043,98043,98043,98043,98043,98043,98043,98043,98043,98043,98043,98043,98043,98043,98043,98043,98043,98043,98043,98043,98043,98043,98043,98043,98043,98043,98043,98043,98043,98043,98043,98043,98043,98043,98043,98043,98043,98043,98043,98043,98043,98043,98043,98043,98043,98043,98043,98043,98043,98043,98043,98043,98043,98043,98043,98043,98043,98043,98043,98043,98043,98043,98043,98043,98043,98043,98043,98043,98043,98043,98043,98043,98043,98043,98043,98043,98043,98043,98043,98043,98043,98043,98043,98043,98043,98043,98043,98043,98043,98043,98043,98043,98043,98043,98043,98043,98043,98043,98043,98043,98043,98043,98043,98043,98043,98043,98043,98043,98043,98043,9804411,9804411,9804411,9804411,9804411,9804411,9804411,9804411,9804411,9804411,9804411,9804411,9804411,9804411,9804411,9804411,9804411,9804411,9804411,9804411,9804411,9804411,9804411,9804411,9804411,9804411,9804411,9804411,9804411,9804411,9804411,9804411,9804411,9804411,9804411,9804411,9804411,9804411,9804411,9804411,9804411,9804411,9804411,9804411,9804411,9804411,9804411,9804411,9804411,9804411,9804411,9804411,9804411,9804411,9804411,9804411,9804411,9804411,9804411,9804411,9804411,9804411,9804411,9804411,9804411,9804411,9804411,9804411,9804411,9804411,9804411,9804411,9804411,9804411,9804411,9804411,9804411,9804411,9804411,9804411,9804411,9804411,9804411,9804411,9804411,9804411,9804411,9804411,9804411,9804411,9804411,98044,98044,98044,98044,98044,98044,98044,98044,98044,98044,98044,98044,98044,98044,98044,98044,98044,98044,98044,98044,98044,98044,98044,98044,98044,98044,98044,98044,98044,98044,98044,98044,98044,98044,98044,98044,98044,98044,98044,98044,98044,98044,98044,98044,98044,98044,98044,98044,98044,98044,98044,98044,98044,98044,98044,98044,98044,98044,98044,98044,98044,98044,98044,98044,98044,98044,98044,98044,98044,98044,98044,98044,98044,98044,98044,98044,98044,98044,98044,98044,98044,98044,98044,98044,98044,98044,98044,98044,98044,98044,98044,98044,98044,98044,98044,98044,98044,98044,98044,98044
98044,98044,98044,98044,98044,98044,98044,98044,98044,98044,98044,98044,98044,98044,98044,98044,98044,98044,98043,98043,98043,98043,98043,98043,98043,98043,98043,98043,98043,98043,98043,98043,98043,98043,98043,98043,98043,98043,98043,98043,98043,98043,98043,98043,98043,98043,98043,98043,98043,98043,98043,98043,98043,98043,98043,98043,98043,98043,98043,98043,98043,98043,98043,98043,98043,98043,98043,98043,98043,98043,98043,98043,98043,98043,98043,98043,98043,98043,98043,98043,98043,98043,98043,98043,98043,98043,98043,98043,98043,98043,98043,98043,98043,98043,98043,98043,98043,98043,98043,98043,98043,98043,98043,98043,98043,98043,98043,98043,98043,98043,98043,98043,98043,98043,98043,98043,98043,98043,98043,98043,98043,98043,98043,98043,98043,98043,98043,98043,98043,98043,98043,98043,98043,98043,98043,98043,98043,98043,98043,98043,98043,98043,98043,98043,98043,98043,98043,98043,98043,98043,98043,98043,98043,98043,98043,98043,98043,98043,98043,98043,98043,98043,98043,98043,98043,98043,98043,98043,98043,98043,9804411,9804411,9804411,9804411,9804411,9804411,9804411,9804411,9804411,9804411,9804411,9804411,9804411,9804411,9804411,9804411,9804411,9804411,9804411,9804411,9804411,9804411,9804411,9804411,9804411,9804411,9804411,9804411,9804411,9804411,9804411,9804411,9804411,9804411,9804411,9804411,9804411,9804411,9804411,9804411,9804411,9804411,9804411,9804411,9804411,9804411,9804411,9804411,9804411,9804411,9804411,9804411,9804411,9804411,9804411,9804411,9804411,9804411,9804411,9804411,9804411,9804411,9804411,9804411,9804411,9804411,9804411,9804411,9804411,9804411,9804411,9804411,9804411,9804411,9804411,9804411,9804411,9804411,9804411,9804411,9804411,9804411,9804411,9804411,9804411,9804411,9804411,9804411,9804411,9804411,98044,98044,98044,98044,98044,98044,98044,98044,98044,98044,98044,98044,98044,98044,98044,98044,98044,98044,98044,98044,98044,98044,98044,98044,98044,98044,98044,98044,98044,98044,98044,98044,98044,98044,98044,98044,98044,98044,98044,98044,98044,98044,98044,98044,98044,98044,98044,98044,98044,98044,98044,98044,98044,98044,98044,98044,98044,98044,98044,98044,98044,98044,98044,98044,98044,98044,98044,98044,98044,98044,98044,98044,98044,98044,98044,98044,98044,98044,98044,98044,98044,98044,98044,98044,98044,98044,98044,98044,98044,98044,98044,98044,98044,98044,98044,98044,98044,98044,98044,98044
98044,98044,98044,98044,98044,98044,98044,98044,98044,98044,98044,98044,98044,98044,98044,98044,98044,98044,98043,98043,98043,98043,98043,98043,98043,98043,98043,98043,98043,98043,98043,98043,98043,98043,98043,98043,98043,98043,98043,98043,98043,98043,98043,98043,98043,98043,98043,98043,98043,98043,98043,98043,98043,98043,98043,98043,98043,98043,98043,98043,98043,98043,98043,98043,98043,98043,98043,98043,98043,98043,98043,98043,98043,98043,98043,98043,98043,98043,98043,98043,98043,98043,98043,98043,98043,98043,98043,98043,98043,98043,98043,98043,98043,98043,98043,98043,98043,98043,98043,98043,98043,98043,98043,98043,98043,98043,98043,98043,98043,98043,98043,98043,98043,98043,98043,98043,98043,98043,98043,98043,98043,98043,98043,98043,98043,98043,98043,98043,98043,98043,98043,98043,98043,98043,98043,98043,98043,98043,98043,98043,98043,98043,98043,98043,98043,98043,98043,98043,98043,98043,98043,98043,98043,98043,98043,98043,98043,98043,98043,98043,98043,98043,98043,98043,98043,98043,98043,98043,98043,98043,9804411,9804411,9804411,9804411,9804411,9804411,9804411,9804411,9804411,9804411,9804411,9804411,9804411,9804411,9804411,9804411,9804411,9804411,9804411,9804411,9804411,9804411,9804411,9804411,9804411,9804411,9804411,9804411,9804411,9804411,9804411,9804411,9804411,9804411,9804411,9804411,9804411,9804411,9804411,9804411,9804411,9804411,9804411,9804411,9804411,9804411,9804411,9804411,9804411,9804411,9804411,9804411,9804411,9804411,9804411,9804411,9804411,9804411,9804411,9804411,9804411,9804411,9804411,9804411,9804411,9804411,9804411,9804411,9804411,9804411,9804411,9804411,9804411,9804411,9804411,9804411,9804411,9804411,9804411,9804411,9804411,9804411,9804411,9804411,9804411,9804411,9804411,9804411,9804411,9804411,98044,98044,98044,98044,98044,98044,98044,98044,98044,98044,98044,98044,98044,98044,98044,98044,98044,98044,98044,98044,98044,98044,98044,98044,98044,98044,98044,98044,98044,98044,98044,98044,98044,98044,98044,98044,98044,98044,98044,98044,98044,98044,98044,98044,98044,98044,98044,98044,98044,98044,98044,98044,98044,98044,98044,98044,98044,98044,98044,98044,98044,98044,98044,98044,98044,98044,98044,98044,98044,98044,98044,98044,98044,98044,98044,98044,98044,98044,98044,98044,98044,98044,98044,98044,98044,98044,98044,98044,98044,98044,98044,98044,98044,98044,98044,98044,98044,98044,98044,98044
98044,98044,98044,98044,98044,98044,98044,98044,98044,98044,98044,98044,98044,98044,98044,98044,98044,98044,98043,98043,98043,98043,98043,98043,98043,98043,98043,98043,98043,98043,98043,98043,98043,98043,98043,98043,98043,98043,98043,98043,98043,98043,98043,98043,98043,98043,98043,98043,98043,98043,98043,98043,98043,98043,98043,98043,98043,98043,98043,98043,98043,98043,98043,98043,98043,98043,98043,98043,98043,98043,98043,98043,98043,98043,98043,98043,98043,98043,98043,98043,98043,98043,98043,98043,98043,98043,98043,98043,98043,98043,98043,98043,98043,98043,98043,98043,98043,98043,98043,98043,98043,98043,98043,98043,98043,98043,98043,98043,98043,98043,98043,98043,98043,98043,98043,98043,98043,98043,98043,98043,98043,98043,98043,98043,98043,98043,98043,98043,98043,98043,98043,98043,98043,98043,98043,98043,98043,98043,98043,98043,98043,98043,98043,98043,98043,98043,98043,98043,98043,98043,98043,98043,98043,98043,98043,98043,98043,98043,98043,98043,98043,98043,98043,98043,98043,98043,98043,98043,98043,98043,98043,9804411,9804411,9804411,9804411,9804411,9804411,9804411,9804411,9804411,9804411,9804411,9804411,9804411,9804411,9804411,9804411,9804411,9804411,9804411,9804411,9804411,9804411,9804411,9804411,9804411,9804411,9804411,9804411,9804411,9804411,9804411,9804411,9804411,9804411,9804411,9804411,9804411,9804411,9804411,9804411,9804411,9804411,9804411,9804411,9804411,9804411,9804411,9804411,9804411,9804411,9804411,9804411,9804411,9804411,9804411,9804411,9804411,9804411,9804411,9804411,9804411,9804411,9804411,9804411,9804411,9804411,9804411,9804411,9804411,9804411,9804411,9804411,9804411,9804411,9804411,9804411,9804411,9804411,9804411,9804411,9804411,9804411,9804411,9804411,9804411,9804411,9804411,9804411,9804411,98044,98044,98044,98044,98044,98044,98044,98044,98044,98044,98044,98044,98044,98044,98044,98044,98044,98044,98044,98044,98044,98044,98044,98044,98044,98044,98044,98044,98044,98044,98044,98044,98044,98044,98044,98044,98044,98044,98044,98044,98044,98044,98044,98044,98044,98044,98044,98044,98044,98044,98044,98044,98044,98044,98044,98044,98044,98044,98044,98044,98044,98044,98044,98044,98044,98044,98044,98044,98044,98044,98044,98044,98044,98044,98044,98044,98044,98044,98044,98044,98044,98044,98044,98044,98044,98044,98044,98044,98044,98044,98044,98044,98044,98044,98044,98044,98044,98044,98044,98044
98044,98044,98044,98044,98044,98044,98044,98044,98044,98044,98044,98044,98044,98044,98044,98044,98044,98044,98043,98043,98043,98043,98043,98043,98043,98043,98043,98043,98043,98043,98043,98043,98043,98043,98043,98043,98043,98043,98043,98043,98043,98043,98043,98043,98043,98043,98043,98043,98043,98043,98043,98043,98043,98043,98043,98043,98043,98043,98043,98043,98043,98043,98043,98043,98043,98043,98043,98043,98043,98043,98043,98043,98043,98043,98043,98043,98043,98043,98043,98043,98043,98043,98043,98043,98043,98043,98043,98043,98043,98043,98043,98043,98043,98043,98043,98043,98043,98043,98043,98043,98043,98043,98043,98043,98043,98043,98043,98043,98043,98043,98043,98043,98043,98043,98043,98043,98043,98043,98043,98043,98043,98043,98043,98043,98043,98043,98043,98043,98043,98043,98043,98043,98043,98043,98043,98043,98043,98043,98043,98043,98043,98043,98043,98043,98043,98043,98043,98043,98043,98043,98043,98043,98043,98043,98043,98043,98043,98043,98043,98043,98043,98043,98043,98043,98043,98043,98043,98043,98043,98043,98043,98043,9804411,9804411,9804411,9804411,9804411,9804411,9804411,9804411,9804411,9804411,9804411,9804411,9804411,9804411,9804411,9804411,9804411,9804411,9804411,9804411,9804411,9804411,9804411,9804411,9804411,9804411,9804411,9804411,9804411,9804411,9804411,9804411,9804411,9804411,9804411,9804411,9804411,9804411,9804411,9804411,9804411,9804411,9804411,9804411,9804411,9804411,9804411,9804411,9804411,9804411,9804411,9804411,9804411,9804411,9804411,9804411,9804411,9804411,9804411,9804411,9804411,9804411,9804411,9804411,9804411,9804411,9804411,9804411,9804411,9804411,9804411,9804411,9804411,9804411,9804411,9804411,9804411,9804411,9804411,9804411,9804411,9804411,9804411,9804411,98044,98044,98044,98044,98044,98044,98044,98044,98044,98044,98044,98044,98044,98044,98044,98044,98044,98044,98044,98044,98044,98044,98044,98044,98044,98044,98044,98044,98044,98044,98044,98044,98044,98044,98044,98044,98044,98044,98044,98044,98044,98044,98044,98044,98044,98044,98044,98044,98044,98044,98044,98044,98044,98044,98044,98044,98044,98044,98044,98044,98044,98044,98044,98044,98044,98044,98044,98044,98044,98044,98044,98044,98044,98044,98044,98044,98044,98044,98044,98044,98044,98044,98044,98044,98044,98044,98044,98044,98044,98044,98044,98044,98044,98044,98044,98044,98044,98044,98044,98044,98044,98044,98044,98044
98044,98044,98044,98044,98044,98044,98044,98044,98044,98044,98044,98044,98044,98044,98044,98044,98044,98044,98043,98043,98043,98043,98043,98043,98043,98043,98043,98043,98043,98043,98043,98043,98043,98043,98043,98043,98043,98043,98043,98043,98043,98043,98043,98043,98043,98043,98043,98043,98043,98043,98043,98043,98043,98043,98043,98043,98043,98043,98043,98043,98043,98043,98043,98043,98043,98043,98043,98043,98043,98043,98043,98043,98043,98043,98043,98043,98043,98043,98043,98043,98043,98043,98043,98043,98043,98043,98043,98043,98043,98043,98043,98043,98043,98043,98043,98043,98043,98043,98043,98043,98043,98043,98043,98043,98043,98043,98043,98043,98043,98043,98043,98043,98043,98043,98043,98043,98043,98043,98043,98043,98043,98043,98043,98043,98043,98043,98043,98043,98043,98043,98043,98043,98043,98043,98043,98043,98043,98043,98043,98043,98043,98043,98043,98043,98043,98043,98043,98043,98043,98043,98043,98043,98043,98043,98043,98043,98043,98043,98043,98043,98043,98043,98043,98043,98043,98043,98043,98043,98043,98043,98043,98043,98043,9804411,9804411,9804411,9804411,9804411,9804411,9804411,9804411,9804411,9804411,9804411,9804411,9804411,9804411,9804411,9804411,9804411,9804411,9804411,9804411,9804411,9804411,9804411,9804411,9804411,9804411,9804411,9804411,9804411,9804411,9804411,9804411,9804411,9804411,9804411,9804411,9804411,9804411,9804411,9804411,9804411,9804411,9804411,9804411,9804411,9804411,9804411,9804411,9804411,9804411,9804411,9804411,9804411,9804411,9804411,9804411,9804411,9804411,9804411,9804411,9804411,9804411,9804411,9804411,9804411,9804411,9804411,9804411,9804411,9804411,9804411,9804411,9804411,9804411,9804411,9804411,9804411,9804411,9804411,9804411,9804411,9804411,9804411,98044,98044,98044,98044,98044,98044,98044,98044,98044,98044,98044,98044,98044,98044,98044,98044,98044,98044,98044,98044,98044,98044,98044,98044,98044,98044,98044,98044,98044,98044,98044,98044,98044,98044,98044,98044,98044,98044,98044,98044,98044,98044,98044,98044,98044,98044,98044,98044,98044,98044,98044,98044,98044,98044,98044,98044,98044,98044,98044,98044,98044,98044,98044,98044,98044,98044,98044,98044,98044,98044,98044,98044,98044,98044,98044,98044,98044,98044,98044,98044,98044,98044,98044,98044,98044,98044,98044,98044,98044,98044,98044,98044,98044,98044,98044,98044,98044,98044,98044,98044,98044,98044,98044,98044
98044,98044,98044,98044,98044,98044,98044,98044,98044,98044,98044,98044,98044,98044,98044,98044,98044,98044,98044,98043,98043,98043,98043,98043,98043,98043,98043,98043,98043,98043,98043,98043,98043,98043,98043,98043,98043,98043,98043,98043,98043,98043,98043,98043,98043,98043,98043,98043,98043,98043,98043,98043,98043,98043,98043,98043,98043,98043,98043,98043,98043,98043,98043,98043,98043,98043,98043,98043,98043,98043,98043,98043,98043,98043,98043,98043,98043,98043,98043,98043,98043,98043,98043,98043,98043,98043,98043,98043,98043,98043,98043,98043,98043,98043,98043,98043,98043,98043,98043,98043,98043,98043,98043,98043,98043,98043,98043,98043,98043,98043,98043,98043,98043,98043,98043,98043,98043,98043,98043,98043,98043,98043,98043,98043,98043,98043,98043,98043,98043,98043,98043,98043,98043,98043,98043,98043,98043,98043,98043,98043,98043,98043,98043,98043,98043,98043,98043,98043,98043,98043,98043,98043,98043,98043,98043,98043,98043,98043,98043,98043,98043,98043,98043,98043,98043,98043,98043,98043,98043,98043,98043,98043,98043,98043,9804411,9804411,9804411,9804411,9804411,9804411,9804411,9804411,9804411,9804411,9804411,9804411,9804411,9804411,9804411,9804411,9804411,9804411,9804411,9804411,9804411,9804411,9804411,9804411,9804411,9804411,9804411,9804411,9804411,9804411,9804411,9804411,9804411,9804411,9804411,9804411,9804411,9804411,9804411,9804411,9804411,9804411,9804411,9804411,9804411,9804411,9804411,9804411,9804411,9804411,9804411,9804411,9804411,9804411,9804411,9804411,9804411,9804411,9804411,9804411,9804411,9804411,9804411,9804411,9804411,9804411,9804411,9804411,9804411,9804411,9804411,9804411,9804411,9804411,9804411,9804411,9804411,9804411,9804411,9804411,9804411,98044,98044,98044,98044,98044,98044,98044,98044,98044,98044,98044,98044,98044,98044,98044,98044,98044,98044,98044,98044,98044,98044,98044,98044,98044,98044,98044,98044,98044,98044,98044,98044,98044,98044,98044,98044,98044,98044,98044,98044,98044,98044,98044,98044,98044,98044,98044,98044,98044,98044,98044,98044,98044,98044,98044,98044,98044,98044,98044,98044,98044,98044,98044,98044,98044,98044,98044,98044,98044,98044,98044,98044,98044,98044,98044,98044,98044,98044,98044,98044,98044,98044,98044,98044,98044,98044,98044,98044,98044,98044,98044,98044,98044,98044,98044,98044,98044,98044,98044,98044,98044,98044,98044,98044,98044
98044,98044,98044,98044,98044,98044,98044,98044,98044,98044,98044,98044,98044,98044,98044,98044,98044,98044,98044,98043,98043,98043,98043,98043,98043,98043,98043,98043,98043,98043,98043,98043,98043,98043,98043,98043,98043,98043,98043,98043,98043,98043,98043,98043,98043,98043,98043,98043,98043,98043,98043,98043,98043,98043,98043,98043,98043,98043,98043,98043,98043,98043,98043,98043,98043,98043,98043,98043,98043,98043,98043,98043,98043,98043,98043,98043,98043,98043,98043,98043,98043,98043,98043,98043,98043,98043,98043,98043,98043,98043,98043,98043,98043,98043,98043,98043,98043,98043,98043,98043,98043,98043,98043,98043,98043,98043,98043,98043,98043,98043,98043,98043,98043,98043,98043,98043,98043,98043,98043,98043,98043,98043,98043,98043,98043,98043,98043,98043,98043,98043,98043,98043,98043,98043,98043,98043,98043,98043,98043,98043,98043,98043,98043,98043,98043,98043,98043,98043,98043,98043,98043,98043,98043,98043,98043,98043,98043,98043,98043,98043,98043,98043,98043,98043,98043,98043,98043,98043,98043,98043,98043,98043,98043,98043,98043,9804411,9804411,9804411,9804411,9804411,9804411,9804411,9804411,9804411,9804411,9804411,9804411,9804411,9804411,9804411,9804411,9804411,9804411,9804411,9804411,9804411,9804411,9804411,9804411,9804411,9804411,9804411,9804411,9804411,9804411,9804411,9804411,9804411,9804411,9804411,9804411,9804411,9804411,9804411,9804411,9804411,9804411,9804411,9804411,9804411,9804411,9804411,9804411,9804411,9804411,9804411,9804411,9804411,9804411,9804411,9804411,9804411,9804411,9804411,9804411,9804411,9804411,9804411,9804411,9804411,9804411,9804411,9804411,9804411,9804411,9804411,9804411,9804411,9804411,9804411,9804411,9804411,9804411,9804411,9804411,98044,98044,98044,98044,98044,98044,98044,98044,98044,98044,98044,98044,98044,98044,98044,98044,98044,98044,98044,98044,98044,98044,98044,98044,98044,98044,98044,98044,98044,98044,98044,98044,98044,98044,98044,98044,98044,98044,98044,98044,98044,98044,98044,98044,98044,98044,98044,98044,98044,98044,98044,98044,98044,98044,98044,98044,98044,98044,98044,98044,98044,98044,98044,98044,98044,98044,98044,98044,98044,98044,98044,98044,98044,98044,98044,98044,98044,98044,98044,98044,98044,98044,98044,98044,98044,98044,98044,98044,98044,98044,98044,98044,98044,98044,98044,98044,98044,98044,98044,98044,98044,98044,98044,98044,98044
98044,98044,98044,98044,98044,98044,98044,98044,98044,98044,98044,98044,98044,98044,98044,98044,98044,98044,98044,98043,98043,98043,98043,98043,98043,98043,98043,98043,98043,98043,98043,98043,98043,98043,98043,98043,98043,98043,98043,98043,98043,98043,98043,98043,98043,98043,98043,98043,98043,98043,98043,98043,98043,98043,98043,98043,98043,98043,98043,98043,98043,98043,98043,98043,98043,98043,98043,98043,98043,98043,98043,98043,98043,98043,98043,98043,98043,98043,98043,98043,98043,98043,98043,98043,98043,98043,98043,98043,98043,98043,98043,98043,98043,98043,98043,98043,98043,98043,98043,98043,98043,98043,98043,98043,98043,98043,98043,98043,98043,98043,98043,98043,98043,98043,98043,98043,98043,98043,98043,98043,98043,98043,98043,98043,98043,98043,98043,98043,98043,98043,98043,98043,98043,98043,98043,98043,98043,98043,98043,98043,98043,98043,98043,98043,98043,98043,98043,98043,98043,98043,98043,98043,98043,98043,98043,98043,98043,98043,98043,98043,98043,98043,98043,98043,98043,98043,98043,98043,98043,98043,98043,98043,98043,98043,98043,98043,9804411,9804411,9804411,9804411,9804411,9804411,9804411,9804411,9804411,9804411,9804411,9804411,9804411,9804411,9804411,9804411,9804411,9804411,9804411,9804411,9804411,9804411,9804411,9804411,9804411,9804411,9804411,9804411,9804411,9804411,9804411,9804411,9804411,9804411,9804411,9804411,9804411,9804411,9804411,9804411,9804411,9804411,9804411,9804411,9804411,9804411,9804411,9804411,9804411,9804411,9804411,9804411,9804411,9804411,9804411,9804411,9804411,9804411,9804411,9804411,9804411,9804411,9804411,9804411,9804411,9804411,9804411,9804411,9804411,9804411,9804411,9804411,9804411,9804411,9804411,9804411,9804411,9804411,98044,98044,98044,98044,98044,98044,98044,98044,98044,98044,98044,98044,98044,98044,98044,98044,98044,98044,98044,98044,98044,98044,98044,98044,98044,98044,98044,98044,98044,98044,98044,98044,98044,98044,98044,98044,98044,98044,98044,98044,98044,98044,98044,98044,98044,98044,98044,98044,98044,98044,98044,98044,98044,98044,98044,98044,98044,98044,98044,98044,98044,98044,98044,98044,98044,98044,98044,98044,98044,98044,98044,98044,98044,98044,98044,98044,98044,98044,98044,98044,98044,98044,98044,98044,98044,98044,98044,98044,98044,98044,98044,98044,98044,98044,98044,98044,98044,98044,98044,98044,98044,98044,98044,98044,98044,98044
98044,98044,98044,98044,98044,98044,98044,98044,98044,98044,98044,98044,98044,98044,98044,98044,98044,98044,98044,98043,98043,98043,98043,98043,98043,98043,98043,98043,98043,98043,98043,98043,98043,98043,98043,98043,98043,98043,98043,98043,98043,98043,98043,98043,98043,98043,98043,98043,98043,98043,98043,98043,98043,98043,98043,98043,98043,98043,98043,98043,98043,98043,98043,98043,98043,98043,98043,98043,98043,98043,98043,98043,98043,98043,98043,98043,98043,98043,98043,98043,98043,98043,98043,98043,98043,98043,98043,98043,98043,98043,98043,98043,98043,98043,98043,98043,98043,98043,98043,98043,98043,98043,98043,98043,98043,98043,98043,98043,98043,98043,98043,98043,98043,98043,98043,98043,98043,98043,98043,98043,98043,98043,98043,98043,98043,98043,98043,98043,98043,98043,98043,98043,98043,98043,98043,98043,98043,98043,98043,98043,98043,98043,98043,98043,98043,98043,98043,98043,98043,98043,98043,98043,98043,98043,98043,98043,98043,98043,98043,98043,98043,98043,98043,98043,98043,98043,98043,98043,98043,98043,98043,98043,98043,98043,98043,98043,98043,9804411,9804411,9804411,9804411,9804411,9804411,9804411,9804411,9804411,9804411,9804411,9804411,9804411,9804411,9804411,9804411,9804411,9804411,9804411,9804411,9804411,9804411,9804411,9804411,9804411,9804411,9804411,9804411,9804411,9804411,9804411,9804411,9804411,9804411,9804411,9804411,9804411,9804411,9804411,9804411,9804411,9804411,9804411,9804411,9804411,9804411,9804411,9804411,9804411,9804411,9804411,9804411,9804411,9804411,9804411,9804411,9804411,9804411,9804411,9804411,9804411,9804411,9804411,9804411,9804411,9804411,9804411,9804411,9804411,9804411,9804411,9804411,9804411,9804411,9804411,9804411,9804411,98044,98044,98044,98044,98044,98044,98044,98044,98044,98044,98044,98044,98044,98044,98044,98044,98044,98044,98044,98044,98044,98044,98044,98044,98044,98044,98044,98044,98044,98044,98044,98044,98044,98044,98044,98044,98044,98044,98044,98044,98044,98044,98044,98044,98044,98044,98044,98044,98044,98044,98044,98044,98044,98044,98044,98044,98044,98044,98044,98044,98044,98044,98044,98044,98044,98044,98044,98044,98044,98044,98044,98044,98044,98044,98044,98044,98044,98044,98044,98044,98044,98044,98044,98044,98044,98044,98044,98044,98044,98044,98044,98044,98044,98044,98044,98044,98044,98044,98044,98044,98044,98044,98044,98044,98044,98044
98044,98044,98044,98044,98044,98044,98044,98044,98044,98044,98044,98044,98044,98044,98044,98044,98044,98044,98044,98044,98043,98043,98043,98043,98043,98043,98043,98043,98043,98043,98043,98043,98043,98043,98043,98043,98043,98043,98043,98043,98043,98043,98043,98043,98043,98043,98043,98043,98043,98043,98043,98043,98043,98043,98043,98043,98043,98043,98043,98043,98043,98043,98043,98043,98043,98043,98043,98043,98043,98043,98043,98043,98043,98043,98043,98043,98043,98043,98043,98043,98043,98043,98043,98043,98043,98043,98043,98043,98043,98043,98043,98043,98043,98043,98043,98043,98043,98043,98043,98043,98043,98043,98043,98043,98043,98043,98043,98043,98043,98043,98043,98043,98043,98043,98043,98043,98043,98043,98043,98043,98043,98043,98043,98043,98043,98043,98043,98043,98043,98043,98043,98043,98043,98043,98043,98043,98043,98043,98043,98043,98043,98043,98043,98043,98043,98043,98043,98043,98043,98043,98043,98043,98043,98043,98043,98043,98043,98043,98043,98043,98043,98043,98043,98043,98043,98043,98043,98043,98043,98043,98043,98043,98043,98043,98043,98043,98043,98043,9804411,9804411,9804411,9804411,9804411,9804411,9804411,9804411,9804411,9804411,9804411,9804411,9804411,9804411,9804411,9804411,9804411,9804411,9804411,9804411,9804411,9804411,9804411,9804411,9804411,9804411,9804411,9804411,9804411,9804411,9804411,9804411,9804411,9804411,9804411,9804411,9804411,9804411,9804411,9804411,9804411,9804411,9804411,9804411,9804411,9804411,9804411,9804411,9804411,9804411,9804411,9804411,9804411,9804411,9804411,9804411,9804411,9804411,9804411,9804411,9804411,9804411,9804411,9804411,9804411,9804411,9804411,9804411,9804411,9804411,9804411,9804411,9804411,9804411,9804411,98044,98044,98044,98044,98044,98044,98044,98044,98044,98044,98044,98044,98044,98044,98044,98044,98044,98044,98044,98044,98044,98044,98044,98044,98044,98044,98044,98044,98044,98044,98044,98044,98044,98044,98044,98044,98044,98044,98044,98044,98044,98044,98044,98044,98044,98044,98044,98044,98044,98044,98044,98044,98044,98044,98044,98044,98044,98044,98044,98044,98044,98044,98044,98044,98044,98044,98044,98044,98044,98044,98044,98044,98044,98044,98044,98044,98044,98044,98044,98044,98044,98044,98044,98044,98044,98044,98044,98044,98044,98044,98044,98044,98044,98044,98044,98044,98044,98044,98044,98044,98044,98044,98044,98044,98044,98044,98044
98044,98044,98044,98044,98044,98044,98044,98044,98044,98044,98044,98044,98044,98044,98044,98044,98044,98044,98044,98044,98043,98043,98043,98043,98043,98043,98043,98043,98043,98043,98043,98043,98043,98043,98043,98043,98043,98043,98043,98043,98043,98043,98043,98043,98043,98043,98043,98043,98043,98043,98043,98043,98043,98043,98043,98043,98043,98043,98043,98043,98043,98043,98043,98043,98043,98043,98043,98043,98043,98043,98043,98043,98043,98043,98043,98043,98043,98043,98043,98043,98043,98043,98043,98043,98043,98043,98043,98043,98043,98043,98043,98043,98043,98043,98043,98043,98043,98043,98043,98043,98043,98043,98043,98043,98043,98043,98043,98043,98043,98043,98043,98043,98043,98043,98043,98043,98043,98043,98043,98043,98043,98043,98043,98043,98043,98043,98043,98043,98043,98043,98043,98043,98043,98043,98043,98043,98043,98043,98043,98043,98043,98043,98043,98043,98043,98043,98043,98043,98043,98043,98043,98043,98043,98043,98043,98043,98043,98043,98043,98043,98043,98043,98043,98043,98043,98043,98043,98043,98043,98043,98043,98043,98043,98043,98043,98043,98043,98043,98043,98043,9804411,9804411,9804411,9804411,9804411,9804411,9804411,9804411,9804411,9804411,9804411,9804411,9804411,9804411,9804411,9804411,9804411,9804411,9804411,9804411,9804411,9804411,9804411,9804411,9804411,9804411,9804411,9804411,9804411,9804411,9804411,9804411,9804411,9804411,9804411,9804411,9804411,9804411,9804411,9804411,9804411,9804411,9804411,9804411,9804411,9804411,9804411,9804411,9804411,9804411,9804411,9804411,9804411,9804411,9804411,9804411,9804411,9804411,9804411,9804411,9804411,9804411,9804411,9804411,9804411,9804411,9804411,9804411,9804411,9804411,9804411,9804411,98044,98044,98044,98044,98044,98044,98044,98044,98044,98044,98044,98044,98044,98044,98044,98044,98044,98044,98044,98044,98044,98044,98044,98044,98044,98044,98044,98044,98044,98044,98044,98044,98044,98044,98044,98044,98044,98044,98044,98044,98044,98044,98044,98044,98044,98044,98044,98044,98044,98044,98044,98044,98044,98044,98044,98044,98044,98044,98044,98044,98044,98044,98044,98044,98044,98044,98044,98044,98044,98044,98044,98044,98044,98044,98044,98044,98044,98044,98044,98044,98044,98044,98044,98044,98044,98044,98044,98044,98044,98044,98044,98044,98044,98044,98044,98044,98044,98044,98044,98044,98044,98044,98044,98044,98044,98044,98044,98044
98044,98044,98044,98044,98044,98044,98044,98044,98044,98044,98044,98044,98044,98044,98044,98044,98044,98044,98044,98044,98043,98043,98043,98043,98043,98043,98043,98043,98043,98043,98043,98043,98043,98043,98043,98043,98043,98043,98043,98043,98043,98043,98043,98043,98043,98043,98043,98043,98043,98043,98043,98043,98043,98043,98043,98043,98043,98043,98043,98043,98043,98043,98043,98043,98043,98043,98043,98043,98043,98043,98043,98043,98043,98043,98043,98043,98043,98043,98043,98043,98043,98043,98043,98043,98043,98043,98043,98043,98043,98043,98043,98043,98043,98043,98043,98043,98043,98043,98043,98043,98043,98043,98043,98043,98043,98043,98043,98043,98043,98043,98043,98043,98043,98043,98043,98043,98043,98043,98043,98043,98043,98043,98043,98043,98043,98043,98043,98043,98043,98043,98043,98043,98043,98043,98043,98043,98043,98043,98043,98043,98043,98043,98043,98043,98043,98043,98043,98043,98043,98043,98043,98043,98043,98043,98043,98043,98043,98043,98043,98043,98043,98043,98043,98043,98043,98043,98043,98043,98043,98043,98043,98043,98043,98043,98043,98043,98043,98043,98043,98043,98043,9804411,9804411,9804411,9804411,9804411,9804411,9804411,9804411,9804411,9804411,9804411,9804411,9804411,9804411,9804411,9804411,9804411,9804411,9804411,9804411,9804411,9804411,9804411,9804411,9804411,9804411,9804411,9804411,9804411,9804411,9804411,9804411,9804411,9804411,9804411,9804411,9804411,9804411,9804411,9804411,9804411,9804411,9804411,9804411,9804411,9804411,9804411,9804411,9804411,9804411,9804411,9804411,9804411,9804411,9804411,9804411,9804411,9804411,9804411,9804411,9804411,9804411,9804411,9804411,9804411,9804411,9804411,9804411,9804411,9804411,9804411,98044,98044,98044,98044,98044,98044,98044,98044,98044,98044,98044,98044,98044,98044,98044,98044,98044,98044,98044,98044,98044,98044,98044,98044,98044,98044,98044,98044,98044,98044,98044,98044,98044,98044,98044,98044,98044,98044,98044,98044,98044,98044,98044,98044,98044,98044,98044,98044,98044,98044,98044,98044,98044,98044,98044,98044,98044,98044,98044,98044,98044,98044,98044,98044,98044,98044,98044,98044,98044,98044,98044,98044,98044,98044,98044,98044,98044,98044,98044,98044,98044,98044,98044,98044,98044,98044,98044,98044,98044,98044,98044,98044,98044,98044,98044,98044,98044,98044,98044,98044,98044,98044,98044,98044,98044,98044,98044,98044
98044,98044,98044,98044,98044,98044,98044,98044,98044,98044,98044,98044,98044,98044,98044,98044,98044,98044,98044,98044,98044,98043,98043,98043,98043,98043,98043,98043,98043,98043,98043,98043,98043,98043,98043,98043,98043,98043,98043,98043,98043,98043,98043,98043,98043,98043,98043,98043,98043,98043,98043,98043,98043,98043,98043,98043,98043,98043,98043,98043,98043,98043,98043,98043,98043,98043,98043,98043,98043,98043,98043,98043,98043,98043,98043,98043,98043,98043,98043,98043,98043,98043,98043,98043,98043,98043,98043,98043,98043,98043,98043,98043,98043,98043,98043,98043,98043,98043,98043,98043,98043,98043,98043,98043,98043,98043,98043,98043,98043,98043,98043,98043,98043,98043,98043,98043,98043,98043,98043,98043,98043,98043,98043,98043,98043,98043,98043,98043,98043,98043,98043,98043,98043,98043,98043,98043,98043,98043,98043,98043,98043,98043,98043,98043,98043,98043,98043,98043,98043,98043,98043,98043,98043,98043,98043,98043,98043,98043,98043,98043,98043,98043,98043,98043,98043,98043,98043,98043,98043,98043,98043,98043,98043,98043,98043,98043,98043,98043,98043,98043,98043,98043,98043,9804411,9804411,9804411,9804411,9804411,9804411,9804411,9804411,9804411,9804411,9804411,9804411,9804411,9804411,9804411,9804411,9804411,9804411,9804411,9804411,9804411,9804411,9804411,9804411,9804411,9804411,9804411,9804411,9804411,9804411,9804411,9804411,9804411,9804411,9804411,9804411,9804411,9804411,9804411,9804411,9804411,9804411,9804411,9804411,9804411,9804411,9804411,9804411,9804411,9804411,9804411,9804411,9804411,9804411,9804411,9804411,9804411,9804411,9804411,9804411,9804411,9804411,9804411,9804411,9804411,9804411,9804411,9804411,98044,98044,98044,98044,98044,98044,98044,98044,98044,98044,98044,98044,98044,98044,98044,98044,98044,98044,98044,98044,98044,98044,98044,98044,98044,98044,98044,98044,98044,98044,98044,98044,98044,98044,98044,98044,98044,98044,98044,98044,98044,98044,98044,98044,98044,98044,98044,98044,98044,98044,98044,98044,98044,98044,98044,98044,98044,98044,98044,98044,98044,98044,98044,98044,98044,98044,98044,98044,98044,98044,98044,98044,98044,98044,98044,98044,98044,98044,98044,98044,98044,98044,98044,98044,98044,98044,98044,98044,98044,98044,98044,98044,98044,98044,98044,98044,98044,98044,98044,98044,98044,98044,98044,98044,98044,98044,98044,98044,98044
98044,98044,98044,98044,98044,98044,98044,98044,98044,98044,98044,98044,98044,98044,98044,98044,98044,98044,98044,98044,98044,98043,98043,98043,98043,98043,98043,98043,98043,98043,98043,98043,98043,98043,98043,98043,98043,98043,98043,98043,98043,98043,98043,98043,98043,98043,98043,98043,98043,98043,98043,98043,98043,98043,98043,98043,98043,98043,98043,98043,98043,98043,98043,98043,98043,98043,98043,98043,98043,98043,98043,98043,98043,98043,98043,98043,98043,98043,98043,98043,98043,98043,98043,98043,98043,98043,98043,98043,98043,98043,98043,98043,98043,98043,98043,98043,98043,98043,98043,98043,98043,98043,98043,98043,98043,98043,98043,98043,98043,98043,98043,98043,98043,98043,98043,98043,98043,98043,98043,98043,98043,98043,98043,98043,98043,98043,98043,98043,98043,98043,98043,98043,98043,98043,98043,98043,98043,98043,98043,98043,98043,98043,98043,98043,98043,98043,98043,98043,98043,98043,98043,98043,98043,98043,98043,98043,98043,98043,98043,98043,98043,98043,98043,98043,98043,98043,98043,98043,98043,98043,98043,98043,98043,98043,98043,98043,98043,98043,98043,98043,98043,98043,98043,98043,98043,9804411,9804411,9804411,9804411,9804411,9804411,9804411,9804411,9804411,9804411,9804411,9804411,9804411,9804411,9804411,9804411,9804411,9804411,9804411,9804411,9804411,9804411,9804411,9804411,9804411,9804411,9804411,9804411,9804411,9804411,9804411,9804411,9804411,9804411,9804411,9804411,9804411,9804411,9804411,9804411,9804411,9804411,9804411,9804411,9804411,9804411,9804411,9804411,9804411,9804411,9804411,9804411,9804411,9804411,9804411,9804411,9804411,9804411,9804411,9804411,9804411,9804411,9804411,9804411,9804411,98044,98044,98044,98044,98044,98044,98044,98044,98044,98044,98044,98044,98044,98044,98044,98044,98044,98044,98044,98044,98044,98044,98044,98044,98044,98044,98044,98044,98044,98044,98044,98044,98044,98044,98044,98044,98044,98044,98044,98044,98044,98044,98044,98044,98044,98044,98044,98044,98044,98044,98044,98044,98044,98044,98044,98044,98044,98044,98044,98044,98044,98044,98044,98044,98044,98044,98044,98044,98044,98044,98044,98044,98044,98044,98044,98044,98044,98044,98044,98044,98044,98044,98044,98044,98044,98044,98044,98044,98044,98044,98044,98044,98044,98044,98044,98044,98044,98044,98044,98044,98044,98044,98044,98044,98044,98044,98044,98044,98044,98044
98044,98044,98044,98044,98044,98044,98044,98044,98044,98044,98044,98044,98044,98044,98044,98044,98044,98044,98044,98044,98044,98044,98043,98043,98043,98043,98043,98043,98043,98043,98043,98043,98043,98043,98043,98043,98043,98043,98043,98043,98043,98043,98043,98043,98043,98043,98043,98043,98043,98043,98043,98043,98043,98043,98043,98043,98043,98043,98043,98043,98043,98043,98043,98043,98043,98043,98043,98043,98043,98043,98043,98043,98043,98043,98043,98043,98043,98043,98043,98043,98043,98043,98043,98043,98043,98043,98043,98043,98043,98043,98043,98043,98043,98043,98043,98043,98043,98043,98043,98043,98043,98043,98043,98043,98043,98043,98043,98043,98043,98043,98043,98043,98043,98043,98043,98043,98043,98043,98043,98043,98043,98043,98043,98043,98043,98043,98043,98043,98043,98043,98043,98043,98043,98043,98043,98043,98043,98043,98043,98043,98043,98043,98043,98043,98043,98043,98043,98043,98043,98043,98043,98043,98043,98043,98043,98043,98043,98043,98043,98043,98043,98043,98043,98043,98043,98043,98043,98043,98043,98043,98043,98043,98043,98043,98043,98043,98043,98043,98043,98043,98043,98043,98043,98043,98043,98043,98043,98043,9804411,9804411,9804411,9804411,9804411,9804411,9804411,9804411,9804411,9804411,9804411,9804411,9804411,9804411,9804411,9804411,9804411,9804411,9804411,9804411,9804411,9804411,9804411,9804411,9804411,9804411,9804411,9804411,9804411,9804411,9804411,9804411,9804411,9804411,9804411,9804411,9804411,9804411,9804411,9804411,9804411,9804411,9804411,9804411,9804411,9804411,9804411,9804411,9804411,9804411,9804411,9804411,9804411,9804411,9804411,9804411,9804411,9804411,9804411,9804411,9804411,98044,98044,98044,98044,98044,98044,98044,98044,98044,98044,98044,98044,98044,98044,98044,98044,98044,98044,98044,98044,98044,98044,98044,98044,98044,98044,98044,98044,98044,98044,98044,98044,98044,98044,98044,98044,98044,98044,98044,98044,98044,98044,98044,98044,98044,98044,98044,98044,98044,98044,98044,98044,98044,98044,98044,98044,98044,98044,98044,98044,98044,98044,98044,98044,98044,98044,98044,98044,98044,98044,98044,98044,98044,98044,98044,98044,98044,98044,98044,98044,98044,98044,98044,98044,98044,98044,98044,98044,98044,98044,98044,98044,98044,98044,98044,98044,98044,98044,98044,98044,98044,98044,98044,98044,98044,98044,98044,98044,98044,98044,98044
98044,98044,98044,98044,98044,98044,98044,98044,98044,98044,98044,98044,98044,98044,98044,98044,98044,98044,98044,98044,98044,98044,98043,98043,98043,98043,98043,98043,98043,98043,98043,98043,98043,98043,98043,98043,98043,98043,98043,98043,98043,98043,98043,98043,98043,98043,98043,98043,98043,98043,98043,98043,98043,98043,98043,98043,98043,98043,98043,98043,98043,98043,98043,98043,98043,98043,98043,98043,98043,98043,98043,98043,98043,98043,98043,98043,98043,98043,98043,98043,98043,98043,98043,98043,98043,98043,98043,98043,98043,98043,98043,98043,98043,98043,98043,98043,98043,98043,98043,98043,98043,98043,98043,98043,98043,98043,98043,98043,98043,98043,98043,98043,98043,98043,98043,98043,98043,98043,98043,98043,98043,98043,98043,98043,98043,98043,98043,98043,98043,98043,98043,98043,98043,98043,98043,98043,98043,98043,98043,98043,98043,98043,98043,98043,98043,98043,98043,98043,98043,98043,98043,98043,98043,98043,98043,98043,98043,98043,98043,98043,98043,98043,98043,98043,98043,98043,98043,98043,98043,98043,98043,98043,98043,98043,98043,98043,98043,98043,98043,98043,98043,98043,98043,98043,98043,98043,98043,98043,98043,98043,9804411,9804411,9804411,9804411,9804411,9804411,9804411,9804411,9804411,9804411,9804411,9804411,9804411,9804411,9804411,9804411,9804411,9804411,9804411,9804411,9804411,9804411,9804411,9804411,9804411,9804411,9804411,9804411,9804411,9804411,9804411,9804411,9804411,9804411,9804411,9804411,9804411,9804411,9804411,9804411,9804411,9804411,9804411,9804411,9804411,9804411,9804411,9804411,9804411,9804411,9804411,9804411,9804411,9804411,9804411,9804411,9804411,9804411,98044,98044,98044,98044,98044,98044,98044,98044,98044,98044,98044,98044,98044,98044,98044,98044,98044,98044,98044,98044,98044,98044,98044,98044,98044,98044,98044,98044,98044,98044,98044,98044,98044,98044,98044,98044,98044,98044,98044,98044,98044,98044,98044,98044,98044,98044,98044,98044,98044,98044,98044,98044,98044,98044,98044,98044,98044,98044,98044,98044,98044,98044,98044,98044,98044,98044,98044,98044,98044,98044,98044,98044,98044,98044,98044,98044,98044,98044,98044,98044,98044,98044,98044,98044,98044,98044,98044,98044,98044,98044,98044,98044,98044,98044,98044,98044,98044,98044,98044,98044,98044,98044,98044,98044,98044,98044,98044,98044,98044,98044,98044,98044
98044,98044,98044,98044,98044,98044,98044,98044,98044,98044,98044,98044,98044,98044,98044,98044,98044,98044,98044,98044,98044,98044,98044,98043,98043,98043,98043,98043,98043,98043,98043,98043,98043,98043,98043,98043,98043,98043,98043,98043,98043,98043,98043,98043,98043,98043,98043,98043,98043,98043,98043,98043,98043,98043,98043,98043,98043,98043,98043,98043,98043,98043,98043,98043,98043,98043,98043,98043,98043,98043,98043,98043,98043,98043,98043,98043,98043,98043,98043,98043,98043,98043,98043,98043,98043,98043,98043,98043,98043,98043,98043,98043,98043,98043,98043,98043,98043,98043,98043,98043,98043,98043,98043,98043,98043,98043,98043,98043,98043,98043,98043,98043,98043,98043,98043,98043,98043,98043,98043,98043,98043,98043,98043,98043,98043,98043,98043,98043,98043,98043,98043,98043,98043,98043,98043,98043,98043,98043,98043,98043,98043,98043,98043,98043,98043,98043,98043,98043,98043,98043,98043,98043,98043,98043,98043,98043,98043,98043,98043,98043,98043,98043,98043,98043,98043,98043,98043,98043,98043,98043,98043,98043,98043,98043,98043,98043,98043,98043,98043,98043,98043,98043,98043,98043,98043,98043,98043,98043,98043,98043,98043,98043,98044,98044,9804411,9804411,9804411,9804411,9804411,9804411,9804411,9804411,9804411,9804411,9804411,9804411,9804411,9804411,9804411,9804411,9804411,9804411,9804411,9804411,9804411,9804411,9804411,9804411,9804411,9804411,9804411,9804411,9804411,9804411,9804411,9804411,9804411,9804411,9804411,9804411,9804411,9804411,9804411,9804411,9804411,9804411,9804411,9804411,9804411,9804411,9804411,9804411,9804411,9804411,9804411,9804411,98044,98044,98044,98044,98044,98044,98044,98044,98044,98044,98044,98044,98044,98044,98044,98044,98044,98044,98044,98044,98044,98044,98044,98044,98044,98044,98044,98044,98044,98044,98044,98044,98044,98044,98044,98044,98044,98044,98044,98044,98044,98044,98044,98044,98044,98044,98044,98044,98044,98044,98044,98044,98044,98044,98044,98044,98044,98044,98044,98044,98044,98044,98044,98044,98044,98044,98044,98044,98044,98044,98044,98044,98044,98044,98044,98044,98044,98044,98044,98044,98044,98044,98044,98044,98044,98044,98044,98044,98044,98044,98044,98044,98044,98044,98044,98044,98044,98044,98044,98044,98044,98044,98044,98044,98044,98044,98044,98044,98044,98044,98044,98044,98044,98044
98044,98044,98044,98044,98044,98044,98044,98044,98044,98044,98044,98044,98044,98044,98044,98044,98044,98044,98044,98044,98044,98044,98044,98044,98043,98043,98043,98043,98043,98043,98043,98043,98043,98043,98043,98043,98043,98043,98043,98043,98043,98043,98043,98043,98043,98043,98043,98043,98043,98043,98043,98043,98043,98043,98043,98043,98043,98043,98043,98043,98043,98043,98043,98043,98043,98043,98043,98043,98043,98043,98043,98043,98043,98043,98043,98043,98043,98043,98043,98043,98043,98043,98043,98043,98043,98043,98043,98043,98043,98043,98043,98043,98043,98043,98043,98043,98043,98043,98043,98043,98043,98043,98043,98043,98043,98043,98043,98043,98043,98043,98043,98043,98043,98043,98043,98043,98043,98043,98043,98043,98043,98043,98043,98043,98043,98043,98043,98043,98043,98043,98043,98043,98043,98043,98043,98043,98043,98043,98043,98043,98043,98043,98043,98043,98043,98043,98043,98043,98043,98043,98043,98043,98043,98043,98043,98043,98043,98043,98043,98043,98043,98043,98043,98043,98043,98043,98043,98043,98043,98043,98043,98043,98043,98043,98043,98043,98043,98043,98043,98043,98043,98043,98043,98043,98043,98043,98043,98043,98043,98043,98043,98043,98044,98044,98044,98044,98044,9804411,9804411,9804411,9804411,9804411,9804411,9804411,9804411,9804411,9804411,9804411,9804411,9804411,9804411,9804411,9804411,9804411,9804411,9804411,9804411,9804411,9804411,9804411,9804411,9804411,9804411,9804411,9804411,9804411,9804411,9804411,9804411,9804411,9804411,9804411,9804411,9804411,9804411,9804411,9804411,9804411,9804411,9804411,9804411,9804411,9804411,9804411,9804411,98044,98044,98044,98044,98044,98044,98044,98044,98044,98044,98044,98044,98044,98044,98044,98044,98044,98044,98044,98044,98044,98044,98044,98044,98044,98044,98044,98044,98044,98044,98044,98044,98044,98044,98044,98044,98044,98044,98044,98044,98044,98044,98044,98044,98044,98044,98044,98044,98044,98044,98044,98044,98044,98044,98044,98044,98044,98044,98044,98044,98044,98044,98044,98044,98044,98044,98044,98044,98044,98044,98044,98044,98044,98044,98044,98044,98044,98044,98044,98044,98044,98044,98044,98044,98044,98044,98044,98044,98044,98044,98044,98044,98044,98044,98044,98044,98044,98044,98044,98044,98044,98044,98044,98044,98044,98044,98044,98044,98044,98044,98044,98044,98044,98044,98044
98044,98044,98044,98044,98044,98044,98044,98044,98044,98044,98044,98044,98044,98044,98044,98044,98044,98044,98044,98044,98044,98044,98044,98044,98044,98043,98043,98043,98043,98043,98043,98043,98043,98043,98043,98043,98043,98043,98043,98043,98043,98043,98043,98043,98043,98043,98043,98043,98043,98043,98043,98043,98043,98043,98043,98043,98043,98043,98043,98043,98043,98043,98043,98043,98043,98043,98043,98043,98043,98043,98043,98043,98043,98043,98043,98043,98043,98043,98043,98043,98043,98043,98043,98043,98043,98043,98043,98043,98043,98043,98043,98043,98043,98043,98043,98043,98043,98043,98043,98043,98043,98043,98043,98043,98043,98043,98043,98043,98043,98043,98043,98043,98043,98043,98043,98043,98043,98043,98043,98043,98043,98043,98043,98043,98043,98043,98043,98043,98043,98043,98043,98043,98043,98043,98043,98043,98043,98043,98043,98043,98043,98043,98043,98043,98043,98043,98043,98043,98043,98043,98043,98043,98043,98043,98043,98043,98043,98043,98043,98043,98043,98043,98043,98043,98043,98043,98043,98043,98043,98043,98043,98043,98043,98043,98043,98043,98043,98043,98043,98043,98043,98043,98043,98043,98043,98043,98043,98043,98043,98043,98043,98043,98044,98044,98044,98044,98044,98044,98044,98044,98044,98044,9804411,9804411,9804411,9804411,9804411,9804411,9804411,9804411,9804411,9804411,9804411,9804411,9804411,9804411,9804411,9804411,9804411,9804411,9804411,9804411,9804411,9804411,9804411,9804411,9804411,9804411,9804411,9804411,9804411,9804411,9804411,9804411,9804411,9804411,9804411,9804411,9804411,9804411,9804411,9804411,9804411,98044,98044,98044,98044,98044,98044,98044,98044,98044,98044,98044,98044,98044,98044,98044,98044,98044,98044,98044,98044,98044,98044,98044,98044,98044,98044,98044,98044,98044,98044,98044,98044,98044,98044,98044,98044,98044,98044,98044,98044,98044,98044,98044,98044,98044,98044,98044,98044,98044,98044,98044,98044,98044,98044,98044,98044,98044,98044,98044,98044,98044,98044,98044,98044,98044,98044,98044,98044,98044,98044,98044,98044,98044,98044,98044,98044,98044,98044,98044,98044,98044,98044,98044,98044,98044,98044,98044,98044,98044,98044,98044,98044,98044,98044,98044,98044,98044,98044,98044,98044,98044,98044,98044,98044,98044,98044,98044,98044,98044,98044,98044,98044,98044,98044,98044,98044,98044
98044,98044,98044,98044,98044,98044,98044,98044,98044,98044,98044,98044,98044,98044,98044,98044,98044,98044,98044,98044,98044,98044,98044,98044,98044,98043,98043,98043,98043,98043,98043,98043,98043,98043,98043,98043,98043,98043,98043,98043,98043,98043,98043,98043,98043,98043,98043,98043,98043,98043,98043,98043,98043,98043,98043,98043,98043,98043,98043,98043,98043,98043,98043,98043,98043,98043,98043,98043,98043,98043,98043,98043,98043,98043,98043,98043,98043,98043,98043,98043,98043,98043,98043,98043,98043,98043,98043,98043,98043,98043,98043,98043,98043,98043,98043,98043,98043,98043,98043,98043,98043,98043,98043,98043,98043,98043,98043,98043,98043,98043,98043,98043,98043,98043,98043,98043,98043,98043,98043,98043,98043,98043,98043,98043,98043,98043,98043,98043,98043,98043,98043,98043,98043,98043,98043,98043,98043,98043,98043,98043,98043,98043,98043,98043,98043,98043,98043,98043,98043,98043,98043,98043,98043,98043,98043,98043,98043,98043,98043,98043,98043,98043,98043,98043,98043,98043,98043,98043,98043,98043,98043,98043,98043,98043,98043,98043,98043,98043,98043,98043,98043,98043,98043,98043,98043,98043,98043,98043,98043,98043,98043,98044,98044,98044,98044,98044,98044,98044,98044,98044,98044,98044,98044,98044,98044,98044,98044,98044,98044,9804411,9804411,9804411,9804411,9804411,9804411,9804411,9804411,9804411,9804411,9804411,9804411,9804411,9804411,9804411,9804411,9804411,9804411,9804411,9804411,9804411,9804411,9804411,9804411,9804411,9804411,9804411,9804411,9804411,9804411,9804411,9804411,9804411,9804411,9804411,9804411,9804411,9804411,9804411,9804411,9804411,98044,98044,98044,98044,98044,98044,98044,98044,98044,98044,98044,98044,98044,98044,98044,98044,98044,98044,98044,98044,98044,98044,98044,98044,98044,98044,98044,98044,98044,98044,98044,98044,98044,98044,98044,98044,98044,98044,98044,98044,98044,98044,98044,98044,98044,98044,98044,98044,98044,98044,98044,98044,98044,98044,98044,98044,98044,98044,98044,98044,98044,98044,98044,98044,98044,98044,98044,98044,98044,98044,98044,98044,98044,98044,98044,98044,98044,98044,98044,98044,98044,98044,98044,98044,98044,98044,98044,98044,98044,98044,98044,98044,98044,98044,98044,98044,98044,98044,98044,98044,98044,98044,98044,98044,98044,98044,98044,98044,98044,98044
98044,98044,98044,98044,98044,98044,98044,98044,98044,98044,98044,98044,98044,98044,98044,98044,98044,98044,98044,98044,98044,98044,98044,98044,98044,98044,98044,98043,98043,98043,98043,98043,98043,98043,98043,98043,98043,98043,98043,98043,98043,98043,98043,98043,98043,98043,98043,98043,98043,98043,98043,98043,98043,98043,98043,98043,98043,98043,98043,98043,98043,98043,98043,98043,98043,98043,98043,98043,98043,98043,98043,98043,98043,98043,98043,98043,98043,98043,98043,98043,98043,98043,98043,98043,98043,98043,98043,98043,98043,98043,98043,98043,98043,98043,98043,98043,98043,98043,98043,98043,98043,98043,98043,98043,98043,98043,98043,98043,98043,98043,98043,98043,98043,98043,98043,98043,98043,98043,98043,98043,98043,98043,98043,98043,98043,98043,98043,98043,98043,98043,98043,98043,98043,98043,98043,98043,98043,98043,98043,98043,98043,98043,98043,98043,98043,98043,98043,98043,98043,98043,98043,98043,98043,98043,98043,98043,98043,98043,98043,98043,98043,98043,98043,98043,98043,98043,98043,98043,98043,98043,98043,98043,98043,98043,98043,98043,98043,98043,98043,98043,98043,98043,98043,98043,98043,98043,98043,98043,98043,98043,98043,98044,98044,98044,98044,98044,98044,98044,98044,98044,98044,98044,98044,98044,98044,98044,98044,98044,98044,98044,98044,98044,98044,98044,98044,98044,98044,98044,9804411,9804411,9804411,9804411,9804411,9804411,9804411,9804411,9804411,9804411,9804411,9804411,9804411,9804411,9804411,9804411,9804411,9804411,9804411,9804411,9804411,9804411,9804411,9804411,9804411,9804411,9804411,9804411,9804411,9804411,9804411,98044,98044,98044,98044,98044,98044,98044,98044,98044,98044,98044,98044,98044,98044,98044,98044,98044,98044,98044,98044,98044,98044,98044,98044,98044,98044,98044,98044,98044,98044,98044,98044,98044,98044,98044,98044,98044,98044,98044,98044,98044,98044,98044,98044,98044,98044,98044,98044,98044,98044,98044,98044,98044,98044,98044,98044,98044,98044,98044,98044,98044,98044,98044,98044,98044,98044,98044,98044,98044,98044,98044,98044,98044,98044,98044,98044,98044,98044,98044,98044,98044,98044,98044,98044,98044,98044,98044,98044,98044,98044,98044,98044,98044,98044,98044,98044,98044,98044,98044,98044,98044,98044,98044,98044,98044,98044,98044,98044,98044,98044,98044
98044,98044,98044,98044,98044,98044,98044,98044,98044,98044,98044,98044,98044,98044,98044,98044,98044,98044,98044,98044,98044,98044,98044,98044,98044,98044,98044,98044,98043,98043,98043,98043,98043,98043,98043,98043,98043,98043,98043,98043,98043,98043,98043,98043,98043,98043,98043,98043,98043,98043,98043,98043,98043,98043,98043,98043,98043,98043,98043,98043,98043,98043,98043,98043,98043,98043,98043,98043,98043,98043,98043,98043,98043,98043,98043,98043,98043,98043,98043,98043,98043,98043,98043,98043,98043,98043,98043,98043,98043,98043,98043,98043,98043,98043,98043,98043,98043,98043,98043,98043,98043,98043,98043,98043,98043,98043,98043,98043,98043,98043,98043,98043,98043,98043,98043,98043,98043,98043,98043,98043,98043,98043,98043,98043,98043,98043,98043,98043,98043,98043,98043,98043,98043,98043,98043,98043,98043,98043,98043,98043,98043,98043,98043,98043,98043,98043,98043,98043,98043,98043,98043,98043,98043,98043,98043,98043,98043,98043,98043,98043,98043,98043,98043,98043,98043,98043,98043,98043,98043,98043,98043,98043,98043,98043,98043,98043,98043,98043,98043,98043,98043,98043,98043,98043,98043,98043,98043,98043,98043,98043,98043,98044,98044,98044,98044,98044,98044,98044,98044,98044,98044,98044,98044,98044,98044,98044,98044,98044,98044,98044,98044,98044,98044,98044,98044,98044,98044,98044,98044,98044,98044,98044,98044,98044,98044,98044,98044,98044,98044,98044,98044,98044,98044,98044,98044,98044,98044,98044,98044,98044,98044,98044,98044,98044,98044,98044,98044,98044,98044,98044,98044,98044,98044,98044,98044,98044,98044,98044,98044,98044,98044,98044,98044,98044,98044,98044,98044,98044,98044,98044,98044,98044,98044,98044,98044,98044,98044,98044,98044,98044,98044,98044,98044,98044,98044,98044,98044,98044,98044,98044,98044,98044,98044,98044,98044,98044,98044,98044,98044,98044,98044,98044,98044,98044,98044,98044,98044,98044,98044,98044,98044,98044,98044,98044,98044,98044,98044,98044,98044,98044,98044,98044,98044,98044,98044,98044,98044,98044,98044,98044,98044,98044,98044,98044,98044,98044,98044,98044,98044,98044,98044,98044,98044,98044,98044,98044,98044,98044,98044,98044,98044,98044,98044,98044,98044,98044,98044,98044,98044,98044
98044,98044,98044,98044,98044,98044,98044,98044,98044,98044,98044,98044,98044,98044,98044,98044,98044,98044,98044,98044,98044,98044,98044,98044,98044,98044,98044,98044,98044,98044,98043,98043,98043,98043,98043,98043,98043,98043,98043,98043,98043,98043,98043,98043,98043,98043,98043,98043,98043,98043,98043,98043,98043,98043,98043,98043,98043,98043,98043,98043,98043,98043,98043,98043,98043,98043,98043,98043,98043,98043,98043,98043,98043,98043,98043,98043,98043,98043,98043,98043,98043,98043,98043,98043,98043,98043,98043,98043,98043,98043,98043,98043,98043,98043,98043,98043,98043,98043,98043,98043,98043,98043,98043,98043,98043,98043,98043,98043,98043,98043,98043,98043,98043,98043,98043,98043,98043,98043,98043,98043,98043,98043,98043,98043,98043,98043,98043,98043,98043,98043,98043,98043,98043,98043,98043,98043,98043,98043,98043,98043,98043,98043,98043,98043,98043,98043,98043,98043,98043,98043,98043,98043,98043,98043,98043,98043,98043,98043,98043,98043,98043,98043,98043,98043,98043,98043,98043,98043,98043,98043,98043,98043,98043,98043,98043,98043,98043,98043,98043,98043,98043,98043,98043,98043,98043,98043,98043,98043,98043,98043,98043,98044,98044,98044,98044,98044,98044,98044,98044,98044,98044,98044,98044,98044,98044,98044,98044,98044,98044,98044,98044,98044,98044,98044,98044,98044,98044,98044,98044,98044,98044,98044,98044,98044,98044,98044,98044,98044,98044,98044,98044,98044,98044,98044,98044,98044,98044,98044,98044,98044,98044,98044,98044,98044,98044,98044,98044,98044,98044,98044,98044,98044,98044,98044,98044,98044,98044,98044,98044,98044,98044,98044,98044,98044,98044,98044,98044,98044,98044,98044,98044,98044,98044,98044,98044,98044,98044,98044,98044,98044,98044,98044,98044,98044,98044,98044,98044,98044,98044,98044,98044,98044,98044,98044,98044,98044,98044,98044,98044,98044,98044,98044,98044,98044,98044,98044,98044,98044,98044,98044,98044,98044,98044,98044,98044,98044,98044,98044,98044,98044,98044,98044,98044,98044,98044,98044,98044,98044,98044,98044,98044,98044,98044,98044,98044,98044,98044,98044,98044,98044,98044,98044,98044,98044,98044,98044,98044,98044,98044,98044,98044,98044,98044,98044,98044,98044,98044,98044,98044,98044
98044,98044,98044,98044,98044,98044,98044,98044,98044,98044,98044,98044,98044,98044,98044,98044,98044,98044,98044,98044,98044,98044,98044,98044,98044,98044,98044,98044,98044,98044,98044,98044,98043,98043,98043,98043,98043,98043,98043,98043,98043,98043,98043,98043,98043,98043,98043,98043,98043,98043,98043,98043,98043,98043,98043,98043,98043,98043,98043,98043,98043,98043,98043,98043,98043,98043,98043,98043,98043,98043,98043,98043,98043,98043,98043,98043,98043,98043,98043,98043,98043,98043,98043,98043,98043,98043,98043,98043,98043,98043,98043,98043,98043,98043,98043,98043,98043,98043,98043,98043,98043,98043,98043,98043,98043,98043,98043,98043,98043,98043,98043,98043,98043,98043,98043,98043,98043,98043,98043,98043,98043,98043,98043,98043,98043,98043,98043,98043,98043,98043,98043,98043,98043,98043,98043,98043,98043,98043,98043,98043,98043,98043,98043,98043,98043,98043,98043,98043,98043,98043,98043,98043,98043,98043,98043,98043,98043,98043,98043,98043,98043,98043,98043,98043,98043,98043,98043,98043,98043,98043,98043,98043,98043,98043,98043,98043,98043,98043,98043,98043,98043,98043,98043,98043,98043,98043,98043,98043,98043,98043,98043,98044,98044,98044,98044,98044,98044,98044,98044,98044,98044,98044,98044,98044,98044,98044,98044,98044,98044,98044,98044,98044,98044,98044,98044,98044,98044,98044,98044,98044,98044,98044,98044,98044,98044,98044,98044,98044,98044,98044,98044,98044,98044,98044,98044,98044,98044,98044,98044,98044,98044,98044,98044,98044,98044,98044,98044,98044,98044,98044,98044,98044,98044,98044,98044,98044,98044,98044,98044,98044,98044,98044,98044,98044,98044,98044,98044,98044,98044,98044,98044,98044,98044,98044,98044,98044,98044,98044,98044,98044,98044,98044,98044,98044,98044,98044,98044,98044,98044,98044,98044,98044,98044,98044,98044,98044,98044,98044,98044,98044,98044,98044,98044,98044,98044,98044,98044,98044,98044,98044,98044,98044,98044,98044,98044,98044,98044,98044,98044,98044,98044,98044,98044,98044,98044,98044,98044,98044,98044,98044,98044,98044,98044,98044,98044,98044,98044,98044,98044,98044,98044,98044,98044,98044,98044,98044,98044,98044,98044,98044,98044,98044,98044,98044,98044,98044,98044,98044,98044,98044
98044,98044,98044,98044,98044,98044,98044,98044,98044,98044,98044,98044,98044,98044,98044,98044,98044,98044,98044,98044,98044,98044,98044,98044,98044,98044,98044,98044,98044,98044,98044,98044,98044,98044,98044,98043,98043,98043,98043,98043,98043,98043,98043,98043,98043,98043,98043,98043,98043,98043,98043,98043,98043,98043,98043,98043,98043,98043,98043,98043,98043,98043,98043,98043,98043,98043,98043,98043,98043,98043,98043,98043,98043,98043,98043,98043,98043,98043,98043,98043,98043,98043,98043,98043,98043,98043,98043,98043,98043,98043,98043,98043,98043,98043,98043,98043,98043,98043,98043,98043,98043,98043,98043,98043,98043,98043,98043,98043,98043,98043,98043,98043,98043,98043,98043,98043,98043,98043,98043,98043,98043,98043,98043,98043,98043,98043,98043,98043,98043,98043,98043,98043,98043,98043,98043,98043,98043,98043,98043,98043,98043,98043,98043,98043,98043,98043,98043,98043,98043,98043,98043,98043,98043,98043,98043,98043,98043,98043,98043,98043,98043,98043,98043,98043,98043,98043,98043,98043,98043,98043,98043,98043,98043,98043,98043,98043,98043,98043,98043,98043,98043,98043,98043,98043,98043,98043,98043,98043,98043,98043,98044,98044,98044,98044,98044,98044,98044,98044,98044,98044,98044,98044,98044,98044,98044,98044,98044,98044,98044,98044,98044,98044,98044,98044,98044,98044,98044,98044,98044,98044,98044,98044,98044,98044,98044,98044,98044,98044,98044,98044,98044,98044,98044,98044,98044,98044,98044,98044,98044,98044,98044,98044,98044,98044,98044,98044,98044,98044,98044,98044,98044,98044,98044,98044,98044,98044,98044,98044,98044,98044,98044,98044,98044,98044,98044,98044,98044,98044,98044,98044,98044,98044,98044,98044,98044,98044,98044,98044,98044,98044,98044,98044,98044,98044,98044,98044,98044,98044,98044,98044,98044,98044,98044,98044,98044,98044,98044,98044,98044,98044,98044,98044,98044,98044,98044,98044,98044,98044,98044,98044,98044,98044,98044,98044,98044,98044,98044,98044,98044,98044,98044,98044,98044,98044,98044,98044,98044,98044,98044,98044,98044,98044,98044,98044,98044,98044,98044,98044,98044,98044,98044,98044,98044,98044,98044,98044,98044,98044,98044,98044,98044,98044,98044,98044,98044,98044,98044,98044,98044,98044
98044,98044,98044,98044,98044,98044,98044,98044,98044,98044,98044,98044,98044,98044,98044,98044,98044,98044,98044,98044,98044,98044,98044,98044,98044,98044,98044,98044,98044,98044,98044,98044,98044,98044,98044,98044,98044,98044,98044,98043,98043,98043,98043,98043,98043,98043,98043,98043,98043,98043,98043,98043,98043,98043,98043,98043,98043,98043,98043,98043,98043,98043,98043,98043,98043,98043,98043,98043,98043,98043,98043,98043,98043,98043,98043,98043,98043,98043,98043,98043,98043,98043,98043,98043,98043,98043,98043,98043,98043,98043,98043,98043,98043,98043,98043,98043,98043,98043,98043,98043,98043,98043,98043,98043,98043,98043,98043,98043,98043,98043,98043,98043,98043,98043,98043,98043,98043,98043,98043,98043,98043,98043,98043,98043,98043,98043,98043,98043,98043,98043,98043,98043,98043,98043,98043,98043,98043,98043,98043,98043,98043,98043,98043,98043,98043,98043,98043,98043,98043,98043,98043,98043,98043,98043,98043,98043,98043,98043,98043,98043,98043,98043,98043,98043,98043,98043,98043,98043,98043,98043,98043,98043,98043,98043,98043,98043,98043,98043,98043,98043,98043,98043,98043,98043,98043,98043,98043,98043,98043,98043,98044,98044,98044,98044,98044,98044,98044,98044,98044,98044,98044,98044,98044,98044,98044,98044,98044,98044,98044,98044,98044,98044,98044,98044,98044,98044,98044,98044,98044,98044,98044,98044,98044,98044,98044,98044,98044,98044,98044,98044,98044,98044,98044,98044,98044,98044,98044,98044,98044,98044,98044,98044,98044,98044,98044,98044,98044,98044,98044,98044,98044,98044,98044,98044,98044,98044,98044,98044,98044,98044,98044,98044,98044,98044,98044,98044,98044,98044,98044,98044,98044,98044,98044,98044,98044,98044,98044,98044,98044,98044,98044,98044,98044,98044,98044,98044,98044,98044,98044,98044,98044,98044,98044,98044,98044,98044,98044,98044,98044,98044,98044,98044,98044,98044,98044,98044,98044,98044,98044,98044,98044,98044,98044,98044,98044,98044,98044,98044,98044,98044,98044,98044,98044,98044,98044,98044,98044,98044,98044,98044,98044,98044,98044,98044,98044,98044,98044,98044,98044,98044,98044,98044,98044,98044,98044,98044,98044,98044,98044,98044,98044,98044,98044,98044,98044,98044,98044,98044,98044,98044
98044,98044,98044,98044,98044,98044,98044,98044,98044,98044,98044,98044,98044,98044,98044,98044,98044,98044,98044,98044,98044,98044,98044,98044,98044,98044,98044,98044,98044,98044,98044,98044,98044,98044,98044,98044,98044,98044,98044,98044,98044,98044,98044,98044,98044,98044,98043,98043,98043,98043,98043,98043,98043,98043,98043,98043,98043,98043,98043,98043,98043,98043,98043,98043,98043,98043,98043,98043,98043,98043,98043,98043,98043,98043,98043,98043,98043,98043,98043,98043,98043,98043,98043,98043,98043,98043,98043,98043,98043,98043,98043,98043,98043,98043,98043,98043,98043,98043,98043,98043,98043,98043,98043,98043,98043,98043,98043,98043,98043,98043,98043,98043,98043,98043,98043,98043,98043,98043,98043,98043,98043,98043,98043,98043,98043,98043,98043,98043,98043,98043,98043,98043,98043,98043,98043,98043,98043,98043,98043,98043,98043,98043,98043,98043,98043,98043,98043,98043,98043,98043,98043,98043,98043,98043,98043,98043,98043,98043,98043,98043,98043,98043,98043,98043,98043,98043,98043,98043,98043,98043,98043,98043,98043,98043,98043,98043,98043,98043,98043,98043,98043,98043,98043,98043,98043,98043,98043,98043,98043,98044,98044,98044,98044,98044,98044,98044,98044,98044,98044,98044,98044,98044,98044,98044,98044,98044,98044,98044,98044,98044,98044,98044,98044,98044,98044,98044,98044,98044,98044,98044,98044,98044,98044,98044,98044,98044,98044,98044,98044,98044,98044,98044,98044,98044,98044,98044,98044,98044,98044,98044,98044,98044,98044,98044,98044,98044,98044,98044,98044,98044,98044,98044,98044,98044,98044,98044,98044,98044,98044,98044,98044,98044,98044,98044,98044,98044,98044,98044,98044,98044,98044,98044,98044,98044,98044,98044,98044,98044,98044,98044,98044,98044,98044,98044,98044,98044,98044,98044,98044,98044,98044,98044,98044,98044,98044,98044,98044,98044,98044,98044,98044,98044,98044,98044,98044,98044,98044,98044,98044,98044,98044,98044,98044,98044,98044,98044,98044,98044,98044,98044,98044,98044,98044,98044,98044,98044,98044,98044,98044,98044,98044,98044,98044,98044,98044,98044,98044,98044,98044,98044,98044,98044,98044,98044,98044,98044,98044,98044,98044,98044,98044,98044,98044,98044,98044,98044,98044,98044,98044,98044
98044,98044,98044,98044,98044,98044,98044,98044,98044,98044,98044,98044,98044,98044,98044,98044,98044,98044,98044,98044,98044,98044,98044,98044,98044,98044,98044,98044,98044,98044,98044,98044,98044,98044,98044,98044,98044,98044,98044,98044,98044,98044,98044,98044,98044,98044,98044,98044,98044,98044,98044,98044,98044,98044,98044,98044,98043,98043,98043,98043,98043,98043,98043,98043,98043,98043,98043,98043,98043,98043,98043,98043,98043,98043,98043,98043,98043,98043,98043,98043,98043,98043,98043,98043,98043,98043,98043,98043,98043,98043,98043,98043,98043,98043,98043,98043,98043,98043,98043,98043,98043,98043,98043,98043,98043,98043,98043,98043,98043,98043,98043,98043,98043,98043,98043,98043,98043,98043,98043,98043,98043,98043,98043,98043,98043,98043,98043,98043,98043,98043,98043,98043,98043,98043,98043,98043,98043,98043,98043,98043,98043,98043,98043,98043,98043,98043,98043,98043,98043,98043,98043,98044,98044,98044,98044,98044,98044,98044,98044,98044,98044,98044,98044,98044,98044,98044,98044,98043,98043,98043,98043,98043,98043,98043,98043,98043,98043,98043,98043,98043,98043,98043,98043,98043,98043,98043,98043,98044,98044,98044,98044,98044,98044,98044,98044,98044,98044,98044,98044,98044,98044,98044,98044,98044,98044,98044,98044,98044,98044,98044,98044,98044,98044,98044,98044,98044,98044,98044,98044,98044,98044,98044,98044,98044,98044,98044,98044,98044,98044,98044,98044,98044,98044,98044,98044,98044,98044,98044,98044,98044,98044,98044,98044,98044,98044,98044,98044,98044,98044,98044,98044,98044,98044,98044,98044,98044,98044,98044,98044,98044,98044,98044,98044,98044,98044,98044,98044,98044,98044,98044,98044,98044,98044,98044,98044,98044,98044,98044,98044,98044,98044,98044,98044,98044,98044,98044,98044,98044,98044,98044,98044,98044,98044,98044,98044,98044,98044,98044,98044,98044,98044,98044,98044,98044,98044,98044,98044,98044,98044,98044,98044,98044,98044,98044,98044,98044,98044,98044,98044,98044,98044,98044,98044,98044,98044,98044,98044,98044,98044,98044,98044,98044,98044,98044,98044,98044,98044,98044,98044,98044,98044,98044,98044,98044,98044,98044,98044,98044,98044,98044,98044,98044,98044,98044,98044,98044,98044,98044,98044,98044
98044,98044,98044,98044,98044,98044,98044,98044,98044,98044,98044,98044,98044,98044,98044,98044,98044,98044,98044,98044,98044,98044,98044,98044,98044,98044,98044,98044,98044,98044,98044,98044,98044,98044,98044,98044,98044,98044,98044,98044,98044,98044,98044,98044,98044,98044,98044,98044,98044,98044,98044,98044,98044,98044,98044,98044,98044,98044,98044,98044,98044,98044,98044,98044,98044,98044,98044,98044,98044,98044,98044,98044,98044,98044,98044,98044,98044,98044,98044,98044,98044,98044,98044,98044,98044,98044,98043,98043,98043,98043,98043,98043,98043,98043,98043,98043,98043,98043,98043,98043,98043,98043,98043,98043,98043,98043,98043,98043,98043,98043,98043,98043,98043,98043,98043,98043,98043,98043,98043,98043,98043,98043,98044,98044,98044,98044,98044,98044,98044,98044,98044,98044,98044,98044,98044,98044,98044,98044,98044,98044,98044,98044,98044,98044,98044,98044,98044,98044,98044,98044,98044,98044,98044,98044,98044,98044,98044,98044,98044,98044,98044,98044,98044,98044,98044,98044,98044,98044,98044,98044,98044,98044,98044,98044,98044,98044,98044,98044,98044,98044,98044,98044,98044,98044,98044,98044,98044,98044,98044,98044,98044,98044,98044,98044,98044,98044,98044,98044,98044,98044,98044,98044,98044,98044,98044,98044,98044,98044,98044,98044,98044,98044,98044,98044,98044,98044,98044,98044,98044,98044,98044,98044,98044,98044,98044,98044,98044,98044,98044,98044,98044,98044,98044,98044,98044,98044,98044,98044,98044,98044,98044,98044,98044,98044,98044,98044,98044,98044,98044,98044,98044,98044,98044,98044,98044,98044,98044,98044,98044,98044,98044,98044,98044,98044,98044,98044,98044,98044,98044,98044,98044,98044,98044,98044,98044,98044,98044,98044,98044,98044,98044,98044,98044,98044,98044,98044,98044,98044,98044,98044,98044,98044,98044,98044,98044,98044,98044,98044,98044,98044,98044,98044,98044,98044,98044,98044,98044,98044,98044,98044,98044,98044,98044,98044,98044,98044,98044,98044,98044,98044,98044,98044,98044,98044,98044,98044,98044,98044,98044,98044,98044,98044,98044,98044,98044,98044,98044,98044,98044,98044,98044,98044,98044,98044,98044,98044,98044,98044,98044,98044,98044,98044,98044,98044,98044,98044,98044,98044,98044,98044
98044,98044,98044,98044,98044,98044,98044,98044,98044,98044,98044,98044,98044,98044,98044,98044,98044,98044,98044,98044,98044,98044,98044,98044,98044,98044,98044,98044,98044,98044,98044,98044,98044,98044,98044,98044,98044,98044,98044,98044,98044,98044,98044,98044,98044,98044,98044,98044,98044,98044,98044,98044,98044,98044,98044,98044,98044,98044,98044,98044,98044,98044,98044,98044,98044,98044,98044,98044,98044,98044,98044,98044,98044,98044,98044,98044,98044,98044,98044,98044,98044,98044,98044,98044,98044,98044,98044,98044,98044,98044,98044,98044,98044,98044,98044,98044,98044,98044,98044,98044,98044,98044,98044,98044,98044,98044,98044,98044,98044,98044,98044,98044,98044,98044,98044,98044,98044,98044,98044,98044,98044,98044,98044,98044,98044,98044,98044,98044,98044,98044,98044,98044,98044,98044,98044,98044,98044,98044,98044,98044,98044,98044,98044,98044,98044,98044,98044,98044,98044,98044,98044,98044,98044,98044,98044,98044,98044,98044,98044,98044,98044,98044,98044,98044,98044,98044,98044,98044,98044,98044,98044,98044,98044,98044,98044,98044,98044,98044,98044,98044,98044,98044,98044,98044,98044,98044,98044,98044,98044,98044,98044,98044,98044,98044,98044,98044,98044,98044,98044,98044,98044,98044,98044,98044,98044,98044,98044,98044,98044,98044,98044,98044,98044,98044,98044,98044,98044,98044,98044,98044,98044,98044,98044,98044,98044,98044,98044,98044,98044,98044,98044,98044,98044,98044,98044,98044,98044,98044,98044,98044,98044,98044,98044,98044,98044,98044,98044,98044,98044,98044,98044,98044,98044,98044,98044,98044,98044,98044,98044,98044,98044,98044,98044,98044,98044,98044,98044,98044,98044,98044,98044,98044,98044,98044,98044,98044,98044,98044,98044,98044,98044,98044,98044,98044,98044,98044,98044,98044,98044,98044,98044,98044,98044,98044,98044,98044,98044,98044,98044,98044,98044,98044,98044,98044,98044,98044,98044,98044,98044,98044,98044,98044,98044,98044,98044,98044,98044,98044,98044,98044,98044,98044,98044,98044,98044,98044,98044,98044,98044,98044,98044,98044,98044,98044,98044,98044,98044,98044,98044,98044,98044,98044,98044,98044,98044,98044,98044,98044,98044,98044,98044,98044,98044,98044,98044,98044,98044,98044,98044,98044
98044,98044,98044,98044,98044,98044,98044,98044,98044,98044,98044,98044,98044,98044,98044,98044,98044,98044,98044,98044,98044,98044,98044,98044,98044,98044,98044,98044,98044,98044,98044,98044,98044,98044,98044,98044,98044,98044,98044,98044,98044,98044,98044,98044,98044,98044,98044,98044,98044,98044,98044,98044,98044,98044,98044,98044,98044,98044,98044,98044,98044,98044,98044,98044,98044,98044,98044,98044,98044,98044,98044,98044,98044,98044,98044,98044,98044,98044,98044,98044,98044,98044,98044,98044,98044,98044,98044,98044,98044,98044,98044,98044,98044,98044,98044,98044,98044,98044,98044,98044,98044,98044,98044,98044,98044,98044,98044,98044,98044,98044,98044,98044,98044,98044,98044,98044,98044,98044,98044,98044,98044,98044,98044,98044,98044,98044,98044,98044,98044,98044,98044,98044,98044,98044,98044,98044,98044,98044,98044,98044,98044,98044,98044,98044,98044,98044,98044,98044,98044,98044,98044,98044,98044,98044,98044,98044,98044,98044,98044,98044,98044,98044,98044,98044,98044,98044,98044,98044,98044,98044,98044,98044,98044,98044,98044,98044,98044,98044,98044,98044,98044,98044,98044,98044,98044,98044,98044,98044,98044,98044,98044,98044,98044,98044,98044,98044,98044,98044,98044,98044,98044,98044,98044,98044,98044,98044,98044,98044,98044,98044,98044,98044,98044,98044,98044,98044,98044,98044,98044,98044,98044,98044,98044,98044,98044,98044,98044,98044,98044,98044,98044,98044,98044,98044,98044,98044,98044,98044,98044,98044,98044,98044,98044,98044,98044,98044,98044,98044,98044,98044,98044,98044,98044,98044,98044,98044,98044,98044,98044,98044,98044,98044,98044,98044,98044,98044,98044,98044,98044,98044,98044,98044,98044,98044,98044,98044,98044,98044,98044,98044,98044,98044,98044,98044,98044,98044,98044,98044,98044,98044,98044,98044,98044,98044,98044,98044,98044,98044,98044,98044,98044,98044,98044,98044,98044,98044,98044,98044,98044,98044,98044,98044,98044,98044,98044,98044,98044,98044,98044,98044,98044,98044,98044,98044,98044,98044,98044,98044,98044,98044,98044,98044,98044,98044,98044,98044,98044,98044,98044,98044,98044,98044,98044,98044,98044,98044,98044,98044,98044,98044,98044,98044,98044,98044,98044,98044,98044,98044,98044,98044
